i   AlignChn ScoredChain  AlignResNum  AlignResType  AlignRespLDDT      n0chn  n0dom  n0res    d0chn     d0dom     d0res   ipTM_pae  ipSAE_d0chn ipSAE_d0dom    ipSAE 
1       A         B            1           SER           81.55            90     90      3     3.429     3.429     1.001     0.0812      0.1197      0.1197      0.0115
2       A         B            2           MET           87.39            90     90     36     3.429     3.429     1.621     0.2030      0.2030      0.2030      0.0547
3       A         B            3           GLU           90.70            90     90     36     3.429     3.429     1.621     0.2513      0.2513      0.2513      0.0712
4       A         B            4           GLU           90.38            90     90     36     3.429     3.429     1.621     0.3119      0.3119      0.3119      0.0942
5       A         B            5           LYS           86.29            90     90     36     3.429     3.429     1.621     0.3026      0.3026      0.3026      0.0896
6       A         B            6           LEU           89.39            90     90     36     3.429     3.429     1.621     0.3203      0.3203      0.3203      0.0968
7       A         B            7           LYS           92.09            90     90     36     3.429     3.429     1.621     0.3410      0.3410      0.3410      0.1057
8       A         B            8           LYS           88.90            90     90     36     3.429     3.429     1.621     0.3577      0.3577      0.3577      0.1131
9       A         B            9           LEU           88.28            90     90     36     3.429     3.429     1.621     0.3392      0.3392      0.3392      0.1041
10      A         B           10           ARG           88.50            90     90     36     3.429     3.429     1.621     0.3444      0.3444      0.3444      0.1065
11      A         B           11           GLU           91.33            90     90     36     3.429     3.429     1.621     0.3813      0.3813      0.3813      0.1243
12      A         B           12           PHE           87.59            90     90     36     3.429     3.429     1.621     0.3759      0.3759      0.3759      0.1205
13      A         B           13           ALA           86.95            90     90     36     3.429     3.429     1.621     0.3760      0.3760      0.3760      0.1214
14      A         B           14           GLU           89.10            90     90     36     3.429     3.429     1.621     0.3567      0.3567      0.3567      0.1129
15      A         B           15           GLU           88.63            90     90     36     3.429     3.429     1.621     0.3681      0.3681      0.3681      0.1169
16      A         B           16           ILE           86.30            90     90     36     3.429     3.429     1.621     0.4022      0.4022      0.4022      0.1356
17      A         B           17           PHE           87.40            90     90     36     3.429     3.429     1.621     0.3924      0.3924      0.3924      0.1294
18      A         B           18           THR           90.64            90     90     36     3.429     3.429     1.621     0.3772      0.3772      0.3772      0.1224
19      A         B           19           GLU           89.32            90     90     36     3.429     3.429     1.621     0.3797      0.3797      0.3797      0.1235
20      A         B           20           ALA           90.31            90     90     36     3.429     3.429     1.621     0.3818      0.3818      0.3818      0.1233
21      A         B           21           LEU           89.44            90     90     36     3.429     3.429     1.621     0.3679      0.3679      0.3679      0.1174
22      A         B           22           LYS           90.78            90     90     36     3.429     3.429     1.621     0.3309      0.3309      0.3309      0.1018
23      A         B           23           ASP           86.94            90     90     36     3.429     3.429     1.621     0.3418      0.3418      0.3418      0.1051
24      A         B           24           PRO           89.05            90     90     36     3.429     3.429     1.621     0.3738      0.3738      0.3738      0.1191
25      A         B           25           GLU           82.99            90     90     36     3.429     3.429     1.621     0.3732      0.3732      0.3732      0.1189
26      A         B           26           LYS           86.43            90     90     36     3.429     3.429     1.621     0.3941      0.3941      0.3941      0.1293
27      A         B           27           PHE           89.47            90     90     36     3.429     3.429     1.621     0.4205      0.4205      0.4205      0.1419
28      A         B           28           LYS           86.44            90     90     36     3.429     3.429     1.621     0.4077      0.4077      0.4077      0.1352
29      A         B           29           GLU           85.90            90     90     36     3.429     3.429     1.621     0.4402      0.4402      0.4402      0.1518
30      A         B           30           VAL           87.82            90     90     36     3.429     3.429     1.621     0.4511      0.4511      0.4511      0.1572
31      A         B           31           SER           88.45            90     90     36     3.429     3.429     1.621     0.4146      0.4146      0.4146      0.1396
32      A         B           32           TRP           87.28            90     90     36     3.429     3.429     1.621     0.4104      0.4104      0.4104      0.1363
33      A         B           33           MET           87.29            90     90     36     3.429     3.429     1.621     0.4064      0.4064      0.4064      0.1349
34      A         B           34           LEU           89.45            90     90     36     3.429     3.429     1.621     0.4419      0.4419      0.4419      0.1527
35      A         B           35           ASN           88.28            90     90     36     3.429     3.429     1.621     0.3802      0.3802      0.3802      0.1221
36      A         B           36           THR           89.34            90     90     36     3.429     3.429     1.621     0.3888      0.3888      0.3888      0.1258
37      A         B           37           GLU           88.88            90     90     36     3.429     3.429     1.621     0.3864      0.3864      0.3864      0.1250
38      A         B           38           GLU           85.39            90     90     36     3.429     3.429     1.621     0.3768      0.3768      0.3768      0.1210
39      A         B           39           GLY           88.46            90     90     36     3.429     3.429     1.621     0.3772      0.3772      0.3772      0.1205
40      A         B           40           LYS           89.55            90     90     36     3.429     3.429     1.621     0.4282      0.4282      0.4282      0.1456
41      A         B           41           LYS           89.42            90     90     36     3.429     3.429     1.621     0.4023      0.4023      0.4023      0.1328
42      A         B           42           LYS           86.95            90     90     36     3.429     3.429     1.621     0.4090      0.4090      0.4090      0.1354
43      A         B           43           LEU           87.52            90     90     36     3.429     3.429     1.621     0.4384      0.4384      0.4384      0.1512
44      A         B           44           LEU           88.01            90     90     36     3.429     3.429     1.621     0.4280      0.4280      0.4280      0.1457
45      A         B           45           GLU           87.97            90     90     36     3.429     3.429     1.621     0.4054      0.4054      0.4054      0.1344
46      A         B           46           ILE           86.87            90     90     36     3.429     3.429     1.621     0.4354      0.4354      0.4354      0.1502
47      A         B           47           VAL           86.30            90     90     36     3.429     3.429     1.621     0.4059      0.4059      0.4059      0.1347
48      A         B           48           GLU           87.98            90     90     36     3.429     3.429     1.621     0.3948      0.3948      0.3948      0.1296
49      A         B           49           LYS           86.84            90     90     36     3.429     3.429     1.621     0.3762      0.3762      0.3762      0.1209
50      A         B           50           LYS           83.93            90     90     36     3.429     3.429     1.621     0.3667      0.3667      0.3667      0.1160
51      A         B           51           ILE           85.73            90     90     36     3.429     3.429     1.621     0.3538      0.3538      0.3538      0.1104
52      A         B           52           LYS           86.93            90     90     36     3.429     3.429     1.621     0.3119      0.3119      0.3119      0.0935
53      A         B           53           GLU           83.05            90     90     36     3.429     3.429     1.621     0.2494      0.2494      0.2494      0.0701
54      A         B           54           SER           72.99            90     90     21     3.429     3.429     1.001     0.1225      0.1441      0.1441      0.0142
55      B         A            1           CYS           92.33            90     90     54     3.429     3.429     2.405     0.2739      0.2739      0.2739      0.1580
56      B         A            2           SER           90.87            90     90     54     3.429     3.429     2.405     0.2981      0.2981      0.2981      0.1745
57      B         A            3           GLN           89.73            90     90     54     3.429     3.429     2.405     0.2324      0.2324      0.2324      0.1308
58      B         A            4           ASN           91.39            90     90     54     3.429     3.429     2.405     0.3484      0.3484      0.3484      0.2119
59      B         A            5           GLU           93.86            90     90     54     3.429     3.429     2.405     0.4314      0.4314      0.4314      0.2773
60      B         A            6           TYR           91.64            90     90     54     3.429     3.429     2.405     0.4603      0.4603      0.4603      0.3025
61      B         A            7           PHE           92.50            90     90     54     3.429     3.429     2.405     0.4785      0.4785      0.4785      0.3183
62      B         A            8           ASP           86.73            90     90     54     3.429     3.429     2.405     0.4566      0.4566      0.4566      0.3004
63      B         A            9           SER           86.15            90     90     54     3.429     3.429     2.405     0.4300      0.4300      0.4300      0.2781
64      B         A           10           LEU           82.81            90     90     54     3.429     3.429     2.405     0.4424      0.4424      0.4424      0.2897
65      B         A           11           LEU           85.35            90     90     54     3.429     3.429     2.405     0.4850      0.4850      0.4850      0.3259
66      B         A           12           HIS           84.97            90     90     54     3.429     3.429     2.405     0.4631      0.4631      0.4631      0.3056
67      B         A           13           ALA           87.39            90     90     54     3.429     3.429     2.405     0.4361      0.4361      0.4361      0.2814
68      B         A           14           CYS           92.48            90     90     54     3.429     3.429     2.405     0.4705      0.4705      0.4705      0.3106
69      B         A           15           ILE           88.81            90     90     54     3.429     3.429     2.405     0.4610      0.4610      0.4610      0.3015
70      B         A           16           PRO           91.25            90     90     54     3.429     3.429     2.405     0.4580      0.4580      0.4580      0.2994
71      B         A           17           CYS           94.33            90     90     54     3.429     3.429     2.405     0.4401      0.4401      0.4401      0.2850
72      B         A           18           GLN           90.70            90     90     54     3.429     3.429     2.405     0.3917      0.3917      0.3917      0.2452
73      B         A           19           LEU           86.45            90     90     54     3.429     3.429     2.405     0.4298      0.4298      0.4298      0.2765
74      B         A           20           ARG           88.37            90     90     54     3.429     3.429     2.405     0.4049      0.4049      0.4049      0.2567
75      B         A           21           CYS           91.35            90     90     54     3.429     3.429     2.405     0.3739      0.3739      0.3739      0.2325
76      B         A           22           SER           82.36            90     90     54     3.429     3.429     2.405     0.2734      0.2734      0.2734      0.1596
77      B         A           23           SER           81.22            90     90     54     3.429     3.429     2.405     0.2930      0.2930      0.2930      0.1732
78      B         A           24           ASN           79.53            90     90     54     3.429     3.429     2.405     0.2629      0.2629      0.2629      0.1526
79      B         A           25           THR           80.14            90     90     54     3.429     3.429     2.405     0.2657      0.2657      0.2657      0.1545
80      B         A           26           PRO           87.69            90     90     54     3.429     3.429     2.405     0.3305      0.3305      0.3305      0.2003
81      B         A           27           PRO           86.20            90     90     54     3.429     3.429     2.405     0.3858      0.3858      0.3858      0.2420
82      B         A           28           LEU           86.40            90     90     54     3.429     3.429     2.405     0.3580      0.3580      0.3580      0.2191
83      B         A           29           THR           88.41            90     90     54     3.429     3.429     2.405     0.3520      0.3520      0.3520      0.2148
84      B         A           30           CYS           92.89            90     90     54     3.429     3.429     2.405     0.3861      0.3861      0.3861      0.2407
85      B         A           31           GLN           92.06            90     90     54     3.429     3.429     2.405     0.3563      0.3563      0.3563      0.2176
86      B         A           32           ARG           90.68            90     90     54     3.429     3.429     2.405     0.3130      0.3130      0.3130      0.1860
87      B         A           33           TYR           93.38            90     90     54     3.429     3.429     2.405     0.3843      0.3843      0.3843      0.2390
88      B         A           34           CYS           93.25            90     90     54     3.429     3.429     2.405     0.3435      0.3435      0.3435      0.2084
89      B         A           35           ASN           88.90            90     90     54     3.429     3.429     2.405     0.2377      0.2377      0.2377      0.1345
90      B         A           36           ALA           78.29            90     90     17     3.429     3.429     1.001     0.0867      0.1279      0.1279      0.0124
