i   AlignChn ScoredChain  AlignResNum  AlignResType  AlignRespLDDT      n0chn  n0dom  n0res    d0chn     d0dom     d0res   ipTM_pae  ipSAE_d0chn ipSAE_d0dom    ipSAE 
1       A         B            1           SER           82.44            90     89      0     3.429     3.406     1.001     0.0574      0.0000      0.0000      0.0000
2       A         B            2           MET           87.78            90     89     19     3.429     3.406     1.001     0.1148      0.1351      0.1335      0.0132
3       A         B            3           GLU           91.41            90     89     30     3.429     3.406     1.258     0.1343      0.1412      0.1395      0.0219
4       A         B            4           GLU           90.38            90     89     36     3.429     3.406     1.621     0.1643      0.1643      0.1625      0.0425
5       A         B            5           LYS           86.58            90     89     36     3.429     3.406     1.621     0.1658      0.1658      0.1639      0.0429
6       A         B            6           LEU           90.23            90     89     36     3.429     3.406     1.621     0.1693      0.1693      0.1674      0.0439
7       A         B            7           LYS           92.83            90     89     36     3.429     3.406     1.621     0.1819      0.1819      0.1799      0.0478
8       A         B            8           LYS           89.49            90     89     36     3.429     3.406     1.621     0.1908      0.1908      0.1887      0.0506
9       A         B            9           LEU           88.66            90     89     36     3.429     3.406     1.621     0.1882      0.1882      0.1862      0.0496
10      A         B           10           ARG           89.88            90     89     36     3.429     3.406     1.621     0.1910      0.1910      0.1889      0.0505
11      A         B           11           GLU           91.92            90     89     36     3.429     3.406     1.621     0.2064      0.2064      0.2042      0.0555
12      A         B           12           PHE           88.44            90     89     36     3.429     3.406     1.621     0.2013      0.2013      0.1991      0.0537
13      A         B           13           ALA           87.51            90     89     36     3.429     3.406     1.621     0.2114      0.2114      0.2091      0.0571
14      A         B           14           GLU           90.78            90     89     36     3.429     3.406     1.621     0.1948      0.1948      0.1927      0.0518
15      A         B           15           GLU           88.86            90     89     36     3.429     3.406     1.621     0.2000      0.2000      0.1978      0.0532
16      A         B           16           ILE           86.31            90     89     36     3.429     3.406     1.621     0.2225      0.2225      0.2201      0.0610
17      A         B           17           PHE           88.32            90     89     36     3.429     3.406     1.621     0.2217      0.2217      0.2193      0.0606
18      A         B           18           THR           91.34            90     89     36     3.429     3.406     1.621     0.2092      0.2092      0.2069      0.0563
19      A         B           19           GLU           89.38            90     89     36     3.429     3.406     1.621     0.2158      0.2158      0.2135      0.0585
20      A         B           20           ALA           90.36            90     89     36     3.429     3.406     1.621     0.2163      0.2163      0.2140      0.0585
21      A         B           21           LEU           90.54            90     89     36     3.429     3.406     1.621     0.2181      0.2181      0.2158      0.0594
22      A         B           22           LYS           91.24            90     89     36     3.429     3.406     1.621     0.1955      0.1955      0.1934      0.0520
23      A         B           23           ASP           87.29            90     89     36     3.429     3.406     1.621     0.1957      0.1957      0.1936      0.0517
24      A         B           24           PRO           88.20            90     89     36     3.429     3.406     1.621     0.2156      0.2156      0.2133      0.0582
25      A         B           25           GLU           82.37            90     89     36     3.429     3.406     1.621     0.2117      0.2117      0.2095      0.0569
26      A         B           26           LYS           85.87            90     89     36     3.429     3.406     1.621     0.2253      0.2253      0.2229      0.0614
27      A         B           27           PHE           89.26            90     89     36     3.429     3.406     1.621     0.2566      0.2566      0.2540      0.0723
28      A         B           28           LYS           85.42            90     89     36     3.429     3.406     1.621     0.2466      0.2466      0.2441      0.0686
29      A         B           29           GLU           85.87            90     89     36     3.429     3.406     1.621     0.2631      0.2631      0.2605      0.0744
30      A         B           30           VAL           87.52            90     89     36     3.429     3.406     1.621     0.2636      0.2636      0.2609      0.0746
31      A         B           31           SER           88.02            90     89     36     3.429     3.406     1.621     0.2590      0.2590      0.2564      0.0733
32      A         B           32           TRP           86.33            90     89     36     3.429     3.406     1.621     0.2469      0.2469      0.2444      0.0687
33      A         B           33           MET           87.99            90     89     36     3.429     3.406     1.621     0.2490      0.2490      0.2465      0.0695
34      A         B           34           LEU           89.65            90     89     36     3.429     3.406     1.621     0.2870      0.2870      0.2842      0.0834
35      A         B           35           ASN           88.22            90     89     36     3.429     3.406     1.621     0.2375      0.2375      0.2351      0.0657
36      A         B           36           THR           89.48            90     89     36     3.429     3.406     1.621     0.2445      0.2445      0.2420      0.0679
37      A         B           37           GLU           90.33            90     89     36     3.429     3.406     1.621     0.2582      0.2582      0.2556      0.0730
38      A         B           38           GLU           85.94            90     89     36     3.429     3.406     1.621     0.2391      0.2391      0.2366      0.0661
39      A         B           39           GLY           89.92            90     89     36     3.429     3.406     1.621     0.2398      0.2398      0.2373      0.0663
40      A         B           40           LYS           90.84            90     89     36     3.429     3.406     1.621     0.2749      0.2749      0.2723      0.0791
41      A         B           41           LYS           90.84            90     89     36     3.429     3.406     1.621     0.2640      0.2640      0.2614      0.0750
42      A         B           42           LYS           88.95            90     89     36     3.429     3.406     1.621     0.2463      0.2463      0.2438      0.0684
43      A         B           43           LEU           88.13            90     89     36     3.429     3.406     1.621     0.2889      0.2889      0.2861      0.0840
44      A         B           44           LEU           88.74            90     89     36     3.429     3.406     1.621     0.2807      0.2807      0.2779      0.0809
45      A         B           45           GLU           89.58            90     89     36     3.429     3.406     1.621     0.2539      0.2539      0.2514      0.0713
46      A         B           46           ILE           87.26            90     89     36     3.429     3.406     1.621     0.2696      0.2696      0.2670      0.0769
47      A         B           47           VAL           86.80            90     89     36     3.429     3.406     1.621     0.2645      0.2645      0.2619      0.0750
48      A         B           48           GLU           88.70            90     89     36     3.429     3.406     1.621     0.2619      0.2619      0.2593      0.0743
49      A         B           49           LYS           87.52            90     89     36     3.429     3.406     1.621     0.2360      0.2360      0.2336      0.0651
50      A         B           50           LYS           84.02            90     89     36     3.429     3.406     1.621     0.2356      0.2356      0.2332      0.0649
51      A         B           51           ILE           86.15            90     89     36     3.429     3.406     1.621     0.2323      0.2323      0.2299      0.0638
52      A         B           52           LYS           87.43            90     89     36     3.429     3.406     1.621     0.2091      0.2091      0.2068      0.0562
53      A         B           53           GLU           84.74            90     89     36     3.429     3.406     1.621     0.1670      0.1670      0.1651      0.0432
54      A         B           54           SER           73.79            90     89      4     3.429     3.406     1.001     0.0790      0.1190      0.1175      0.0114
55      B         A            1           CYS           93.52            90     89     49     3.429     3.406     2.217     0.1855      0.1954      0.1933      0.0928
56      B         A            2           SER           91.20            90     89     50     3.429     3.406     2.256     0.1830      0.1905      0.1884      0.0931
57      B         A            3           GLN           90.92            90     89     44     3.429     3.406     2.010     0.1527      0.1680      0.1661      0.0653
58      B         A            4           ASN           92.02            90     89     53     3.429     3.406     2.369     0.2392      0.2419      0.2394      0.1344
59      B         A            5           GLU           94.30            90     89     54     3.429     3.406     2.405     0.2813      0.2813      0.2787      0.1642
60      B         A            6           TYR           92.94            90     89     54     3.429     3.406     2.405     0.3023      0.3023      0.2996      0.1793
61      B         A            7           PHE           93.24            90     89     54     3.429     3.406     2.405     0.3076      0.3076      0.3049      0.1833
62      B         A            8           ASP           88.32            90     89     53     3.429     3.406     2.369     0.2938      0.2974      0.2947      0.1717
63      B         A            9           SER           86.57            90     89     53     3.429     3.406     2.369     0.2672      0.2703      0.2677      0.1532
64      B         A           10           LEU           82.54            90     89     54     3.429     3.406     2.405     0.2788      0.2788      0.2762      0.1636
65      B         A           11           LEU           85.91            90     89     54     3.429     3.406     2.405     0.3136      0.3136      0.3108      0.1875
66      B         A           12           HIS           85.34            90     89     54     3.429     3.406     2.405     0.2903      0.2903      0.2876      0.1710
67      B         A           13           ALA           89.00            90     89     54     3.429     3.406     2.405     0.2771      0.2771      0.2745      0.1612
68      B         A           14           CYS           93.39            90     89     54     3.429     3.406     2.405     0.3043      0.3043      0.3015      0.1803
69      B         A           15           ILE           91.36            90     89     54     3.429     3.406     2.405     0.2866      0.2866      0.2839      0.1678
70      B         A           16           PRO           91.65            90     89     54     3.429     3.406     2.405     0.2781      0.2781      0.2755      0.1619
71      B         A           17           CYS           94.53            90     89     54     3.429     3.406     2.405     0.2847      0.2847      0.2820      0.1672
72      B         A           18           GLN           90.44            90     89     54     3.429     3.406     2.405     0.2473      0.2473      0.2449      0.1418
73      B         A           19           LEU           89.52            90     89     53     3.429     3.406     2.369     0.2781      0.2814      0.2787      0.1600
74      B         A           20           ARG           90.16            90     89     53     3.429     3.406     2.369     0.2607      0.2637      0.2611      0.1485
75      B         A           21           CYS           90.64            90     89     53     3.429     3.406     2.369     0.2311      0.2337      0.2313      0.1290
76      B         A           22           SER           81.24            90     89     44     3.429     3.406     2.010     0.1690      0.1870      0.1850      0.0741
77      B         A           23           SER           81.99            90     89     45     3.429     3.406     2.053     0.1747      0.1919      0.1898      0.0793
78      B         A           24           ASN           80.18            90     89     39     3.429     3.406     1.777     0.1482      0.1723      0.1704      0.0534
79      B         A           25           THR           83.68            90     89     43     3.429     3.406     1.965     0.1630      0.1823      0.1803      0.0689
80      B         A           26           PRO           89.84            90     89     51     3.429     3.406     2.294     0.2103      0.2171      0.2148      0.1118
81      B         A           27           PRO           88.98            90     89     52     3.429     3.406     2.332     0.2468      0.2525      0.2500      0.1373
82      B         A           28           LEU           90.84            90     89     53     3.429     3.406     2.369     0.2341      0.2367      0.2343      0.1306
83      B         A           29           THR           90.21            90     89     53     3.429     3.406     2.369     0.2287      0.2313      0.2289      0.1271
84      B         A           30           CYS           94.17            90     89     53     3.429     3.406     2.369     0.2550      0.2580      0.2555      0.1445
85      B         A           31           GLN           93.75            90     89     53     3.429     3.406     2.369     0.2342      0.2367      0.2343      0.1306
86      B         A           32           ARG           91.56            90     89     50     3.429     3.406     2.256     0.2026      0.2112      0.2090      0.1049
87      B         A           33           TYR           94.04            90     89     53     3.429     3.406     2.369     0.2478      0.2506      0.2481      0.1396
88      B         A           34           CYS           93.74            90     89     52     3.429     3.406     2.332     0.2177      0.2223      0.2200      0.1183
89      B         A           35           ASN           88.95            90     89     44     3.429     3.406     2.010     0.1529      0.1681      0.1662      0.0654
90      B         A           36           ALA           78.86            90     89      0     3.429     3.406     1.001     0.0555      0.0000      0.0000      0.0000
