i   AlignChn ScoredChain  AlignResNum  AlignResType  AlignRespLDDT      n0chn  n0dom  n0res    d0chn     d0dom     d0res   ipTM_pae  ipSAE_d0chn ipSAE_d0dom    ipSAE 
1       A         B            1           SER           76.13            90     89      0     3.429     3.406     1.001     0.0563      0.0000      0.0000      0.0000
2       A         B            2           MET           80.94            90     89     24     3.429     3.406     1.001     0.1200      0.1323      0.1308      0.0129
3       A         B            3           GLU           83.44            90     89     34     3.429     3.406     1.509     0.1395      0.1418      0.1402      0.0312
4       A         B            4           GLU           82.73            90     89     36     3.429     3.406     1.621     0.1701      0.1701      0.1682      0.0442
5       A         B            5           LYS           77.80            90     89     36     3.429     3.406     1.621     0.1695      0.1695      0.1676      0.0439
6       A         B            6           LEU           79.86            90     89     36     3.429     3.406     1.621     0.1766      0.1766      0.1747      0.0460
7       A         B            7           LYS           84.32            90     89     36     3.429     3.406     1.621     0.1861      0.1861      0.1841      0.0490
8       A         B            8           LYS           81.26            90     89     36     3.429     3.406     1.621     0.1927      0.1927      0.1906      0.0510
9       A         B            9           LEU           78.70            90     89     36     3.429     3.406     1.621     0.1982      0.1982      0.1961      0.0527
10      A         B           10           ARG           78.79            90     89     36     3.429     3.406     1.621     0.1890      0.1890      0.1870      0.0498
11      A         B           11           GLU           82.83            90     89     36     3.429     3.406     1.621     0.2091      0.2091      0.2069      0.0564
12      A         B           12           PHE           77.64            90     89     36     3.429     3.406     1.621     0.2093      0.2093      0.2070      0.0562
13      A         B           13           ALA           77.43            90     89     36     3.429     3.406     1.621     0.2082      0.2082      0.2060      0.0559
14      A         B           14           GLU           79.16            90     89     36     3.429     3.406     1.621     0.1963      0.1963      0.1942      0.0522
15      A         B           15           GLU           79.58            90     89     36     3.429     3.406     1.621     0.2089      0.2089      0.2066      0.0562
16      A         B           16           ILE           75.24            90     89     36     3.429     3.406     1.621     0.2165      0.2165      0.2142      0.0587
17      A         B           17           PHE           77.46            90     89     36     3.429     3.406     1.621     0.2119      0.2119      0.2097      0.0571
18      A         B           18           THR           82.05            90     89     36     3.429     3.406     1.621     0.2079      0.2079      0.2057      0.0560
19      A         B           19           GLU           78.69            90     89     36     3.429     3.406     1.621     0.2179      0.2179      0.2156      0.0593
20      A         B           20           ALA           80.04            90     89     36     3.429     3.406     1.621     0.2086      0.2086      0.2064      0.0561
21      A         B           21           LEU           80.27            90     89     36     3.429     3.406     1.621     0.2020      0.2020      0.1999      0.0541
22      A         B           22           LYS           83.27            90     89     36     3.429     3.406     1.621     0.1879      0.1879      0.1858      0.0496
23      A         B           23           ASP           79.08            90     89     36     3.429     3.406     1.621     0.1951      0.1951      0.1930      0.0516
24      A         B           24           PRO           82.52            90     89     36     3.429     3.406     1.621     0.2190      0.2190      0.2167      0.0594
25      A         B           25           GLU           76.49            90     89     36     3.429     3.406     1.621     0.2032      0.2032      0.2010      0.0542
26      A         B           26           LYS           78.40            90     89     36     3.429     3.406     1.621     0.2076      0.2076      0.2054      0.0555
27      A         B           27           PHE           81.81            90     89     36     3.429     3.406     1.621     0.2393      0.2393      0.2368      0.0662
28      A         B           28           LYS           80.77            90     89     36     3.429     3.406     1.621     0.2245      0.2245      0.2221      0.0612
29      A         B           29           GLU           78.81            90     89     36     3.429     3.406     1.621     0.2264      0.2264      0.2241      0.0617
30      A         B           30           VAL           78.74            90     89     36     3.429     3.406     1.621     0.2314      0.2314      0.2290      0.0634
31      A         B           31           SER           80.98            90     89     36     3.429     3.406     1.621     0.2390      0.2390      0.2365      0.0662
32      A         B           32           TRP           81.40            90     89     36     3.429     3.406     1.621     0.2095      0.2095      0.2073      0.0562
33      A         B           33           MET           77.58            90     89     36     3.429     3.406     1.621     0.2117      0.2117      0.2094      0.0570
34      A         B           34           LEU           81.02            90     89     36     3.429     3.406     1.621     0.2571      0.2571      0.2545      0.0724
35      A         B           35           ASN           80.97            90     89     36     3.429     3.406     1.621     0.2210      0.2210      0.2187      0.0600
36      A         B           36           THR           83.24            90     89     36     3.429     3.406     1.621     0.2328      0.2328      0.2304      0.0639
37      A         B           37           GLU           81.83            90     89     36     3.429     3.406     1.621     0.2361      0.2361      0.2337      0.0653
38      A         B           38           GLU           79.08            90     89     36     3.429     3.406     1.621     0.2184      0.2184      0.2161      0.0594
39      A         B           39           GLY           81.04            90     89     36     3.429     3.406     1.621     0.2185      0.2185      0.2162      0.0592
40      A         B           40           LYS           81.51            90     89     36     3.429     3.406     1.621     0.2524      0.2524      0.2499      0.0709
41      A         B           41           LYS           82.34            90     89     36     3.429     3.406     1.621     0.2278      0.2278      0.2254      0.0623
42      A         B           42           LYS           78.26            90     89     36     3.429     3.406     1.621     0.2217      0.2217      0.2194      0.0601
43      A         B           43           LEU           77.23            90     89     36     3.429     3.406     1.621     0.2463      0.2463      0.2438      0.0685
44      A         B           44           LEU           78.94            90     89     36     3.429     3.406     1.621     0.2470      0.2470      0.2445      0.0688
45      A         B           45           GLU           79.80            90     89     36     3.429     3.406     1.621     0.2303      0.2303      0.2279      0.0632
46      A         B           46           ILE           74.61            90     89     36     3.429     3.406     1.621     0.2407      0.2407      0.2382      0.0667
47      A         B           47           VAL           76.43            90     89     36     3.429     3.406     1.621     0.2310      0.2310      0.2286      0.0634
48      A         B           48           GLU           79.41            90     89     36     3.429     3.406     1.621     0.2237      0.2237      0.2213      0.0610
49      A         B           49           LYS           77.99            90     89     36     3.429     3.406     1.621     0.2169      0.2169      0.2146      0.0588
50      A         B           50           LYS           73.66            90     89     36     3.429     3.406     1.621     0.2093      0.2093      0.2070      0.0562
51      A         B           51           ILE           76.26            90     89     36     3.429     3.406     1.621     0.2035      0.2035      0.2013      0.0543
52      A         B           52           LYS           80.30            90     89     36     3.429     3.406     1.621     0.1828      0.1828      0.1808      0.0479
53      A         B           53           GLU           76.61            90     89     36     3.429     3.406     1.621     0.1512      0.1512      0.1494      0.0385
54      A         B           54           SER           64.45            90     89      1     3.429     3.406     1.001     0.0755      0.1155      0.1141      0.0110
55      B         A            1           CYS           87.84            90     90     43     3.429     3.429     1.965     0.1701      0.1907      0.1907      0.0724
56      B         A            2           SER           90.38            90     90     50     3.429     3.429     2.256     0.1874      0.1950      0.1950      0.0956
57      B         A            3           GLN           88.88            90     90     43     3.429     3.429     1.965     0.1574      0.1751      0.1751      0.0656
58      B         A            4           ASN           90.51            90     90     53     3.429     3.429     2.369     0.2222      0.2246      0.2246      0.1230
59      B         A            5           GLU           91.66            90     90     53     3.429     3.429     2.369     0.2591      0.2620      0.2620      0.1472
60      B         A            6           TYR           88.46            90     90     53     3.429     3.429     2.369     0.2728      0.2760      0.2760      0.1569
61      B         A            7           PHE           86.80            90     90     53     3.429     3.429     2.369     0.2741      0.2774      0.2774      0.1578
62      B         A            8           ASP           78.92            90     90     53     3.429     3.429     2.369     0.2586      0.2618      0.2618      0.1474
63      B         A            9           SER           75.81            90     90     53     3.429     3.429     2.369     0.2459      0.2488      0.2488      0.1390
64      B         A           10           LEU           69.03            90     90     53     3.429     3.429     2.369     0.2600      0.2630      0.2630      0.1491
65      B         A           11           LEU           66.82            90     90     53     3.429     3.429     2.369     0.2867      0.2905      0.2905      0.1673
66      B         A           12           HIS           70.68            90     90     53     3.429     3.429     2.369     0.2528      0.2557      0.2557      0.1433
67      B         A           13           ALA           72.31            90     90     53     3.429     3.429     2.369     0.2524      0.2555      0.2555      0.1430
68      B         A           14           CYS           85.02            90     90     53     3.429     3.429     2.369     0.2684      0.2716      0.2716      0.1537
69      B         A           15           ILE           81.32            90     90     53     3.429     3.429     2.369     0.2776      0.2809      0.2809      0.1596
70      B         A           16           PRO           85.57            90     90     54     3.429     3.429     2.405     0.2760      0.2760      0.2760      0.1605
71      B         A           17           CYS           91.65            90     90     54     3.429     3.429     2.405     0.2748      0.2748      0.2748      0.1600
72      B         A           18           GLN           87.62            90     90     54     3.429     3.429     2.405     0.2537      0.2537      0.2537      0.1454
73      B         A           19           LEU           81.21            90     90     53     3.429     3.429     2.369     0.2763      0.2796      0.2796      0.1584
74      B         A           20           ARG           84.09            90     90     54     3.429     3.429     2.405     0.2557      0.2557      0.2557      0.1465
75      B         A           21           CYS           87.37            90     90     53     3.429     3.429     2.369     0.2267      0.2293      0.2293      0.1261
76      B         A           22           SER           74.40            90     90     47     3.429     3.429     2.137     0.1741      0.1872      0.1872      0.0828
77      B         A           23           SER           76.78            90     90     47     3.429     3.429     2.137     0.1913      0.2059      0.2059      0.0924
78      B         A           24           ASN           76.94            90     90     45     3.429     3.429     2.053     0.1630      0.1786      0.1786      0.0729
79      B         A           25           THR           79.15            90     90     46     3.429     3.429     2.095     0.1699      0.1845      0.1845      0.0786
80      B         A           26           PRO           85.53            90     90     49     3.429     3.429     2.217     0.2094      0.2208      0.2208      0.1073
81      B         A           27           PRO           84.37            90     90     53     3.429     3.429     2.369     0.2429      0.2458      0.2458      0.1368
82      B         A           28           LEU           88.62            90     90     53     3.429     3.429     2.369     0.2325      0.2350      0.2350      0.1295
83      B         A           29           THR           88.83            90     90     53     3.429     3.429     2.369     0.2300      0.2325      0.2325      0.1279
84      B         A           30           CYS           91.91            90     90     53     3.429     3.429     2.369     0.2504      0.2535      0.2535      0.1416
85      B         A           31           GLN           92.16            90     90     53     3.429     3.429     2.369     0.2342      0.2367      0.2367      0.1305
86      B         A           32           ARG           90.65            90     90     52     3.429     3.429     2.332     0.2097      0.2142      0.2142      0.1132
87      B         A           33           TYR           93.11            90     90     53     3.429     3.429     2.369     0.2524      0.2553      0.2553      0.1426
88      B         A           34           CYS           91.64            90     90     53     3.429     3.429     2.369     0.2242      0.2268      0.2268      0.1244
89      B         A           35           ASN           87.42            90     90     44     3.429     3.429     2.010     0.1552      0.1707      0.1707      0.0665
90      B         A           36           ALA           76.57            90     90      5     3.429     3.429     1.001     0.0688      0.1115      0.1115      0.0106
