i   AlignChn ScoredChain  AlignResNum  AlignResType  AlignRespLDDT      n0chn  n0dom  n0res    d0chn     d0dom     d0res   ipTM_pae  ipSAE_d0chn ipSAE_d0dom    ipSAE 
1       A         B            1           SER           79.28            90     89      0     3.429     3.406     1.001     0.0610      0.0000      0.0000      0.0000
2       A         B            2           MET           85.26            90     89     36     3.429     3.406     1.621     0.1876      0.1876      0.1856      0.0497
3       A         B            3           GLU           89.06            90     89     36     3.429     3.406     1.621     0.2276      0.2276      0.2252      0.0628
4       A         B            4           GLU           88.74            90     89     36     3.429     3.406     1.621     0.2968      0.2968      0.2940      0.0881
5       A         B            5           LYS           83.83            90     89     36     3.429     3.406     1.621     0.2960      0.2960      0.2932      0.0871
6       A         B            6           LEU           86.36            90     89     36     3.429     3.406     1.621     0.3081      0.3081      0.3052      0.0917
7       A         B            7           LYS           90.41            90     89     36     3.429     3.406     1.621     0.3275      0.3275      0.3246      0.0998
8       A         B            8           LYS           86.71            90     89     36     3.429     3.406     1.621     0.3487      0.3487      0.3456      0.1092
9       A         B            9           LEU           85.09            90     89     36     3.429     3.406     1.621     0.3458      0.3458      0.3427      0.1069
10      A         B           10           ARG           85.81            90     89     36     3.429     3.406     1.621     0.3418      0.3418      0.3387      0.1053
11      A         B           11           GLU           89.17            90     89     36     3.429     3.406     1.621     0.3797      0.3797      0.3766      0.1236
12      A         B           12           PHE           84.19            90     89     36     3.429     3.406     1.621     0.3877      0.3877      0.3845      0.1262
13      A         B           13           ALA           83.76            90     89     36     3.429     3.406     1.621     0.3797      0.3797      0.3766      0.1230
14      A         B           14           GLU           86.38            90     89     36     3.429     3.406     1.621     0.3616      0.3616      0.3585      0.1148
15      A         B           15           GLU           85.87            90     89     36     3.429     3.406     1.621     0.3785      0.3785      0.3754      0.1221
16      A         B           16           ILE           81.67            90     89     36     3.429     3.406     1.621     0.4195      0.4195      0.4163      0.1437
17      A         B           17           PHE           83.84            90     89     36     3.429     3.406     1.621     0.4028      0.4028      0.3996      0.1346
18      A         B           18           THR           87.91            90     89     36     3.429     3.406     1.621     0.3842      0.3842      0.3811      0.1258
19      A         B           19           GLU           85.55            90     89     36     3.429     3.406     1.621     0.3922      0.3922      0.3890      0.1293
20      A         B           20           ALA           86.60            90     89     36     3.429     3.406     1.621     0.4002      0.4002      0.3970      0.1321
21      A         B           21           LEU           86.16            90     89     36     3.429     3.406     1.621     0.3869      0.3869      0.3838      0.1268
22      A         B           22           LYS           88.52            90     89     36     3.429     3.406     1.621     0.3446      0.3446      0.3416      0.1078
23      A         B           23           ASP           84.65            90     89     36     3.429     3.406     1.621     0.3524      0.3524      0.3493      0.1096
24      A         B           24           PRO           86.61            90     89     36     3.429     3.406     1.621     0.3886      0.3886      0.3854      0.1262
25      A         B           25           GLU           80.45            90     89     36     3.429     3.406     1.621     0.3757      0.3757      0.3725      0.1202
26      A         B           26           LYS           84.14            90     89     36     3.429     3.406     1.621     0.4021      0.4021      0.3988      0.1334
27      A         B           27           PHE           86.54            90     89     36     3.429     3.406     1.621     0.4499      0.4499      0.4466      0.1572
28      A         B           28           LYS           83.88            90     89     36     3.429     3.406     1.621     0.4124      0.4124      0.4092      0.1376
29      A         B           29           GLU           83.29            90     89     36     3.429     3.406     1.621     0.4487      0.4487      0.4454      0.1568
30      A         B           30           VAL           84.25            90     89     36     3.429     3.406     1.621     0.4569      0.4569      0.4535      0.1606
31      A         B           31           SER           85.04            90     89     36     3.429     3.406     1.621     0.4383      0.4383      0.4350      0.1519
32      A         B           32           TRP           84.80            90     89     36     3.429     3.406     1.621     0.4102      0.4102      0.4070      0.1365
33      A         B           33           MET           83.61            90     89     36     3.429     3.406     1.621     0.4140      0.4140      0.4108      0.1385
34      A         B           34           LEU           86.53            90     89     36     3.429     3.406     1.621     0.4658      0.4658      0.4625      0.1661
35      A         B           35           ASN           84.98            90     89     36     3.429     3.406     1.621     0.4067      0.4067      0.4035      0.1349
36      A         B           36           THR           86.91            90     89     36     3.429     3.406     1.621     0.4085      0.4085      0.4052      0.1355
37      A         B           37           GLU           86.31            90     89     36     3.429     3.406     1.621     0.4092      0.4092      0.4059      0.1364
38      A         B           38           GLU           83.70            90     89     36     3.429     3.406     1.621     0.3890      0.3890      0.3858      0.1270
39      A         B           39           GLY           86.26            90     89     36     3.429     3.406     1.621     0.3828      0.3828      0.3797      0.1232
40      A         B           40           LYS           86.71            90     89     36     3.429     3.406     1.621     0.4540      0.4540      0.4507      0.1596
41      A         B           41           LYS           87.17            90     89     36     3.429     3.406     1.621     0.3999      0.3999      0.3966      0.1311
42      A         B           42           LYS           84.36            90     89     36     3.429     3.406     1.621     0.4077      0.4077      0.4044      0.1347
43      A         B           43           LEU           83.47            90     89     36     3.429     3.406     1.621     0.4502      0.4502      0.4469      0.1571
44      A         B           44           LEU           84.69            90     89     36     3.429     3.406     1.621     0.4351      0.4351      0.4318      0.1492
45      A         B           45           GLU           85.24            90     89     36     3.429     3.406     1.621     0.4025      0.4025      0.3993      0.1332
46      A         B           46           ILE           81.86            90     89     36     3.429     3.406     1.621     0.4416      0.4416      0.4383      0.1530
47      A         B           47           VAL           83.12            90     89     36     3.429     3.406     1.621     0.4240      0.4240      0.4207      0.1434
48      A         B           48           GLU           85.47            90     89     36     3.429     3.406     1.621     0.4043      0.4043      0.4010      0.1342
49      A         B           49           LYS           83.72            90     89     36     3.429     3.406     1.621     0.3743      0.3743      0.3711      0.1199
50      A         B           50           LYS           80.18            90     89     36     3.429     3.406     1.621     0.3717      0.3717      0.3686      0.1182
51      A         B           51           ILE           82.20            90     89     36     3.429     3.406     1.621     0.3574      0.3574      0.3543      0.1118
52      A         B           52           LYS           85.98            90     89     36     3.429     3.406     1.621     0.3187      0.3187      0.3158      0.0959
53      A         B           53           GLU           82.44            90     89     36     3.429     3.406     1.621     0.2536      0.2536      0.2511      0.0715
54      A         B           54           SER           70.40            90     89     20     3.429     3.406     1.001     0.1168      0.1376      0.1360      0.0135
55      B         A            1           CYS           91.09            90     90     54     3.429     3.429     2.405     0.2689      0.2689      0.2689      0.1552
56      B         A            2           SER           90.60            90     90     54     3.429     3.429     2.405     0.2802      0.2802      0.2802      0.1624
57      B         A            3           GLN           89.98            90     90     52     3.429     3.429     2.332     0.2103      0.2146      0.2146      0.1133
58      B         A            4           ASN           91.37            90     90     54     3.429     3.429     2.405     0.3473      0.3473      0.3473      0.2121
59      B         A            5           GLU           93.26            90     90     54     3.429     3.429     2.405     0.4271      0.4271      0.4271      0.2750
60      B         A            6           TYR           91.17            90     90     54     3.429     3.429     2.405     0.4607      0.4607      0.4607      0.3051
61      B         A            7           PHE           90.80            90     90     54     3.429     3.429     2.405     0.4700      0.4700      0.4700      0.3133
62      B         A            8           ASP           84.26            90     90     54     3.429     3.429     2.405     0.4412      0.4412      0.4412      0.2883
63      B         A            9           SER           82.69            90     90     54     3.429     3.429     2.405     0.4180      0.4180      0.4180      0.2695
64      B         A           10           LEU           77.98            90     90     54     3.429     3.429     2.405     0.4471      0.4471      0.4471      0.2954
65      B         A           11           LEU           78.70            90     90     54     3.429     3.429     2.405     0.4857      0.4857      0.4857      0.3281
66      B         A           12           HIS           78.44            90     90     54     3.429     3.429     2.405     0.4536      0.4536      0.4536      0.2985
67      B         A           13           ALA           80.66            90     90     54     3.429     3.429     2.405     0.4494      0.4494      0.4494      0.2938
68      B         A           14           CYS           89.16            90     90     54     3.429     3.429     2.405     0.4693      0.4693      0.4693      0.3119
69      B         A           15           ILE           86.88            90     90     54     3.429     3.429     2.405     0.4645      0.4645      0.4645      0.3066
70      B         A           16           PRO           89.94            90     90     54     3.429     3.429     2.405     0.4509      0.4509      0.4509      0.2948
71      B         A           17           CYS           93.79            90     90     54     3.429     3.429     2.405     0.4354      0.4354      0.4354      0.2830
72      B         A           18           GLN           89.89            90     90     54     3.429     3.429     2.405     0.3930      0.3930      0.3930      0.2473
73      B         A           19           LEU           86.28            90     90     54     3.429     3.429     2.405     0.4356      0.4356      0.4356      0.2822
74      B         A           20           ARG           88.57            90     90     54     3.429     3.429     2.405     0.4087      0.4087      0.4087      0.2602
75      B         A           21           CYS           89.94            90     90     54     3.429     3.429     2.405     0.3762      0.3762      0.3762      0.2350
76      B         A           22           SER           79.59            90     90     54     3.429     3.429     2.405     0.2835      0.2835      0.2835      0.1666
77      B         A           23           SER           80.49            90     90     54     3.429     3.429     2.405     0.3026      0.3026      0.3026      0.1798
78      B         A           24           ASN           78.80            90     90     54     3.429     3.429     2.405     0.2624      0.2624      0.2624      0.1520
79      B         A           25           THR           79.63            90     90     54     3.429     3.429     2.405     0.2703      0.2703      0.2703      0.1574
80      B         A           26           PRO           87.78            90     90     54     3.429     3.429     2.405     0.3312      0.3312      0.3312      0.2009
81      B         A           27           PRO           86.51            90     90     54     3.429     3.429     2.405     0.3917      0.3917      0.3917      0.2473
82      B         A           28           LEU           88.11            90     90     54     3.429     3.429     2.405     0.3611      0.3611      0.3611      0.2219
83      B         A           29           THR           89.80            90     90     54     3.429     3.429     2.405     0.3536      0.3536      0.3536      0.2161
84      B         A           30           CYS           92.98            90     90     54     3.429     3.429     2.405     0.3936      0.3936      0.3936      0.2479
85      B         A           31           GLN           92.63            90     90     54     3.429     3.429     2.405     0.3584      0.3584      0.3584      0.2194
86      B         A           32           ARG           91.06            90     90     54     3.429     3.429     2.405     0.3185      0.3185      0.3185      0.1901
87      B         A           33           TYR           93.48            90     90     54     3.429     3.429     2.405     0.3829      0.3829      0.3829      0.2389
88      B         A           34           CYS           92.85            90     90     54     3.429     3.429     2.405     0.3409      0.3409      0.3409      0.2072
89      B         A           35           ASN           88.73            90     90     54     3.429     3.429     2.405     0.2380      0.2380      0.2380      0.1349
90      B         A           36           ALA           78.71            90     90     14     3.429     3.429     1.001     0.0843      0.1259      0.1259      0.0121
