i   AlignChn ScoredChain  AlignResNum  AlignResType  AlignRespLDDT      n0chn  n0dom  n0res    d0chn     d0dom     d0res   ipTM_pae  ipSAE_d0chn ipSAE_d0dom    ipSAE 
1       A         B            1           SER           82.35            90     90      2     3.429     3.429     1.001     0.0702      0.1119      0.1119      0.0106
2       A         B            2           MET           87.88            90     90     35     3.429     3.429     1.566     0.1548      0.1564      0.1564      0.0376
3       A         B            3           GLU           91.85            90     90     36     3.429     3.429     1.621     0.1912      0.1912      0.1912      0.0510
4       A         B            4           GLU           91.42            90     90     36     3.429     3.429     1.621     0.2326      0.2326      0.2326      0.0646
5       A         B            5           LYS           87.29            90     90     36     3.429     3.429     1.621     0.2292      0.2292      0.2292      0.0630
6       A         B            6           LEU           90.50            90     90     36     3.429     3.429     1.621     0.2449      0.2449      0.2449      0.0684
7       A         B            7           LYS           93.25            90     90     36     3.429     3.429     1.621     0.2595      0.2595      0.2595      0.0737
8       A         B            8           LYS           89.99            90     90     36     3.429     3.429     1.621     0.2738      0.2738      0.2738      0.0790
9       A         B            9           LEU           89.09            90     90     36     3.429     3.429     1.621     0.2631      0.2631      0.2631      0.0746
10      A         B           10           ARG           90.22            90     90     36     3.429     3.429     1.621     0.2704      0.2704      0.2704      0.0773
11      A         B           11           GLU           92.65            90     90     36     3.429     3.429     1.621     0.2932      0.2932      0.2932      0.0865
12      A         B           12           PHE           89.22            90     90     36     3.429     3.429     1.621     0.2947      0.2947      0.2947      0.0865
13      A         B           13           ALA           88.74            90     90     36     3.429     3.429     1.621     0.2943      0.2943      0.2943      0.0868
14      A         B           14           GLU           91.54            90     90     36     3.429     3.429     1.621     0.2818      0.2818      0.2818      0.0821
15      A         B           15           GLU           90.21            90     90     36     3.429     3.429     1.621     0.2850      0.2850      0.2850      0.0827
16      A         B           16           ILE           88.65            90     90     36     3.429     3.429     1.621     0.3108      0.3108      0.3108      0.0942
17      A         B           17           PHE           89.17            90     90     36     3.429     3.429     1.621     0.3079      0.3079      0.3079      0.0925
18      A         B           18           THR           92.48            90     90     36     3.429     3.429     1.621     0.2991      0.2991      0.2991      0.0889
19      A         B           19           GLU           91.09            90     90     36     3.429     3.429     1.621     0.2923      0.2923      0.2923      0.0862
20      A         B           20           ALA           91.78            90     90     36     3.429     3.429     1.621     0.2861      0.2861      0.2861      0.0831
21      A         B           21           LEU           91.43            90     90     36     3.429     3.429     1.621     0.2923      0.2923      0.2923      0.0859
22      A         B           22           LYS           92.22            90     90     36     3.429     3.429     1.621     0.2609      0.2609      0.2609      0.0743
23      A         B           23           ASP           88.36            90     90     36     3.429     3.429     1.621     0.2573      0.2573      0.2573      0.0724
24      A         B           24           PRO           89.39            90     90     36     3.429     3.429     1.621     0.2748      0.2748      0.2748      0.0787
25      A         B           25           GLU           83.43            90     90     36     3.429     3.429     1.621     0.2795      0.2795      0.2795      0.0805
26      A         B           26           LYS           87.47            90     90     36     3.429     3.429     1.621     0.2977      0.2977      0.2977      0.0878
27      A         B           27           PHE           90.40            90     90     36     3.429     3.429     1.621     0.3199      0.3199      0.3199      0.0963
28      A         B           28           LYS           86.41            90     90     36     3.429     3.429     1.621     0.3125      0.3125      0.3125      0.0932
29      A         B           29           GLU           86.49            90     90     36     3.429     3.429     1.621     0.3396      0.3396      0.3396      0.1043
30      A         B           30           VAL           89.02            90     90     36     3.429     3.429     1.621     0.3457      0.3457      0.3457      0.1067
31      A         B           31           SER           89.11            90     90     36     3.429     3.429     1.621     0.3255      0.3255      0.3255      0.0989
32      A         B           32           TRP           87.76            90     90     36     3.429     3.429     1.621     0.3186      0.3186      0.3186      0.0957
33      A         B           33           MET           88.56            90     90     36     3.429     3.429     1.621     0.3162      0.3162      0.3162      0.0949
34      A         B           34           LEU           90.21            90     90     36     3.429     3.429     1.621     0.3453      0.3453      0.3453      0.1068
35      A         B           35           ASN           89.01            90     90     36     3.429     3.429     1.621     0.2984      0.2984      0.2984      0.0877
36      A         B           36           THR           90.03            90     90     36     3.429     3.429     1.621     0.3025      0.3025      0.3025      0.0891
37      A         B           37           GLU           90.08            90     90     36     3.429     3.429     1.621     0.3107      0.3107      0.3107      0.0926
38      A         B           38           GLU           86.94            90     90     36     3.429     3.429     1.621     0.2901      0.2901      0.2901      0.0848
39      A         B           39           GLY           90.10            90     90     36     3.429     3.429     1.621     0.2903      0.2903      0.2903      0.0845
40      A         B           40           LYS           91.02            90     90     36     3.429     3.429     1.621     0.3374      0.3374      0.3374      0.1035
41      A         B           41           LYS           90.87            90     90     36     3.429     3.429     1.621     0.3156      0.3156      0.3156      0.0945
42      A         B           42           LYS           88.78            90     90     36     3.429     3.429     1.621     0.3152      0.3152      0.3152      0.0940
43      A         B           43           LEU           88.96            90     90     36     3.429     3.429     1.621     0.3416      0.3416      0.3416      0.1051
44      A         B           44           LEU           89.00            90     90     36     3.429     3.429     1.621     0.3270      0.3270      0.3270      0.0991
45      A         B           45           GLU           89.46            90     90     36     3.429     3.429     1.621     0.3168      0.3168      0.3168      0.0951
46      A         B           46           ILE           88.23            90     90     36     3.429     3.429     1.621     0.3337      0.3337      0.3337      0.1022
47      A         B           47           VAL           87.61            90     90     36     3.429     3.429     1.621     0.3141      0.3141      0.3141      0.0939
48      A         B           48           GLU           89.22            90     90     36     3.429     3.429     1.621     0.3072      0.3072      0.3072      0.0914
49      A         B           49           LYS           88.29            90     90     36     3.429     3.429     1.621     0.2867      0.2867      0.2867      0.0835
50      A         B           50           LYS           85.51            90     90     36     3.429     3.429     1.621     0.2794      0.2794      0.2794      0.0805
51      A         B           51           ILE           86.82            90     90     36     3.429     3.429     1.621     0.2702      0.2702      0.2702      0.0771
52      A         B           52           LYS           88.38            90     90     36     3.429     3.429     1.621     0.2442      0.2442      0.2442      0.0680
53      A         B           53           GLU           85.48            90     90     36     3.429     3.429     1.621     0.1947      0.1947      0.1947      0.0517
54      A         B           54           SER           74.79            90     90     11     3.429     3.429     1.001     0.0925      0.1227      0.1227      0.0118
55      B         A            1           CYS           93.15            90     90     53     3.429     3.429     2.369     0.2186      0.2209      0.2209      0.1202
56      B         A            2           SER           90.93            90     90     53     3.429     3.429     2.369     0.2276      0.2300      0.2300      0.1258
57      B         A            3           GLN           90.42            90     90     50     3.429     3.429     2.256     0.1741      0.1809      0.1809      0.0878
58      B         A            4           ASN           92.48            90     90     54     3.429     3.429     2.405     0.2789      0.2789      0.2789      0.1626
59      B         A            5           GLU           94.72            90     90     54     3.429     3.429     2.405     0.3379      0.3379      0.3379      0.2045
60      B         A            6           TYR           92.77            90     90     54     3.429     3.429     2.405     0.3728      0.3728      0.3728      0.2319
61      B         A            7           PHE           93.36            90     90     54     3.429     3.429     2.405     0.3836      0.3836      0.3836      0.2405
62      B         A            8           ASP           88.96            90     90     54     3.429     3.429     2.405     0.3726      0.3726      0.3726      0.2323
63      B         A            9           SER           87.23            90     90     54     3.429     3.429     2.405     0.3393      0.3393      0.3393      0.2070
64      B         A           10           LEU           84.41            90     90     54     3.429     3.429     2.405     0.3581      0.3581      0.3581      0.2222
65      B         A           11           LEU           87.30            90     90     54     3.429     3.429     2.405     0.3966      0.3966      0.3966      0.2514
66      B         A           12           HIS           86.39            90     90     54     3.429     3.429     2.405     0.3693      0.3693      0.3693      0.2301
67      B         A           13           ALA           89.06            90     90     54     3.429     3.429     2.405     0.3448      0.3448      0.3448      0.2098
68      B         A           14           CYS           93.48            90     90     54     3.429     3.429     2.405     0.3753      0.3753      0.3753      0.2330
69      B         A           15           ILE           90.96            90     90     54     3.429     3.429     2.405     0.3682      0.3682      0.3682      0.2272
70      B         A           16           PRO           92.78            90     90     54     3.429     3.429     2.405     0.3541      0.3541      0.3541      0.2165
71      B         A           17           CYS           95.23            90     90     54     3.429     3.429     2.405     0.3439      0.3439      0.3439      0.2091
72      B         A           18           GLN           91.81            90     90     54     3.429     3.429     2.405     0.3070      0.3070      0.3070      0.1821
73      B         A           19           LEU           89.70            90     90     54     3.429     3.429     2.405     0.3454      0.3454      0.3454      0.2103
74      B         A           20           ARG           90.22            90     90     54     3.429     3.429     2.405     0.3257      0.3257      0.3257      0.1962
75      B         A           21           CYS           91.98            90     90     54     3.429     3.429     2.405     0.2942      0.2942      0.2942      0.1735
76      B         A           22           SER           82.75            90     90     52     3.429     3.429     2.332     0.2122      0.2167      0.2167      0.1151
77      B         A           23           SER           82.30            90     90     52     3.429     3.429     2.332     0.2236      0.2285      0.2285      0.1224
78      B         A           24           ASN           80.44            90     90     49     3.429     3.429     2.217     0.1953      0.2057      0.2057      0.0991
79      B         A           25           THR           81.44            90     90     50     3.429     3.429     2.256     0.2091      0.2183      0.2183      0.1093
80      B         A           26           PRO           89.47            90     90     54     3.429     3.429     2.405     0.2619      0.2619      0.2619      0.1512
81      B         A           27           PRO           88.01            90     90     54     3.429     3.429     2.405     0.3160      0.3160      0.3160      0.1891
82      B         A           28           LEU           88.15            90     90     54     3.429     3.429     2.405     0.2887      0.2887      0.2887      0.1688
83      B         A           29           THR           89.86            90     90     54     3.429     3.429     2.405     0.2777      0.2777      0.2777      0.1613
84      B         A           30           CYS           93.90            90     90     54     3.429     3.429     2.405     0.3122      0.3122      0.3122      0.1856
85      B         A           31           GLN           93.27            90     90     54     3.429     3.429     2.405     0.2823      0.2823      0.2823      0.1644
86      B         A           32           ARG           91.32            90     90     53     3.429     3.429     2.369     0.2458      0.2485      0.2485      0.1381
87      B         A           33           TYR           94.11            90     90     54     3.429     3.429     2.405     0.2990      0.2990      0.2990      0.1762
88      B         A           34           CYS           94.20            90     90     54     3.429     3.429     2.405     0.2723      0.2723      0.2723      0.1580
89      B         A           35           ASN           90.11            90     90     51     3.429     3.429     2.294     0.1955      0.2014      0.2014      0.1023
90      B         A           36           ALA           80.11            90     90      9     3.429     3.429     1.001     0.0748      0.1195      0.1195      0.0114
