i   AlignChn ScoredChain  AlignResNum  AlignResType  AlignRespLDDT      n0chn  n0dom  n0res    d0chn     d0dom     d0res   ipTM_pae  ipSAE_d0chn ipSAE_d0dom    ipSAE 
1       A         B            1           SER           82.29            97     97     34     3.587     3.587     1.509     0.1994      0.2047      0.2047      0.0453
2       A         B            2           GLU           91.81            97     97     36     3.587     3.587     1.621     0.5616      0.5616      0.5616      0.2162
3       A         B            3           LYS           96.84            97     97     36     3.587     3.587     1.621     0.6826      0.6826      0.6826      0.3147
4       A         B            4           GLU           96.17            97     97     36     3.587     3.587     1.621     0.8232      0.8232      0.8232      0.5027
5       A         B            5           MET           93.93            97     97     36     3.587     3.587     1.621     0.8458      0.8458      0.8458      0.5409
6       A         B            6           GLU           93.59            97     97     36     3.587     3.587     1.621     0.8288      0.8288      0.8288      0.5098
7       A         B            7           GLU           96.71            97     97     36     3.587     3.587     1.621     0.8388      0.8388      0.8388      0.5321
8       A         B            8           LEU           96.44            97     97     36     3.587     3.587     1.621     0.8915      0.8915      0.8915      0.6445
9       A         B            9           LYS           93.98            97     97     36     3.587     3.587     1.621     0.8927      0.8927      0.8927      0.6435
10      A         B           10           LYS           94.91            97     97     36     3.587     3.587     1.621     0.8906      0.8906      0.8906      0.6389
11      A         B           11           ARG           97.51            97     97     36     3.587     3.587     1.621     0.9092      0.9092      0.9092      0.6914
12      A         B           12           PHE           96.94            97     97     36     3.587     3.587     1.621     0.9298      0.9298      0.9298      0.7469
13      A         B           13           GLU           93.39            97     97     36     3.587     3.587     1.621     0.9116      0.9116      0.9116      0.6942
14      A         B           14           GLU           96.82            97     97     36     3.587     3.587     1.621     0.9125      0.9125      0.9125      0.6954
15      A         B           15           VAL           98.11            97     97     36     3.587     3.587     1.621     0.9183      0.9183      0.9183      0.7166
16      A         B           16           ARG           95.49            97     97     36     3.587     3.587     1.621     0.9105      0.9105      0.9105      0.6943
17      A         B           17           GLU           95.27            97     97     36     3.587     3.587     1.621     0.9191      0.9191      0.9191      0.7164
18      A         B           18           GLU           98.43            97     97     36     3.587     3.587     1.621     0.9089      0.9089      0.9089      0.6894
19      A         B           19           ALA           98.38            97     97     36     3.587     3.587     1.621     0.9093      0.9093      0.9093      0.6940
20      A         B           20           ARG           95.89            97     97     36     3.587     3.587     1.621     0.8958      0.8958      0.8958      0.6601
21      A         B           21           ARG           98.34            97     97     36     3.587     3.587     1.621     0.8917      0.8917      0.8917      0.6445
22      A         B           22           VAL           98.66            97     97     36     3.587     3.587     1.621     0.8846      0.8846      0.8846      0.6312
23      A         B           23           TRP           97.66            97     97     36     3.587     3.587     1.621     0.8567      0.8567      0.8567      0.5728
24      A         B           24           GLU           98.25            97     97     36     3.587     3.587     1.621     0.8547      0.8547      0.8547      0.5717
25      A         B           25           GLU           98.49            97     97     36     3.587     3.587     1.621     0.8346      0.8346      0.8346      0.5255
26      A         B           26           LYS           97.43            97     97     36     3.587     3.587     1.621     0.7253      0.7253      0.7253      0.3676
27      A         B           27           GLU           96.99            97     97     36     3.587     3.587     1.621     0.6516      0.6516      0.6516      0.2961
28      A         B           28           ARG           98.11            97     97     36     3.587     3.587     1.621     0.6992      0.6992      0.6992      0.3387
29      A         B           29           HIS           98.15            97     97     36     3.587     3.587     1.621     0.5930      0.5930      0.5930      0.2398
30      A         B           30           ARG           95.75            97     97     36     3.587     3.587     1.621     0.3672      0.3672      0.3672      0.1095
31      A         B           31           GLU           97.88            97     97     36     3.587     3.587     1.621     0.4124      0.4124      0.4124      0.1292
32      A         B           32           ASP           98.36            97     97     36     3.587     3.587     1.621     0.5275      0.5275      0.5275      0.1945
33      A         B           33           GLU           97.99            97     97     36     3.587     3.587     1.621     0.4829      0.4829      0.4829      0.1686
34      A         B           34           GLU           98.52            97     97     36     3.587     3.587     1.621     0.5637      0.5637      0.5637      0.2190
35      A         B           35           PHE           98.50            97     97     36     3.587     3.587     1.621     0.7419      0.7419      0.7419      0.3863
36      A         B           36           VAL           98.40            97     97     36     3.587     3.587     1.621     0.7228      0.7228      0.7228      0.3699
37      A         B           37           GLU           98.37            97     97     36     3.587     3.587     1.621     0.7124      0.7124      0.7124      0.3554
38      A         B           38           GLU           98.44            97     97     36     3.587     3.587     1.621     0.7875      0.7875      0.7875      0.4506
39      A         B           39           LEU           98.68            97     97     36     3.587     3.587     1.621     0.8359      0.8359      0.8359      0.5363
40      A         B           40           GLU           97.94            97     97     36     3.587     3.587     1.621     0.8158      0.8158      0.8158      0.5021
41      A         B           41           ARG           98.61            97     97     36     3.587     3.587     1.621     0.8140      0.8140      0.8140      0.4987
42      A         B           42           ARG           98.57            97     97     36     3.587     3.587     1.621     0.8866      0.8866      0.8866      0.6397
43      A         B           43           MET           98.39            97     97     36     3.587     3.587     1.621     0.8923      0.8923      0.8923      0.6545
44      A         B           44           GLU           98.39            97     97     36     3.587     3.587     1.621     0.8672      0.8672      0.8672      0.5995
45      A         B           45           GLU           98.65            97     97     36     3.587     3.587     1.621     0.8869      0.8869      0.8869      0.6395
46      A         B           46           LEU           98.78            97     97     36     3.587     3.587     1.621     0.9227      0.9227      0.9227      0.7323
47      A         B           47           ARG           98.56            97     97     36     3.587     3.587     1.621     0.9103      0.9103      0.9103      0.6987
48      A         B           48           GLU           98.63            97     97     36     3.587     3.587     1.621     0.8896      0.8896      0.8896      0.6492
49      A         B           49           GLU           98.22            97     97     36     3.587     3.587     1.621     0.9210      0.9210      0.9210      0.7244
50      A         B           50           VAL           97.85            97     97     36     3.587     3.587     1.621     0.9112      0.9112      0.9112      0.7016
51      A         B           51           ARG           97.99            97     97     36     3.587     3.587     1.621     0.9010      0.9010      0.9010      0.6756
52      A         B           52           GLU           98.31            97     97     36     3.587     3.587     1.621     0.8975      0.8975      0.8975      0.6662
53      A         B           53           ILE           98.31            97     97     36     3.587     3.587     1.621     0.9300      0.9300      0.9300      0.7495
54      A         B           54           VAL           98.03            97     97     36     3.587     3.587     1.621     0.9275      0.9275      0.9275      0.7430
55      A         B           55           ARG           98.06            97     97     36     3.587     3.587     1.621     0.9030      0.9030      0.9030      0.6812
56      A         B           56           ARG           97.74            97     97     36     3.587     3.587     1.621     0.8992      0.8992      0.8992      0.6653
57      A         B           57           TYR           97.16            97     97     36     3.587     3.587     1.621     0.9170      0.9170      0.9170      0.7083
58      A         B           58           TYR           96.67            97     97     36     3.587     3.587     1.621     0.9070      0.9070      0.9070      0.6827
59      A         B           59           GLU           96.41            97     97     36     3.587     3.587     1.621     0.8567      0.8567      0.8567      0.5756
60      A         B           60           LEU           95.04            97     97     36     3.587     3.587     1.621     0.7618      0.7618      0.7618      0.4121
61      A         B           61           MET           83.83            97     97     36     3.587     3.587     1.621     0.3405      0.3405      0.3405      0.0990
62      B         A            1           CYS           89.92            97     97     61     3.587     3.587     2.643     0.4496      0.4496      0.4496      0.3117
63      B         A            2           SER           86.55            97     97     61     3.587     3.587     2.643     0.5012      0.5012      0.5012      0.3585
64      B         A            3           GLN           86.56            97     97     61     3.587     3.587     2.643     0.4071      0.4071      0.4071      0.2794
65      B         A            4           ASN           87.51            97     97     61     3.587     3.587     2.643     0.6742      0.6742      0.6742      0.5420
66      B         A            5           GLU           94.46            97     97     61     3.587     3.587     2.643     0.8530      0.8530      0.8530      0.7638
67      B         A            6           TYR           92.59            97     97     61     3.587     3.587     2.643     0.8944      0.8944      0.8944      0.8245
68      B         A            7           PHE           94.15            97     97     61     3.587     3.587     2.643     0.9116      0.9116      0.9116      0.8508
69      B         A            8           ASP           96.24            97     97     61     3.587     3.587     2.643     0.9217      0.9217      0.9217      0.8670
70      B         A            9           SER           93.72            97     97     61     3.587     3.587     2.643     0.8711      0.8711      0.8711      0.7898
71      B         A           10           LEU           95.89            97     97     61     3.587     3.587     2.643     0.9175      0.9175      0.9175      0.8613
72      B         A           11           LEU           97.45            97     97     61     3.587     3.587     2.643     0.9261      0.9261      0.9261      0.8747
73      B         A           12           HIS           97.01            97     97     61     3.587     3.587     2.643     0.9114      0.9114      0.9114      0.8517
74      B         A           13           ALA           96.80            97     97     61     3.587     3.587     2.643     0.8940      0.8940      0.8940      0.8236
75      B         A           14           CYS           96.43            97     97     61     3.587     3.587     2.643     0.9044      0.9044      0.9044      0.8409
76      B         A           15           ILE           96.45            97     97     61     3.587     3.587     2.643     0.9156      0.9156      0.9156      0.8582
77      B         A           16           PRO           95.88            97     97     61     3.587     3.587     2.643     0.8925      0.8925      0.8925      0.8242
78      B         A           17           CYS           93.91            97     97     61     3.587     3.587     2.643     0.8587      0.8587      0.8587      0.7769
79      B         A           18           GLN           92.58            97     97     61     3.587     3.587     2.643     0.8384      0.8384      0.8384      0.7512
80      B         A           19           LEU           95.49            97     97     61     3.587     3.587     2.643     0.8833      0.8833      0.8833      0.8120
81      B         A           20           ARG           92.04            97     97     61     3.587     3.587     2.643     0.7855      0.7855      0.7855      0.6817
82      B         A           21           CYS           88.25            97     97     61     3.587     3.587     2.643     0.6644      0.6644      0.6644      0.5361
83      B         A           22           SER           79.03            97     97     61     3.587     3.587     2.643     0.4566      0.4566      0.4566      0.3255
84      B         A           23           SER           82.14            97     97     61     3.587     3.587     2.643     0.4692      0.4692      0.4692      0.3351
85      B         A           24           ASN           76.69            97     97     61     3.587     3.587     2.643     0.3734      0.3734      0.3734      0.2528
86      B         A           25           THR           77.42            97     97     61     3.587     3.587     2.643     0.4217      0.4217      0.4217      0.2909
87      B         A           26           PRO           82.16            97     97     61     3.587     3.587     2.643     0.5627      0.5627      0.5627      0.4208
88      B         A           27           PRO           84.47            97     97     61     3.587     3.587     2.643     0.6907      0.6907      0.6907      0.5576
89      B         A           28           LEU           81.95            97     97     61     3.587     3.587     2.643     0.6411      0.6411      0.6411      0.5003
90      B         A           29           THR           79.17            97     97     61     3.587     3.587     2.643     0.6259      0.6259      0.6259      0.4850
91      B         A           30           CYS           87.50            97     97     61     3.587     3.587     2.643     0.7241      0.7241      0.7241      0.5968
92      B         A           31           GLN           84.55            97     97     61     3.587     3.587     2.643     0.6548      0.6548      0.6548      0.5157
93      B         A           32           ARG           81.42            97     97     61     3.587     3.587     2.643     0.5349      0.5349      0.5349      0.3890
94      B         A           33           TYR           87.09            97     97     61     3.587     3.587     2.643     0.6528      0.6528      0.6528      0.5149
95      B         A           34           CYS           86.87            97     97     61     3.587     3.587     2.643     0.5893      0.5893      0.5893      0.4498
96      B         A           35           ASN           79.77            97     97     61     3.587     3.587     2.643     0.3881      0.3881      0.3881      0.2625
97      B         A           36           ALA           67.71            97     97     12     3.587     3.587     1.001     0.0910      0.1275      0.1275      0.0113
