i   AlignChn ScoredChain  AlignResNum  AlignResType  AlignRespLDDT      n0chn  n0dom  n0res    d0chn     d0dom     d0res   ipTM_pae  ipSAE_d0chn ipSAE_d0dom    ipSAE 
1       A         B            1           SER           81.11            97     97     36     3.587     3.587     1.621     0.2560      0.2560      0.2560      0.0694
2       A         B            2           GLU           89.87            97     97     36     3.587     3.587     1.621     0.6347      0.6347      0.6347      0.2745
3       A         B            3           LYS           96.02            97     97     36     3.587     3.587     1.621     0.7398      0.7398      0.7398      0.3789
4       A         B            4           GLU           95.14            97     97     36     3.587     3.587     1.621     0.8653      0.8653      0.8653      0.5811
5       A         B            5           MET           92.54            97     97     36     3.587     3.587     1.621     0.8852      0.8852      0.8852      0.6234
6       A         B            6           GLU           92.73            97     97     36     3.587     3.587     1.621     0.8780      0.8780      0.8780      0.6061
7       A         B            7           GLU           96.20            97     97     36     3.587     3.587     1.621     0.8844      0.8844      0.8844      0.6234
8       A         B            8           LEU           96.17            97     97     36     3.587     3.587     1.621     0.9291      0.9291      0.9291      0.7396
9       A         B            9           LYS           93.26            97     97     36     3.587     3.587     1.621     0.9297      0.9297      0.9297      0.7389
10      A         B           10           LYS           94.23            97     97     36     3.587     3.587     1.621     0.9267      0.9267      0.9267      0.7299
11      A         B           11           ARG           97.04            97     97     36     3.587     3.587     1.621     0.9354      0.9354      0.9354      0.7600
12      A         B           12           PHE           96.59            97     97     36     3.587     3.587     1.621     0.9508      0.9508      0.9508      0.8076
13      A         B           13           GLU           92.99            97     97     36     3.587     3.587     1.621     0.9388      0.9388      0.9388      0.7682
14      A         B           14           GLU           96.47            97     97     36     3.587     3.587     1.621     0.9364      0.9364      0.9364      0.7596
15      A         B           15           VAL           97.71            97     97     36     3.587     3.587     1.621     0.9382      0.9382      0.9382      0.7692
16      A         B           16           ARG           95.24            97     97     36     3.587     3.587     1.621     0.9366      0.9366      0.9366      0.7648
17      A         B           17           GLU           95.04            97     97     36     3.587     3.587     1.621     0.9428      0.9428      0.9428      0.7818
18      A         B           18           GLU           98.26            97     97     36     3.587     3.587     1.621     0.9312      0.9312      0.9312      0.7464
19      A         B           19           ALA           98.15            97     97     36     3.587     3.587     1.621     0.9308      0.9308      0.9308      0.7480
20      A         B           20           ARG           95.85            97     97     36     3.587     3.587     1.621     0.9257      0.9257      0.9257      0.7336
21      A         B           21           ARG           98.21            97     97     36     3.587     3.587     1.621     0.9229      0.9229      0.9229      0.7212
22      A         B           22           VAL           98.55            97     97     36     3.587     3.587     1.621     0.9126      0.9126      0.9126      0.6959
23      A         B           23           TRP           97.42            97     97     36     3.587     3.587     1.621     0.8942      0.8942      0.8942      0.6513
24      A         B           24           GLU           98.18            97     97     36     3.587     3.587     1.621     0.8942      0.8942      0.8942      0.6524
25      A         B           25           GLU           98.45            97     97     36     3.587     3.587     1.621     0.8749      0.8749      0.8749      0.6026
26      A         B           26           LYS           97.40            97     97     36     3.587     3.587     1.621     0.7945      0.7945      0.7945      0.4596
27      A         B           27           GLU           97.14            97     97     36     3.587     3.587     1.621     0.7418      0.7418      0.7418      0.3918
28      A         B           28           ARG           98.08            97     97     36     3.587     3.587     1.621     0.7757      0.7757      0.7757      0.4326
29      A         B           29           HIS           98.05            97     97     36     3.587     3.587     1.621     0.6758      0.6758      0.6758      0.3120
30      A         B           30           ARG           94.98            97     97     36     3.587     3.587     1.621     0.4252      0.4252      0.4252      0.1363
31      A         B           31           GLU           97.78            97     97     36     3.587     3.587     1.621     0.4949      0.4949      0.4949      0.1726
32      A         B           32           ASP           98.33            97     97     36     3.587     3.587     1.621     0.6179      0.6179      0.6179      0.2600
33      A         B           33           GLU           97.89            97     97     36     3.587     3.587     1.621     0.5445      0.5445      0.5445      0.2065
34      A         B           34           GLU           98.46            97     97     36     3.587     3.587     1.621     0.6219      0.6219      0.6219      0.2627
35      A         B           35           PHE           98.51            97     97     36     3.587     3.587     1.621     0.7950      0.7950      0.7950      0.4578
36      A         B           36           VAL           98.36            97     97     36     3.587     3.587     1.621     0.7799      0.7799      0.7799      0.4410
37      A         B           37           GLU           98.34            97     97     36     3.587     3.587     1.621     0.7701      0.7701      0.7701      0.4256
38      A         B           38           GLU           98.40            97     97     36     3.587     3.587     1.621     0.8321      0.8321      0.8321      0.5199
39      A         B           39           LEU           98.58            97     97     36     3.587     3.587     1.621     0.8730      0.8730      0.8730      0.6049
40      A         B           40           GLU           97.56            97     97     36     3.587     3.587     1.621     0.8551      0.8551      0.8551      0.5686
41      A         B           41           ARG           98.51            97     97     36     3.587     3.587     1.621     0.8504      0.8504      0.8504      0.5582
42      A         B           42           ARG           98.45            97     97     36     3.587     3.587     1.621     0.9091      0.9091      0.9091      0.6879
43      A         B           43           MET           98.03            97     97     36     3.587     3.587     1.621     0.9129      0.9129      0.9129      0.6994
44      A         B           44           GLU           97.81            97     97     36     3.587     3.587     1.621     0.8921      0.8921      0.8921      0.6483
45      A         B           45           GLU           98.46            97     97     36     3.587     3.587     1.621     0.9085      0.9085      0.9085      0.6861
46      A         B           46           LEU           98.52            97     97     36     3.587     3.587     1.621     0.9381      0.9381      0.9381      0.7707
47      A         B           47           ARG           97.66            97     97     36     3.587     3.587     1.621     0.9246      0.9246      0.9246      0.7310
48      A         B           48           GLU           98.06            97     97     36     3.587     3.587     1.621     0.9098      0.9098      0.9098      0.6921
49      A         B           49           GLU           97.90            97     97     36     3.587     3.587     1.621     0.9393      0.9393      0.9393      0.7715
50      A         B           50           VAL           97.13            97     97     36     3.587     3.587     1.621     0.9306      0.9306      0.9306      0.7478
51      A         B           51           ARG           97.41            97     97     36     3.587     3.587     1.621     0.9243      0.9243      0.9243      0.7305
52      A         B           52           GLU           98.02            97     97     36     3.587     3.587     1.621     0.9193      0.9193      0.9193      0.7155
53      A         B           53           ILE           97.96            97     97     36     3.587     3.587     1.621     0.9479      0.9479      0.9479      0.7989
54      A         B           54           VAL           97.55            97     97     36     3.587     3.587     1.621     0.9456      0.9456      0.9456      0.7920
55      A         B           55           ARG           97.58            97     97     36     3.587     3.587     1.621     0.9268      0.9268      0.9268      0.7380
56      A         B           56           ARG           97.07            97     97     36     3.587     3.587     1.621     0.9229      0.9229      0.9229      0.7221
57      A         B           57           TYR           96.50            97     97     36     3.587     3.587     1.621     0.9363      0.9363      0.9363      0.7596
58      A         B           58           TYR           96.01            97     97     36     3.587     3.587     1.621     0.9295      0.9295      0.9295      0.7400
59      A         B           59           GLU           95.70            97     97     36     3.587     3.587     1.621     0.8856      0.8856      0.8856      0.6321
60      A         B           60           LEU           93.68            97     97     36     3.587     3.587     1.621     0.8172      0.8172      0.8172      0.4926
61      A         B           61           MET           82.91            97     97     36     3.587     3.587     1.621     0.4565      0.4565      0.4565      0.1542
62      B         A            1           CYS           89.74            97     97     61     3.587     3.587     2.643     0.5144      0.5144      0.5144      0.3700
63      B         A            2           SER           87.04            97     97     61     3.587     3.587     2.643     0.5911      0.5911      0.5911      0.4450
64      B         A            3           GLN           86.04            97     97     61     3.587     3.587     2.643     0.4538      0.4538      0.4538      0.3201
65      B         A            4           ASN           87.64            97     97     61     3.587     3.587     2.643     0.7157      0.7157      0.7157      0.5896
66      B         A            5           GLU           94.20            97     97     61     3.587     3.587     2.643     0.8770      0.8770      0.8770      0.7986
67      B         A            6           TYR           92.84            97     97     61     3.587     3.587     2.643     0.9136      0.9136      0.9136      0.8539
68      B         A            7           PHE           93.93            97     97     61     3.587     3.587     2.643     0.9235      0.9235      0.9235      0.8692
69      B         A            8           ASP           95.95            97     97     61     3.587     3.587     2.643     0.9320      0.9320      0.9320      0.8831
70      B         A            9           SER           93.22            97     97     61     3.587     3.587     2.643     0.8829      0.8829      0.8829      0.8068
71      B         A           10           LEU           95.26            97     97     61     3.587     3.587     2.643     0.9237      0.9237      0.9237      0.8707
72      B         A           11           LEU           96.59            97     97     61     3.587     3.587     2.643     0.9293      0.9293      0.9293      0.8793
73      B         A           12           HIS           94.08            97     97     61     3.587     3.587     2.643     0.8868      0.8868      0.8868      0.8143
74      B         A           13           ALA           95.44            97     97     61     3.587     3.587     2.643     0.8965      0.8965      0.8965      0.8268
75      B         A           14           CYS           95.73            97     97     61     3.587     3.587     2.643     0.9097      0.9097      0.9097      0.8484
76      B         A           15           ILE           96.27            97     97     61     3.587     3.587     2.643     0.9280      0.9280      0.9280      0.8776
77      B         A           16           PRO           95.73            97     97     61     3.587     3.587     2.643     0.9117      0.9117      0.9117      0.8530
78      B         A           17           CYS           93.73            97     97     61     3.587     3.587     2.643     0.8820      0.8820      0.8820      0.8100
79      B         A           18           GLN           92.45            97     97     61     3.587     3.587     2.643     0.8683      0.8683      0.8683      0.7922
80      B         A           19           LEU           95.32            97     97     61     3.587     3.587     2.643     0.9116      0.9116      0.9116      0.8538
81      B         A           20           ARG           91.56            97     97     61     3.587     3.587     2.643     0.8386      0.8386      0.8386      0.7513
82      B         A           21           CYS           87.17            97     97     61     3.587     3.587     2.643     0.7383      0.7383      0.7383      0.6217
83      B         A           22           SER           77.31            97     97     61     3.587     3.587     2.643     0.5553      0.5553      0.5553      0.4213
84      B         A           23           SER           82.08            97     97     61     3.587     3.587     2.643     0.5908      0.5908      0.5908      0.4553
85      B         A           24           ASN           76.77            97     97     61     3.587     3.587     2.643     0.4789      0.4789      0.4789      0.3464
86      B         A           25           THR           79.78            97     97     61     3.587     3.587     2.643     0.5386      0.5386      0.5386      0.3984
87      B         A           26           PRO           83.61            97     97     61     3.587     3.587     2.643     0.6640      0.6640      0.6640      0.5288
88      B         A           27           PRO           85.74            97     97     61     3.587     3.587     2.643     0.7604      0.7604      0.7604      0.6421
89      B         A           28           LEU           83.11            97     97     61     3.587     3.587     2.643     0.7102      0.7102      0.7102      0.5784
90      B         A           29           THR           79.50            97     97     61     3.587     3.587     2.643     0.6641      0.6641      0.6641      0.5270
91      B         A           30           CYS           88.30            97     97     61     3.587     3.587     2.643     0.7755      0.7755      0.7755      0.6605
92      B         A           31           GLN           85.77            97     97     61     3.587     3.587     2.643     0.7221      0.7221      0.7221      0.5933
93      B         A           32           ARG           82.66            97     97     61     3.587     3.587     2.643     0.6065      0.6065      0.6065      0.4605
94      B         A           33           TYR           87.65            97     97     61     3.587     3.587     2.643     0.7227      0.7227      0.7227      0.5959
95      B         A           34           CYS           87.36            97     97     61     3.587     3.587     2.643     0.6549      0.6549      0.6549      0.5206
96      B         A           35           ASN           80.14            97     97     61     3.587     3.587     2.643     0.4495      0.4495      0.4495      0.3150
97      B         A           36           ALA           67.98            97     97     36     3.587     3.587     1.621     0.1269      0.1514      0.1514      0.0353
