i   AlignChn ScoredChain  AlignResNum  AlignResType  AlignRespLDDT      n0chn  n0dom  n0res    d0chn     d0dom     d0res   ipTM_pae  ipSAE_d0chn ipSAE_d0dom    ipSAE 
1       A         B            1           SER           80.96            97     97     20     3.587     3.587     1.001     0.1449      0.1882      0.1882      0.0183
2       A         B            2           GLU           91.61            97     97     36     3.587     3.587     1.621     0.5503      0.5503      0.5503      0.2091
3       A         B            3           LYS           96.81            97     97     36     3.587     3.587     1.621     0.7080      0.7080      0.7080      0.3425
4       A         B            4           GLU           96.16            97     97     36     3.587     3.587     1.621     0.8480      0.8480      0.8480      0.5478
5       A         B            5           MET           94.35            97     97     36     3.587     3.587     1.621     0.8700      0.8700      0.8700      0.5900
6       A         B            6           GLU           94.01            97     97     36     3.587     3.587     1.621     0.8600      0.8600      0.8600      0.5689
7       A         B            7           GLU           96.71            97     97     36     3.587     3.587     1.621     0.8649      0.8649      0.8649      0.5828
8       A         B            8           LEU           96.79            97     97     36     3.587     3.587     1.621     0.9159      0.9159      0.9159      0.7050
9       A         B            9           LYS           94.15            97     97     36     3.587     3.587     1.621     0.9170      0.9170      0.9170      0.7046
10      A         B           10           LYS           94.65            97     97     36     3.587     3.587     1.621     0.9126      0.9126      0.9126      0.6932
11      A         B           11           ARG           97.37            97     97     36     3.587     3.587     1.621     0.9251      0.9251      0.9251      0.7328
12      A         B           12           PHE           96.86            97     97     36     3.587     3.587     1.621     0.9432      0.9432      0.9432      0.7858
13      A         B           13           GLU           93.35            97     97     36     3.587     3.587     1.621     0.9265      0.9265      0.9265      0.7342
14      A         B           14           GLU           96.47            97     97     36     3.587     3.587     1.621     0.9285      0.9285      0.9285      0.7382
15      A         B           15           VAL           97.92            97     97     36     3.587     3.587     1.621     0.9305      0.9305      0.9305      0.7488
16      A         B           16           ARG           95.41            97     97     36     3.587     3.587     1.621     0.9264      0.9264      0.9264      0.7375
17      A         B           17           GLU           94.91            97     97     36     3.587     3.587     1.621     0.9320      0.9320      0.9320      0.7516
18      A         B           18           GLU           98.37            97     97     36     3.587     3.587     1.621     0.9231      0.9231      0.9231      0.7257
19      A         B           19           ALA           98.29            97     97     36     3.587     3.587     1.621     0.9227      0.9227      0.9227      0.7278
20      A         B           20           ARG           95.59            97     97     36     3.587     3.587     1.621     0.9105      0.9105      0.9105      0.6956
21      A         B           21           ARG           98.32            97     97     36     3.587     3.587     1.621     0.9106      0.9106      0.9106      0.6902
22      A         B           22           VAL           98.65            97     97     36     3.587     3.587     1.621     0.9025      0.9025      0.9025      0.6724
23      A         B           23           TRP           97.62            97     97     36     3.587     3.587     1.621     0.8802      0.8802      0.8802      0.6214
24      A         B           24           GLU           98.25            97     97     36     3.587     3.587     1.621     0.8860      0.8860      0.8860      0.6355
25      A         B           25           GLU           98.52            97     97     36     3.587     3.587     1.621     0.8663      0.8663      0.8663      0.5859
26      A         B           26           LYS           97.63            97     97     36     3.587     3.587     1.621     0.7923      0.7923      0.7923      0.4567
27      A         B           27           GLU           97.22            97     97     36     3.587     3.587     1.621     0.7283      0.7283      0.7283      0.3770
28      A         B           28           ARG           98.16            97     97     36     3.587     3.587     1.621     0.7587      0.7587      0.7587      0.4109
29      A         B           29           HIS           98.07            97     97     36     3.587     3.587     1.621     0.6308      0.6308      0.6308      0.2710
30      A         B           30           ARG           94.68            97     97     36     3.587     3.587     1.621     0.3732      0.3732      0.3732      0.1122
31      A         B           31           GLU           97.48            97     97     36     3.587     3.587     1.621     0.4114      0.4114      0.4114      0.1293
32      A         B           32           ASP           98.23            97     97     36     3.587     3.587     1.621     0.5571      0.5571      0.5571      0.2140
33      A         B           33           GLU           97.89            97     97     36     3.587     3.587     1.621     0.5029      0.5029      0.5029      0.1802
34      A         B           34           GLU           98.47            97     97     36     3.587     3.587     1.621     0.5839      0.5839      0.5839      0.2333
35      A         B           35           PHE           98.48            97     97     36     3.587     3.587     1.621     0.7642      0.7642      0.7642      0.4148
36      A         B           36           VAL           98.39            97     97     36     3.587     3.587     1.621     0.7453      0.7453      0.7453      0.3959
37      A         B           37           GLU           98.35            97     97     36     3.587     3.587     1.621     0.7331      0.7331      0.7331      0.3782
38      A         B           38           GLU           98.45            97     97     36     3.587     3.587     1.621     0.8075      0.8075      0.8075      0.4799
39      A         B           39           LEU           98.69            97     97     36     3.587     3.587     1.621     0.8525      0.8525      0.8525      0.5662
40      A         B           40           GLU           97.87            97     97     36     3.587     3.587     1.621     0.8309      0.8309      0.8309      0.5257
41      A         B           41           ARG           98.61            97     97     36     3.587     3.587     1.621     0.8266      0.8266      0.8266      0.5172
42      A         B           42           ARG           98.59            97     97     36     3.587     3.587     1.621     0.8952      0.8952      0.8952      0.6573
43      A         B           43           MET           98.30            97     97     36     3.587     3.587     1.621     0.8976      0.8976      0.8976      0.6650
44      A         B           44           GLU           98.24            97     97     36     3.587     3.587     1.621     0.8731      0.8731      0.8731      0.6091
45      A         B           45           GLU           98.63            97     97     36     3.587     3.587     1.621     0.8977      0.8977      0.8977      0.6624
46      A         B           46           LEU           98.75            97     97     36     3.587     3.587     1.621     0.9300      0.9300      0.9300      0.7503
47      A         B           47           ARG           98.42            97     97     36     3.587     3.587     1.621     0.9164      0.9164      0.9164      0.7119
48      A         B           48           GLU           98.54            97     97     36     3.587     3.587     1.621     0.9011      0.9011      0.9011      0.6737
49      A         B           49           GLU           98.17            97     97     36     3.587     3.587     1.621     0.9316      0.9316      0.9316      0.7519
50      A         B           50           VAL           97.54            97     97     36     3.587     3.587     1.621     0.9146      0.9146      0.9146      0.7079
51      A         B           51           ARG           97.93            97     97     36     3.587     3.587     1.621     0.9125      0.9125      0.9125      0.7021
52      A         B           52           GLU           98.29            97     97     36     3.587     3.587     1.621     0.9071      0.9071      0.9071      0.6877
53      A         B           53           ILE           98.33            97     97     36     3.587     3.587     1.621     0.9402      0.9402      0.9402      0.7781
54      A         B           54           VAL           98.00            97     97     36     3.587     3.587     1.621     0.9364      0.9364      0.9364      0.7669
55      A         B           55           ARG           98.06            97     97     36     3.587     3.587     1.621     0.9139      0.9139      0.9139      0.7066
56      A         B           56           ARG           97.82            97     97     36     3.587     3.587     1.621     0.9136      0.9136      0.9136      0.7005
57      A         B           57           TYR           97.26            97     97     36     3.587     3.587     1.621     0.9291      0.9291      0.9291      0.7410
58      A         B           58           TYR           96.66            97     97     36     3.587     3.587     1.621     0.9194      0.9194      0.9194      0.7146
59      A         B           59           GLU           96.60            97     97     36     3.587     3.587     1.621     0.8725      0.8725      0.8725      0.6068
60      A         B           60           LEU           95.22            97     97     36     3.587     3.587     1.621     0.7956      0.7956      0.7956      0.4599
61      A         B           61           MET           84.18            97     97     36     3.587     3.587     1.621     0.3815      0.3815      0.3815      0.1168
62      B         A            1           CYS           89.64            97     97     61     3.587     3.587     2.643     0.4829      0.4829      0.4829      0.3412
63      B         A            2           SER           87.03            97     97     61     3.587     3.587     2.643     0.5494      0.5494      0.5494      0.4038
64      B         A            3           GLN           86.43            97     97     61     3.587     3.587     2.643     0.4232      0.4232      0.4232      0.2932
65      B         A            4           ASN           87.90            97     97     61     3.587     3.587     2.643     0.6854      0.6854      0.6854      0.5541
66      B         A            5           GLU           94.46            97     97     61     3.587     3.587     2.643     0.8658      0.8658      0.8658      0.7822
67      B         A            6           TYR           92.59            97     97     61     3.587     3.587     2.643     0.9057      0.9057      0.9057      0.8419
68      B         A            7           PHE           94.12            97     97     61     3.587     3.587     2.643     0.9196      0.9196      0.9196      0.8633
69      B         A            8           ASP           96.11            97     97     61     3.587     3.587     2.643     0.9292      0.9292      0.9292      0.8789
70      B         A            9           SER           93.47            97     97     61     3.587     3.587     2.643     0.8853      0.8853      0.8853      0.8106
71      B         A           10           LEU           95.56            97     97     61     3.587     3.587     2.643     0.9247      0.9247      0.9247      0.8725
72      B         A           11           LEU           97.20            97     97     61     3.587     3.587     2.643     0.9307      0.9307      0.9307      0.8818
73      B         A           12           HIS           96.34            97     97     61     3.587     3.587     2.643     0.9089      0.9089      0.9089      0.8478
74      B         A           13           ALA           96.39            97     97     61     3.587     3.587     2.643     0.8996      0.8996      0.8996      0.8317
75      B         A           14           CYS           96.40            97     97     61     3.587     3.587     2.643     0.9093      0.9093      0.9093      0.8483
76      B         A           15           ILE           96.44            97     97     61     3.587     3.587     2.643     0.9226      0.9226      0.9226      0.8693
77      B         A           16           PRO           96.09            97     97     61     3.587     3.587     2.643     0.9034      0.9034      0.9034      0.8407
78      B         A           17           CYS           94.22            97     97     61     3.587     3.587     2.643     0.8738      0.8738      0.8738      0.7986
79      B         A           18           GLN           93.34            97     97     61     3.587     3.587     2.643     0.8608      0.8608      0.8608      0.7821
80      B         A           19           LEU           95.83            97     97     61     3.587     3.587     2.643     0.9018      0.9018      0.9018      0.8394
81      B         A           20           ARG           92.34            97     97     61     3.587     3.587     2.643     0.8188      0.8188      0.8188      0.7251
82      B         A           21           CYS           88.58            97     97     61     3.587     3.587     2.643     0.7094      0.7094      0.7094      0.5881
83      B         A           22           SER           78.93            97     97     61     3.587     3.587     2.643     0.5226      0.5226      0.5226      0.3881
84      B         A           23           SER           82.76            97     97     61     3.587     3.587     2.643     0.5608      0.5608      0.5608      0.4230
85      B         A           24           ASN           77.47            97     97     61     3.587     3.587     2.643     0.4515      0.4515      0.4515      0.3203
86      B         A           25           THR           78.07            97     97     61     3.587     3.587     2.643     0.5100      0.5100      0.5100      0.3711
87      B         A           26           PRO           82.84            97     97     61     3.587     3.587     2.643     0.6404      0.6404      0.6404      0.5029
88      B         A           27           PRO           84.61            97     97     61     3.587     3.587     2.643     0.7412      0.7412      0.7412      0.6183
89      B         A           28           LEU           82.08            97     97     61     3.587     3.587     2.643     0.6936      0.6936      0.6936      0.5602
90      B         A           29           THR           78.93            97     97     61     3.587     3.587     2.643     0.6592      0.6592      0.6592      0.5220
91      B         A           30           CYS           88.00            97     97     61     3.587     3.587     2.643     0.7602      0.7602      0.7602      0.6415
92      B         A           31           GLN           85.52            97     97     61     3.587     3.587     2.643     0.6946      0.6946      0.6946      0.5617
93      B         A           32           ARG           82.82            97     97     61     3.587     3.587     2.643     0.5810      0.5810      0.5810      0.4343
94      B         A           33           TYR           87.46            97     97     61     3.587     3.587     2.643     0.6831      0.6831      0.6831      0.5494
95      B         A           34           CYS           87.55            97     97     61     3.587     3.587     2.643     0.6153      0.6153      0.6153      0.4773
96      B         A           35           ASN           79.51            97     97     61     3.587     3.587     2.643     0.3880      0.3880      0.3880      0.2631
97      B         A           36           ALA           69.01            97     97     26     3.587     3.587     1.001     0.1132      0.1428      0.1428      0.0129
