i   AlignChn ScoredChain  AlignResNum  AlignResType  AlignRespLDDT      n0chn  n0dom  n0res    d0chn     d0dom     d0res   ipTM_pae  ipSAE_d0chn ipSAE_d0dom    ipSAE 
1       A         B            1           SER           78.99            97     97     18     3.587     3.587     1.001     0.1305      0.1785      0.1785      0.0170
2       A         B            2           GLU           91.14            97     97     36     3.587     3.587     1.621     0.6215      0.6215      0.6215      0.2626
3       A         B            3           LYS           96.73            97     97     36     3.587     3.587     1.621     0.7335      0.7335      0.7335      0.3718
4       A         B            4           GLU           95.96            97     97     36     3.587     3.587     1.621     0.8694      0.8694      0.8694      0.5903
5       A         B            5           MET           93.71            97     97     36     3.587     3.587     1.621     0.8872      0.8872      0.8872      0.6279
6       A         B            6           GLU           93.54            97     97     36     3.587     3.587     1.621     0.8814      0.8814      0.8814      0.6141
7       A         B            7           GLU           96.62            97     97     36     3.587     3.587     1.621     0.8867      0.8867      0.8867      0.6294
8       A         B            8           LEU           96.49            97     97     36     3.587     3.587     1.621     0.9275      0.9275      0.9275      0.7358
9       A         B            9           LYS           93.85            97     97     36     3.587     3.587     1.621     0.9275      0.9275      0.9275      0.7335
10      A         B           10           LYS           94.37            97     97     36     3.587     3.587     1.621     0.9238      0.9238      0.9238      0.7222
11      A         B           11           ARG           97.06            97     97     36     3.587     3.587     1.621     0.9307      0.9307      0.9307      0.7472
12      A         B           12           PHE           96.77            97     97     36     3.587     3.587     1.621     0.9486      0.9486      0.9486      0.8014
13      A         B           13           GLU           93.34            97     97     36     3.587     3.587     1.621     0.9366      0.9366      0.9366      0.7625
14      A         B           14           GLU           96.50            97     97     36     3.587     3.587     1.621     0.9339      0.9339      0.9339      0.7528
15      A         B           15           VAL           97.75            97     97     36     3.587     3.587     1.621     0.9363      0.9363      0.9363      0.7639
16      A         B           16           ARG           95.33            97     97     36     3.587     3.587     1.621     0.9341      0.9341      0.9341      0.7585
17      A         B           17           GLU           95.16            97     97     36     3.587     3.587     1.621     0.9415      0.9415      0.9415      0.7786
18      A         B           18           GLU           98.23            97     97     36     3.587     3.587     1.621     0.9298      0.9298      0.9298      0.7433
19      A         B           19           ALA           98.17            97     97     36     3.587     3.587     1.621     0.9285      0.9285      0.9285      0.7422
20      A         B           20           ARG           95.85            97     97     36     3.587     3.587     1.621     0.9218      0.9218      0.9218      0.7243
21      A         B           21           ARG           98.25            97     97     36     3.587     3.587     1.621     0.9215      0.9215      0.9215      0.7181
22      A         B           22           VAL           98.57            97     97     36     3.587     3.587     1.621     0.9113      0.9113      0.9113      0.6932
23      A         B           23           TRP           97.46            97     97     36     3.587     3.587     1.621     0.8925      0.8925      0.8925      0.6479
24      A         B           24           GLU           98.18            97     97     36     3.587     3.587     1.621     0.8973      0.8973      0.8973      0.6603
25      A         B           25           GLU           98.45            97     97     36     3.587     3.587     1.621     0.8765      0.8765      0.8765      0.6071
26      A         B           26           LYS           97.57            97     97     36     3.587     3.587     1.621     0.8118      0.8118      0.8118      0.4878
27      A         B           27           GLU           97.47            97     97     36     3.587     3.587     1.621     0.7730      0.7730      0.7730      0.4338
28      A         B           28           ARG           98.17            97     97     36     3.587     3.587     1.621     0.7909      0.7909      0.7909      0.4553
29      A         B           29           HIS           98.07            97     97     36     3.587     3.587     1.621     0.6842      0.6842      0.6842      0.3207
30      A         B           30           ARG           95.97            97     97     36     3.587     3.587     1.621     0.4526      0.4526      0.4526      0.1501
31      A         B           31           GLU           97.90            97     97     36     3.587     3.587     1.621     0.5016      0.5016      0.5016      0.1769
32      A         B           32           ASP           98.38            97     97     36     3.587     3.587     1.621     0.6204      0.6204      0.6204      0.2622
33      A         B           33           GLU           98.02            97     97     36     3.587     3.587     1.621     0.5522      0.5522      0.5522      0.2120
34      A         B           34           GLU           98.46            97     97     36     3.587     3.587     1.621     0.6157      0.6157      0.6157      0.2580
35      A         B           35           PHE           98.47            97     97     36     3.587     3.587     1.621     0.7942      0.7942      0.7942      0.4570
36      A         B           36           VAL           98.42            97     97     36     3.587     3.587     1.621     0.7802      0.7802      0.7802      0.4424
37      A         B           37           GLU           98.39            97     97     36     3.587     3.587     1.621     0.7693      0.7693      0.7693      0.4249
38      A         B           38           GLU           98.42            97     97     36     3.587     3.587     1.621     0.8277      0.8277      0.8277      0.5127
39      A         B           39           LEU           98.63            97     97     36     3.587     3.587     1.621     0.8719      0.8719      0.8719      0.6034
40      A         B           40           GLU           97.73            97     97     36     3.587     3.587     1.621     0.8547      0.8547      0.8547      0.5686
41      A         B           41           ARG           98.52            97     97     36     3.587     3.587     1.621     0.8492      0.8492      0.8492      0.5571
42      A         B           42           ARG           98.44            97     97     36     3.587     3.587     1.621     0.9048      0.9048      0.9048      0.6781
43      A         B           43           MET           97.99            97     97     36     3.587     3.587     1.621     0.9091      0.9091      0.9091      0.6907
44      A         B           44           GLU           97.83            97     97     36     3.587     3.587     1.621     0.8903      0.8903      0.8903      0.6449
45      A         B           45           GLU           98.43            97     97     36     3.587     3.587     1.621     0.9073      0.9073      0.9073      0.6840
46      A         B           46           LEU           98.45            97     97     36     3.587     3.587     1.621     0.9344      0.9344      0.9344      0.7605
47      A         B           47           ARG           97.68            97     97     36     3.587     3.587     1.621     0.9194      0.9194      0.9194      0.7177
48      A         B           48           GLU           98.04            97     97     36     3.587     3.587     1.621     0.9067      0.9067      0.9067      0.6850
49      A         B           49           GLU           97.76            97     97     36     3.587     3.587     1.621     0.9369      0.9369      0.9369      0.7656
50      A         B           50           VAL           97.25            97     97     36     3.587     3.587     1.621     0.9301      0.9301      0.9301      0.7476
51      A         B           51           ARG           97.42            97     97     36     3.587     3.587     1.621     0.9202      0.9202      0.9202      0.7207
52      A         B           52           GLU           98.03            97     97     36     3.587     3.587     1.621     0.9164      0.9164      0.9164      0.7090
53      A         B           53           ILE           98.06            97     97     36     3.587     3.587     1.621     0.9447      0.9447      0.9447      0.7898
54      A         B           54           VAL           97.65            97     97     36     3.587     3.587     1.621     0.9425      0.9425      0.9425      0.7834
55      A         B           55           ARG           97.67            97     97     36     3.587     3.587     1.621     0.9238      0.9238      0.9238      0.7308
56      A         B           56           ARG           97.52            97     97     36     3.587     3.587     1.621     0.9197      0.9197      0.9197      0.7149
57      A         B           57           TYR           96.83            97     97     36     3.587     3.587     1.621     0.9334      0.9334      0.9334      0.7522
58      A         B           58           TYR           96.19            97     97     36     3.587     3.587     1.621     0.9264      0.9264      0.9264      0.7321
59      A         B           59           GLU           96.17            97     97     36     3.587     3.587     1.621     0.8829      0.8829      0.8829      0.6270
60      A         B           60           LEU           94.30            97     97     36     3.587     3.587     1.621     0.8125      0.8125      0.8125      0.4855
61      A         B           61           MET           83.40            97     97     36     3.587     3.587     1.621     0.4289      0.4289      0.4289      0.1394
62      B         A            1           CYS           89.66            97     97     61     3.587     3.587     2.643     0.5080      0.5080      0.5080      0.3640
63      B         A            2           SER           87.46            97     97     61     3.587     3.587     2.643     0.5979      0.5979      0.5979      0.4517
64      B         A            3           GLN           86.10            97     97     61     3.587     3.587     2.643     0.4506      0.4506      0.4506      0.3171
65      B         A            4           ASN           87.53            97     97     61     3.587     3.587     2.643     0.7013      0.7013      0.7013      0.5728
66      B         A            5           GLU           94.18            97     97     61     3.587     3.587     2.643     0.8724      0.8724      0.8724      0.7918
67      B         A            6           TYR           92.65            97     97     61     3.587     3.587     2.643     0.9110      0.9110      0.9110      0.8499
68      B         A            7           PHE           93.85            97     97     61     3.587     3.587     2.643     0.9210      0.9210      0.9210      0.8653
69      B         A            8           ASP           95.89            97     97     61     3.587     3.587     2.643     0.9290      0.9290      0.9290      0.8783
70      B         A            9           SER           92.44            97     97     61     3.587     3.587     2.643     0.8728      0.8728      0.8728      0.7919
71      B         A           10           LEU           94.97            97     97     61     3.587     3.587     2.643     0.9219      0.9219      0.9219      0.8677
72      B         A           11           LEU           96.70            97     97     61     3.587     3.587     2.643     0.9292      0.9292      0.9292      0.8792
73      B         A           12           HIS           94.40            97     97     61     3.587     3.587     2.643     0.8899      0.8899      0.8899      0.8188
74      B         A           13           ALA           95.44            97     97     61     3.587     3.587     2.643     0.8948      0.8948      0.8948      0.8241
75      B         A           14           CYS           95.64            97     97     61     3.587     3.587     2.643     0.9059      0.9059      0.9059      0.8428
76      B         A           15           ILE           96.36            97     97     61     3.587     3.587     2.643     0.9247      0.9247      0.9247      0.8723
77      B         A           16           PRO           95.86            97     97     61     3.587     3.587     2.643     0.9091      0.9091      0.9091      0.8491
78      B         A           17           CYS           93.99            97     97     61     3.587     3.587     2.643     0.8787      0.8787      0.8787      0.8054
79      B         A           18           GLN           92.88            97     97     61     3.587     3.587     2.643     0.8663      0.8663      0.8663      0.7894
80      B         A           19           LEU           95.55            97     97     61     3.587     3.587     2.643     0.9092      0.9092      0.9092      0.8502
81      B         A           20           ARG           92.13            97     97     61     3.587     3.587     2.643     0.8297      0.8297      0.8297      0.7394
82      B         A           21           CYS           88.28            97     97     61     3.587     3.587     2.643     0.7281      0.7281      0.7281      0.6095
83      B         A           22           SER           78.96            97     97     61     3.587     3.587     2.643     0.5361      0.5361      0.5361      0.4018
84      B         A           23           SER           82.84            97     97     61     3.587     3.587     2.643     0.5676      0.5676      0.5676      0.4307
85      B         A           24           ASN           77.20            97     97     61     3.587     3.587     2.643     0.4556      0.4556      0.4556      0.3244
86      B         A           25           THR           79.48            97     97     61     3.587     3.587     2.643     0.5002      0.5002      0.5002      0.3617
87      B         A           26           PRO           83.32            97     97     61     3.587     3.587     2.643     0.6311      0.6311      0.6311      0.4923
88      B         A           27           PRO           85.07            97     97     61     3.587     3.587     2.643     0.7348      0.7348      0.7348      0.6106
89      B         A           28           LEU           82.92            97     97     61     3.587     3.587     2.643     0.6896      0.6896      0.6896      0.5552
90      B         A           29           THR           79.33            97     97     61     3.587     3.587     2.643     0.6587      0.6587      0.6587      0.5210
91      B         A           30           CYS           87.98            97     97     61     3.587     3.587     2.643     0.7657      0.7657      0.7657      0.6483
92      B         A           31           GLN           85.93            97     97     61     3.587     3.587     2.643     0.7071      0.7071      0.7071      0.5758
93      B         A           32           ARG           82.44            97     97     61     3.587     3.587     2.643     0.5974      0.5974      0.5974      0.4516
94      B         A           33           TYR           87.53            97     97     61     3.587     3.587     2.643     0.7069      0.7069      0.7069      0.5772
95      B         A           34           CYS           87.56            97     97     61     3.587     3.587     2.643     0.6339      0.6339      0.6339      0.4973
96      B         A           35           ASN           80.21            97     97     61     3.587     3.587     2.643     0.4215      0.4215      0.4215      0.2907
97      B         A           36           ALA           67.62            97     97     26     3.587     3.587     1.001     0.1099      0.1399      0.1399      0.0125
