i   AlignChn ScoredChain  AlignResNum  AlignResType  AlignRespLDDT      n0chn  n0dom  n0res    d0chn     d0dom     d0res   ipTM_pae  ipSAE_d0chn ipSAE_d0dom    ipSAE 
1       A         B            1           SER           81.34            97     97     24     3.587     3.587     1.001     0.1561      0.1909      0.1909      0.0186
2       A         B            2           GLU           91.07            97     97     36     3.587     3.587     1.621     0.5685      0.5685      0.5685      0.2213
3       A         B            3           LYS           96.56            97     97     36     3.587     3.587     1.621     0.6854      0.6854      0.6854      0.3185
4       A         B            4           GLU           95.96            97     97     36     3.587     3.587     1.621     0.8335      0.8335      0.8335      0.5214
5       A         B            5           MET           93.84            97     97     36     3.587     3.587     1.621     0.8515      0.8515      0.8515      0.5526
6       A         B            6           GLU           93.60            97     97     36     3.587     3.587     1.621     0.8443      0.8443      0.8443      0.5386
7       A         B            7           GLU           96.50            97     97     36     3.587     3.587     1.621     0.8530      0.8530      0.8530      0.5598
8       A         B            8           LEU           96.48            97     97     36     3.587     3.587     1.621     0.9001      0.9001      0.9001      0.6662
9       A         B            9           LYS           93.93            97     97     36     3.587     3.587     1.621     0.9041      0.9041      0.9041      0.6724
10      A         B           10           LYS           94.57            97     97     36     3.587     3.587     1.621     0.8970      0.8970      0.8970      0.6553
11      A         B           11           ARG           97.06            97     97     36     3.587     3.587     1.621     0.9084      0.9084      0.9084      0.6906
12      A         B           12           PHE           96.85            97     97     36     3.587     3.587     1.621     0.9348      0.9348      0.9348      0.7625
13      A         B           13           GLU           93.43            97     97     36     3.587     3.587     1.621     0.9156      0.9156      0.9156      0.7069
14      A         B           14           GLU           96.50            97     97     36     3.587     3.587     1.621     0.9157      0.9157      0.9157      0.7050
15      A         B           15           VAL           97.96            97     97     36     3.587     3.587     1.621     0.9221      0.9221      0.9221      0.7274
16      A         B           16           ARG           95.44            97     97     36     3.587     3.587     1.621     0.9158      0.9158      0.9158      0.7111
17      A         B           17           GLU           95.19            97     97     36     3.587     3.587     1.621     0.9219      0.9219      0.9219      0.7257
18      A         B           18           GLU           98.31            97     97     36     3.587     3.587     1.621     0.9117      0.9117      0.9117      0.6977
19      A         B           19           ALA           98.28            97     97     36     3.587     3.587     1.621     0.9133      0.9133      0.9133      0.7055
20      A         B           20           ARG           95.86            97     97     36     3.587     3.587     1.621     0.8984      0.8984      0.8984      0.6684
21      A         B           21           ARG           98.31            97     97     36     3.587     3.587     1.621     0.8970      0.8970      0.8970      0.6588
22      A         B           22           VAL           98.62            97     97     36     3.587     3.587     1.621     0.8905      0.8905      0.8905      0.6464
23      A         B           23           TRP           97.58            97     97     36     3.587     3.587     1.621     0.8633      0.8633      0.8633      0.5874
24      A         B           24           GLU           98.25            97     97     36     3.587     3.587     1.621     0.8664      0.8664      0.8664      0.5958
25      A         B           25           GLU           98.49            97     97     36     3.587     3.587     1.621     0.8490      0.8490      0.8490      0.5536
26      A         B           26           LYS           97.56            97     97     36     3.587     3.587     1.621     0.7675      0.7675      0.7675      0.4222
27      A         B           27           GLU           97.48            97     97     36     3.587     3.587     1.621     0.7199      0.7199      0.7199      0.3678
28      A         B           28           ARG           98.18            97     97     36     3.587     3.587     1.621     0.7419      0.7419      0.7419      0.3890
29      A         B           29           HIS           98.09            97     97     36     3.587     3.587     1.621     0.6300      0.6300      0.6300      0.2702
30      A         B           30           ARG           96.07            97     97     36     3.587     3.587     1.621     0.3985      0.3985      0.3985      0.1237
31      A         B           31           GLU           98.01            97     97     36     3.587     3.587     1.621     0.4472      0.4472      0.4472      0.1467
32      A         B           32           ASP           98.37            97     97     36     3.587     3.587     1.621     0.5517      0.5517      0.5517      0.2112
33      A         B           33           GLU           98.03            97     97     36     3.587     3.587     1.621     0.4895      0.4895      0.4895      0.1727
34      A         B           34           GLU           98.51            97     97     36     3.587     3.587     1.621     0.5710      0.5710      0.5710      0.2245
35      A         B           35           PHE           98.53            97     97     36     3.587     3.587     1.621     0.7476      0.7476      0.7476      0.3945
36      A         B           36           VAL           98.43            97     97     36     3.587     3.587     1.621     0.7363      0.7363      0.7363      0.3875
37      A         B           37           GLU           98.39            97     97     36     3.587     3.587     1.621     0.7251      0.7251      0.7251      0.3714
38      A         B           38           GLU           98.40            97     97     36     3.587     3.587     1.621     0.7897      0.7897      0.7897      0.4543
39      A         B           39           LEU           98.62            97     97     36     3.587     3.587     1.621     0.8414      0.8414      0.8414      0.5478
40      A         B           40           GLU           97.88            97     97     36     3.587     3.587     1.621     0.8273      0.8273      0.8273      0.5224
41      A         B           41           ARG           98.56            97     97     36     3.587     3.587     1.621     0.8223      0.8223      0.8223      0.5124
42      A         B           42           ARG           98.47            97     97     36     3.587     3.587     1.621     0.8853      0.8853      0.8853      0.6374
43      A         B           43           MET           98.27            97     97     36     3.587     3.587     1.621     0.8933      0.8933      0.8933      0.6577
44      A         B           44           GLU           98.24            97     97     36     3.587     3.587     1.621     0.8720      0.8720      0.8720      0.6095
45      A         B           45           GLU           98.55            97     97     36     3.587     3.587     1.621     0.8894      0.8894      0.8894      0.6458
46      A         B           46           LEU           98.69            97     97     36     3.587     3.587     1.621     0.9234      0.9234      0.9234      0.7350
47      A         B           47           ARG           98.34            97     97     36     3.587     3.587     1.621     0.9104      0.9104      0.9104      0.6994
48      A         B           48           GLU           98.48            97     97     36     3.587     3.587     1.621     0.8925      0.8925      0.8925      0.6560
49      A         B           49           GLU           97.97            97     97     36     3.587     3.587     1.621     0.9211      0.9211      0.9211      0.7260
50      A         B           50           VAL           97.67            97     97     36     3.587     3.587     1.621     0.9113      0.9113      0.9113      0.7030
51      A         B           51           ARG           97.94            97     97     36     3.587     3.587     1.621     0.9050      0.9050      0.9050      0.6856
52      A         B           52           GLU           98.17            97     97     36     3.587     3.587     1.621     0.8988      0.8988      0.8988      0.6699
53      A         B           53           ILE           98.22            97     97     36     3.587     3.587     1.621     0.9312      0.9312      0.9312      0.7545
54      A         B           54           VAL           97.97            97     97     36     3.587     3.587     1.621     0.9301      0.9301      0.9301      0.7513
55      A         B           55           ARG           97.97            97     97     36     3.587     3.587     1.621     0.9063      0.9063      0.9063      0.6902
56      A         B           56           ARG           97.59            97     97     36     3.587     3.587     1.621     0.9017      0.9017      0.9017      0.6723
57      A         B           57           TYR           97.15            97     97     36     3.587     3.587     1.621     0.9194      0.9194      0.9194      0.7156
58      A         B           58           TYR           96.73            97     97     36     3.587     3.587     1.621     0.9112      0.9112      0.9112      0.6947
59      A         B           59           GLU           96.44            97     97     36     3.587     3.587     1.621     0.8650      0.8650      0.8650      0.5930
60      A         B           60           LEU           95.01            97     97     36     3.587     3.587     1.621     0.7841      0.7841      0.7841      0.4434
61      A         B           61           MET           84.52            97     97     36     3.587     3.587     1.621     0.3786      0.3786      0.3786      0.1154
62      B         A            1           CYS           90.14            97     97     61     3.587     3.587     2.643     0.4983      0.4983      0.4983      0.3553
63      B         A            2           SER           88.28            97     97     61     3.587     3.587     2.643     0.5952      0.5952      0.5952      0.4504
64      B         A            3           GLN           86.16            97     97     61     3.587     3.587     2.643     0.4380      0.4380      0.4380      0.3059
65      B         A            4           ASN           87.29            97     97     61     3.587     3.587     2.643     0.6717      0.6717      0.6717      0.5404
66      B         A            5           GLU           94.28            97     97     61     3.587     3.587     2.643     0.8589      0.8589      0.8589      0.7725
67      B         A            6           TYR           92.53            97     97     61     3.587     3.587     2.643     0.9001      0.9001      0.9001      0.8333
68      B         A            7           PHE           94.11            97     97     61     3.587     3.587     2.643     0.9165      0.9165      0.9165      0.8584
69      B         A            8           ASP           96.12            97     97     61     3.587     3.587     2.643     0.9261      0.9261      0.9261      0.8739
70      B         A            9           SER           92.99            97     97     61     3.587     3.587     2.643     0.8713      0.8713      0.8713      0.7898
71      B         A           10           LEU           95.38            97     97     61     3.587     3.587     2.643     0.9204      0.9204      0.9204      0.8657
72      B         A           11           LEU           97.31            97     97     61     3.587     3.587     2.643     0.9284      0.9284      0.9284      0.8782
73      B         A           12           HIS           96.55            97     97     61     3.587     3.587     2.643     0.9087      0.9087      0.9087      0.8475
74      B         A           13           ALA           96.73            97     97     61     3.587     3.587     2.643     0.9008      0.9008      0.9008      0.8337
75      B         A           14           CYS           96.58            97     97     61     3.587     3.587     2.643     0.9108      0.9108      0.9108      0.8505
76      B         A           15           ILE           96.47            97     97     61     3.587     3.587     2.643     0.9207      0.9207      0.9207      0.8661
77      B         A           16           PRO           95.88            97     97     61     3.587     3.587     2.643     0.8995      0.8995      0.8995      0.8346
78      B         A           17           CYS           93.99            97     97     61     3.587     3.587     2.643     0.8615      0.8615      0.8615      0.7811
79      B         A           18           GLN           92.86            97     97     61     3.587     3.587     2.643     0.8489      0.8489      0.8489      0.7654
80      B         A           19           LEU           95.55            97     97     61     3.587     3.587     2.643     0.8898      0.8898      0.8898      0.8215
81      B         A           20           ARG           92.07            97     97     61     3.587     3.587     2.643     0.7888      0.7888      0.7888      0.6865
82      B         A           21           CYS           88.26            97     97     61     3.587     3.587     2.643     0.6692      0.6692      0.6692      0.5418
83      B         A           22           SER           78.72            97     97     61     3.587     3.587     2.643     0.4471      0.4471      0.4471      0.3174
84      B         A           23           SER           81.42            97     97     61     3.587     3.587     2.643     0.4670      0.4670      0.4670      0.3335
85      B         A           24           ASN           76.18            97     97     61     3.587     3.587     2.643     0.3761      0.3761      0.3761      0.2548
86      B         A           25           THR           77.05            97     97     61     3.587     3.587     2.643     0.4274      0.4274      0.4274      0.2962
87      B         A           26           PRO           82.70            97     97     61     3.587     3.587     2.643     0.5644      0.5644      0.5644      0.4227
88      B         A           27           PRO           85.08            97     97     61     3.587     3.587     2.643     0.6759      0.6759      0.6759      0.5413
89      B         A           28           LEU           83.07            97     97     61     3.587     3.587     2.643     0.6329      0.6329      0.6329      0.4927
90      B         A           29           THR           80.10            97     97     61     3.587     3.587     2.643     0.6038      0.6038      0.6038      0.4618
91      B         A           30           CYS           87.62            97     97     61     3.587     3.587     2.643     0.7069      0.7069      0.7069      0.5765
92      B         A           31           GLN           84.22            97     97     61     3.587     3.587     2.643     0.6419      0.6419      0.6419      0.5017
93      B         A           32           ARG           81.61            97     97     61     3.587     3.587     2.643     0.5417      0.5417      0.5417      0.3956
94      B         A           33           TYR           87.01            97     97     61     3.587     3.587     2.643     0.6472      0.6472      0.6472      0.5090
95      B         A           34           CYS           86.73            97     97     61     3.587     3.587     2.643     0.5819      0.5819      0.5819      0.4419
96      B         A           35           ASN           79.48            97     97     61     3.587     3.587     2.643     0.3631      0.3631      0.3631      0.2421
97      B         A           36           ALA           67.49            97     97      8     3.587     3.587     1.001     0.0859      0.1291      0.1291      0.0114
