i   AlignChn ScoredChain  AlignResNum  AlignResType  AlignRespLDDT      n0chn  n0dom  n0res    d0chn     d0dom     d0res   ipTM_pae  ipSAE_d0chn ipSAE_d0dom    ipSAE 
1       A         B            1           SER           73.17            90     90      9     3.429     3.429     1.001     0.1000      0.1815      0.1815      0.0189
2       A         B            2           SER           89.10            90     90     36     3.429     3.429     1.621     0.4456      0.4456      0.4456      0.1669
3       A         B            3           LEU           92.83            90     90     36     3.429     3.429     1.621     0.7011      0.7011      0.7011      0.3725
4       A         B            4           ALA           93.43            90     90     36     3.429     3.429     1.621     0.7276      0.7276      0.7276      0.4032
5       A         B            5           GLU           91.36            90     90     36     3.429     3.429     1.621     0.8524      0.8524      0.8524      0.5876
6       A         B            6           LEU           95.13            90     90     36     3.429     3.429     1.621     0.8646      0.8646      0.8646      0.6113
7       A         B            7           LYS           95.25            90     90     36     3.429     3.429     1.621     0.8425      0.8425      0.8425      0.5711
8       A         B            8           LEU           94.88            90     90     36     3.429     3.429     1.621     0.8843      0.8843      0.8843      0.6517
9       A         B            9           LEU           97.08            90     90     36     3.429     3.429     1.621     0.9255      0.9255      0.9255      0.7501
10      A         B           10           SER           96.21            90     90     36     3.429     3.429     1.621     0.9021      0.9021      0.9021      0.6926
11      A         B           11           LYS           95.98            90     90     36     3.429     3.429     1.621     0.8929      0.8929      0.8929      0.6722
12      A         B           12           TYR           96.78            90     90     36     3.429     3.429     1.621     0.9231      0.9231      0.9231      0.7425
13      A         B           13           ALA           98.02            90     90     36     3.429     3.429     1.621     0.9382      0.9382      0.9382      0.7843
14      A         B           14           GLU           96.43            90     90     36     3.429     3.429     1.621     0.9165      0.9165      0.9165      0.7284
15      A         B           15           LYS           95.89            90     90     36     3.429     3.429     1.621     0.9092      0.9092      0.9092      0.7082
16      A         B           16           ILE           97.13            90     90     36     3.429     3.429     1.621     0.9382      0.9382      0.9382      0.7816
17      A         B           17           PHE           98.26            90     90     36     3.429     3.429     1.621     0.9436      0.9436      0.9436      0.7978
18      A         B           18           ASN           96.70            90     90     36     3.429     3.429     1.621     0.9245      0.9245      0.9245      0.7464
19      A         B           19           GLU           96.90            90     90     36     3.429     3.429     1.621     0.9206      0.9206      0.9206      0.7325
20      A         B           20           ALA           98.15            90     90     36     3.429     3.429     1.621     0.9186      0.9186      0.9186      0.7254
21      A         B           21           LEU           97.39            90     90     36     3.429     3.429     1.621     0.9144      0.9144      0.9144      0.7139
22      A         B           22           LYS           97.79            90     90     36     3.429     3.429     1.621     0.8910      0.8910      0.8910      0.6598
23      A         B           23           ASP           98.31            90     90     36     3.429     3.429     1.621     0.8881      0.8881      0.8881      0.6482
24      A         B           24           PRO           97.64            90     90     36     3.429     3.429     1.621     0.8335      0.8335      0.8335      0.5402
25      A         B           25           LYS           98.23            90     90     36     3.429     3.429     1.621     0.8378      0.8378      0.8378      0.5486
26      A         B           26           LEU           98.09            90     90     36     3.429     3.429     1.621     0.9360      0.9360      0.9360      0.7723
27      A         B           27           PHE           98.31            90     90     36     3.429     3.429     1.621     0.9372      0.9372      0.9372      0.7757
28      A         B           28           GLU           97.48            90     90     36     3.429     3.429     1.621     0.9085      0.9085      0.9085      0.6988
29      A         B           29           GLU           97.53            90     90     36     3.429     3.429     1.621     0.9320      0.9320      0.9320      0.7631
30      A         B           30           VAL           98.37            90     90     36     3.429     3.429     1.621     0.9558      0.9558      0.9558      0.8346
31      A         B           31           SER           97.78            90     90     36     3.429     3.429     1.621     0.9404      0.9404      0.9404      0.7868
32      A         B           32           LYS           97.22            90     90     36     3.429     3.429     1.621     0.9272      0.9272      0.9272      0.7489
33      A         B           33           MET           98.04            90     90     36     3.429     3.429     1.621     0.9422      0.9422      0.9422      0.7937
34      A         B           34           LEU           98.02            90     90     36     3.429     3.429     1.621     0.9464      0.9464      0.9464      0.8043
35      A         B           35           ASN           96.00            90     90     36     3.429     3.429     1.621     0.9086      0.9086      0.9086      0.7025
36      A         B           36           THR           95.24            90     90     36     3.429     3.429     1.621     0.8940      0.8940      0.8940      0.6657
37      A         B           37           GLU           92.67            90     90     36     3.429     3.429     1.621     0.8512      0.8512      0.8512      0.5739
38      A         B           38           LYS           97.11            90     90     36     3.429     3.429     1.621     0.8054      0.8054      0.8054      0.4958
39      A         B           39           GLY           97.63            90     90     36     3.429     3.429     1.621     0.8772      0.8772      0.8772      0.6317
40      A         B           40           ARG           96.68            90     90     36     3.429     3.429     1.621     0.9116      0.9116      0.9116      0.7082
41      A         B           41           LEU           98.11            90     90     36     3.429     3.429     1.621     0.9200      0.9200      0.9200      0.7295
42      A         B           42           GLU           98.25            90     90     36     3.429     3.429     1.621     0.8956      0.8956      0.8956      0.6704
43      A         B           43           LEU           98.18            90     90     36     3.429     3.429     1.621     0.9247      0.9247      0.9247      0.7434
44      A         B           44           LEU           97.58            90     90     36     3.429     3.429     1.621     0.9284      0.9284      0.9284      0.7537
45      A         B           45           GLU           97.86            90     90     36     3.429     3.429     1.621     0.8994      0.8994      0.8994      0.6807
46      A         B           46           LYS           96.64            90     90     36     3.429     3.429     1.621     0.8933      0.8933      0.8933      0.6669
47      A         B           47           VAL           97.55            90     90     36     3.429     3.429     1.621     0.9027      0.9027      0.9027      0.6885
48      A         B           48           GLN           95.56            90     90     36     3.429     3.429     1.621     0.8980      0.8980      0.8980      0.6757
49      A         B           49           GLU           96.54            90     90     36     3.429     3.429     1.621     0.8211      0.8211      0.8211      0.5262
50      A         B           50           MET           95.31            90     90     36     3.429     3.429     1.621     0.8335      0.8335      0.8335      0.5461
51      A         B           51           ILE           95.02            90     90     36     3.429     3.429     1.621     0.7900      0.7900      0.7900      0.4739
52      A         B           52           LYS           92.91            90     90     36     3.429     3.429     1.621     0.6802      0.6802      0.6802      0.3391
53      A         B           53           LYS           89.13            90     90     36     3.429     3.429     1.621     0.3753      0.3753      0.3753      0.1271
54      A         B           54           GLU           66.71            90     90     11     3.429     3.429     1.001     0.0999      0.1424      0.1424      0.0140
55      B         A            1           CYS           93.20            90     90     54     3.429     3.429     2.405     0.4615      0.4615      0.4615      0.3017
56      B         A            2           SER           89.36            90     90     54     3.429     3.429     2.405     0.5567      0.5567      0.5567      0.3900
57      B         A            3           GLN           92.81            90     90     54     3.429     3.429     2.405     0.5002      0.5002      0.5002      0.3358
58      B         A            4           ASN           95.06            90     90     54     3.429     3.429     2.405     0.7646      0.7646      0.7646      0.6238
59      B         A            5           GLU           96.96            90     90     54     3.429     3.429     2.405     0.8759      0.8759      0.8759      0.7800
60      B         A            6           TYR           97.58            90     90     54     3.429     3.429     2.405     0.9194      0.9194      0.9194      0.8507
61      B         A            7           PHE           97.40            90     90     54     3.429     3.429     2.405     0.9329      0.9329      0.9329      0.8741
62      B         A            8           ASP           97.67            90     90     54     3.429     3.429     2.405     0.9390      0.9390      0.9390      0.8848
63      B         A            9           SER           95.41            90     90     54     3.429     3.429     2.405     0.8836      0.8836      0.8836      0.7923
64      B         A           10           LEU           96.67            90     90     54     3.429     3.429     2.405     0.9384      0.9384      0.9384      0.8840
65      B         A           11           LEU           97.54            90     90     54     3.429     3.429     2.405     0.9458      0.9458      0.9458      0.8974
66      B         A           12           HIS           96.95            90     90     54     3.429     3.429     2.405     0.9352      0.9352      0.9352      0.8786
67      B         A           13           ALA           97.36            90     90     54     3.429     3.429     2.405     0.9120      0.9120      0.9120      0.8385
68      B         A           14           CYS           97.40            90     90     54     3.429     3.429     2.405     0.9274      0.9274      0.9274      0.8647
69      B         A           15           ILE           98.02            90     90     54     3.429     3.429     2.405     0.9338      0.9338      0.9338      0.8762
70      B         A           16           PRO           97.63            90     90     54     3.429     3.429     2.405     0.9275      0.9275      0.9275      0.8653
71      B         A           17           CYS           98.25            90     90     54     3.429     3.429     2.405     0.9175      0.9175      0.9175      0.8494
72      B         A           18           GLN           97.23            90     90     54     3.429     3.429     2.405     0.9050      0.9050      0.9050      0.8310
73      B         A           19           LEU           98.15            90     90     54     3.429     3.429     2.405     0.9347      0.9347      0.9347      0.8800
74      B         A           20           ARG           97.60            90     90     54     3.429     3.429     2.405     0.8941      0.8941      0.8941      0.8135
75      B         A           21           CYS           96.06            90     90     54     3.429     3.429     2.405     0.8337      0.8337      0.8337      0.7206
76      B         A           22           SER           91.21            90     90     54     3.429     3.429     2.405     0.6717      0.6717      0.6717      0.5205
77      B         A           23           SER           91.74            90     90     54     3.429     3.429     2.405     0.6406      0.6406      0.6406      0.4873
78      B         A           24           ASN           88.14            90     90     54     3.429     3.429     2.405     0.5507      0.5507      0.5507      0.3945
79      B         A           25           THR           90.69            90     90     54     3.429     3.429     2.405     0.5868      0.5868      0.5868      0.4234
80      B         A           26           PRO           95.39            90     90     54     3.429     3.429     2.405     0.7238      0.7238      0.7238      0.5729
81      B         A           27           PRO           95.82            90     90     54     3.429     3.429     2.405     0.8027      0.8027      0.8027      0.6752
82      B         A           28           LEU           94.21            90     90     54     3.429     3.429     2.405     0.7486      0.7486      0.7486      0.6022
83      B         A           29           THR           93.99            90     90     54     3.429     3.429     2.405     0.7235      0.7235      0.7235      0.5713
84      B         A           30           CYS           97.54            90     90     54     3.429     3.429     2.405     0.8269      0.8269      0.8269      0.7069
85      B         A           31           GLN           96.19            90     90     54     3.429     3.429     2.405     0.7825      0.7825      0.7825      0.6442
86      B         A           32           ARG           94.36            90     90     54     3.429     3.429     2.405     0.6483      0.6483      0.6483      0.4826
87      B         A           33           TYR           96.87            90     90     54     3.429     3.429     2.405     0.7909      0.7909      0.7909      0.6583
88      B         A           34           CYS           96.91            90     90     54     3.429     3.429     2.405     0.7163      0.7163      0.7163      0.5643
89      B         A           35           ASN           92.72            90     90     54     3.429     3.429     2.405     0.5245      0.5245      0.5245      0.3574
90      B         A           36           ALA           82.12            90     90     31     3.429     3.429     1.325     0.1241      0.1564      0.1564      0.0272
