i   AlignChn ScoredChain  AlignResNum  AlignResType  AlignRespLDDT      n0chn  n0dom  n0res    d0chn     d0dom     d0res   ipTM_pae  ipSAE_d0chn ipSAE_d0dom    ipSAE 
1       A         B            1           SER           73.02            90     90      6     3.429     3.429     1.001     0.0758      0.1551      0.1551      0.0155
2       A         B            2           SER           88.42            90     90     36     3.429     3.429     1.621     0.3859      0.3859      0.3859      0.1345
3       A         B            3           LEU           92.71            90     90     36     3.429     3.429     1.621     0.6556      0.6556      0.6556      0.3263
4       A         B            4           ALA           93.46            90     90     36     3.429     3.429     1.621     0.6907      0.6907      0.6907      0.3603
5       A         B            5           GLU           91.70            90     90     36     3.429     3.429     1.621     0.8145      0.8145      0.8145      0.5231
6       A         B            6           LEU           95.26            90     90     36     3.429     3.429     1.621     0.8295      0.8295      0.8295      0.5482
7       A         B            7           LYS           95.49            90     90     36     3.429     3.429     1.621     0.8113      0.8113      0.8113      0.5194
8       A         B            8           LEU           95.69            90     90     36     3.429     3.429     1.621     0.8634      0.8634      0.8634      0.6116
9       A         B            9           LEU           97.29            90     90     36     3.429     3.429     1.621     0.9066      0.9066      0.9066      0.7070
10      A         B           10           SER           96.42            90     90     36     3.429     3.429     1.621     0.8800      0.8800      0.8800      0.6459
11      A         B           11           LYS           96.37            90     90     36     3.429     3.429     1.621     0.8740      0.8740      0.8740      0.6353
12      A         B           12           TYR           97.40            90     90     36     3.429     3.429     1.621     0.9062      0.9062      0.9062      0.7050
13      A         B           13           ALA           98.31            90     90     36     3.429     3.429     1.621     0.9251      0.9251      0.9251      0.7536
14      A         B           14           GLU           96.88            90     90     36     3.429     3.429     1.621     0.8928      0.8928      0.8928      0.6741
15      A         B           15           LYS           96.72            90     90     36     3.429     3.429     1.621     0.8921      0.8921      0.8921      0.6733
16      A         B           16           ILE           97.88            90     90     36     3.429     3.429     1.621     0.9200      0.9200      0.9200      0.7365
17      A         B           17           PHE           98.48            90     90     36     3.429     3.429     1.621     0.9270      0.9270      0.9270      0.7560
18      A         B           18           ASN           97.19            90     90     36     3.429     3.429     1.621     0.9029      0.9029      0.9029      0.6979
19      A         B           19           GLU           97.50            90     90     36     3.429     3.429     1.621     0.9014      0.9014      0.9014      0.6892
20      A         B           20           ALA           98.40            90     90     36     3.429     3.429     1.621     0.9026      0.9026      0.9026      0.6897
21      A         B           21           LEU           97.71            90     90     36     3.429     3.429     1.621     0.8944      0.8944      0.8944      0.6694
22      A         B           22           LYS           98.00            90     90     36     3.429     3.429     1.621     0.8628      0.8628      0.8628      0.6058
23      A         B           23           ASP           98.45            90     90     36     3.429     3.429     1.621     0.8686      0.8686      0.8686      0.6096
24      A         B           24           PRO           97.89            90     90     36     3.429     3.429     1.621     0.8153      0.8153      0.8153      0.5102
25      A         B           25           LYS           98.39            90     90     36     3.429     3.429     1.621     0.8272      0.8272      0.8272      0.5324
26      A         B           26           LEU           98.34            90     90     36     3.429     3.429     1.621     0.9266      0.9266      0.9266      0.7507
27      A         B           27           PHE           98.52            90     90     36     3.429     3.429     1.621     0.9236      0.9236      0.9236      0.7409
28      A         B           28           GLU           97.89            90     90     36     3.429     3.429     1.621     0.8957      0.8957      0.8957      0.6708
29      A         B           29           GLU           97.96            90     90     36     3.429     3.429     1.621     0.9204      0.9204      0.9204      0.7360
30      A         B           30           VAL           98.64            90     90     36     3.429     3.429     1.621     0.9438      0.9438      0.9438      0.8042
31      A         B           31           SER           98.14            90     90     36     3.429     3.429     1.621     0.9275      0.9275      0.9275      0.7540
32      A         B           32           LYS           97.75            90     90     36     3.429     3.429     1.621     0.9095      0.9095      0.9095      0.7059
33      A         B           33           MET           98.42            90     90     36     3.429     3.429     1.621     0.9271      0.9271      0.9271      0.7546
34      A         B           34           LEU           98.39            90     90     36     3.429     3.429     1.621     0.9326      0.9326      0.9326      0.7674
35      A         B           35           ASN           96.73            90     90     36     3.429     3.429     1.621     0.8883      0.8883      0.8883      0.6565
36      A         B           36           THR           96.15            90     90     36     3.429     3.429     1.621     0.8797      0.8797      0.8797      0.6345
37      A         B           37           GLU           94.86            90     90     36     3.429     3.429     1.621     0.8438      0.8438      0.8438      0.5596
38      A         B           38           LYS           97.60            90     90     36     3.429     3.429     1.621     0.8022      0.8022      0.8022      0.4911
39      A         B           39           GLY           98.04            90     90     36     3.429     3.429     1.621     0.8649      0.8649      0.8649      0.6067
40      A         B           40           ARG           97.58            90     90     36     3.429     3.429     1.621     0.8905      0.8905      0.8905      0.6582
41      A         B           41           LEU           98.48            90     90     36     3.429     3.429     1.621     0.9040      0.9040      0.9040      0.6926
42      A         B           42           GLU           98.44            90     90     36     3.429     3.429     1.621     0.8765      0.8765      0.8765      0.6299
43      A         B           43           LEU           98.44            90     90     36     3.429     3.429     1.621     0.9061      0.9061      0.9061      0.6985
44      A         B           44           LEU           98.09            90     90     36     3.429     3.429     1.621     0.9126      0.9126      0.9126      0.7153
45      A         B           45           GLU           98.41            90     90     36     3.429     3.429     1.621     0.8744      0.8744      0.8744      0.6275
46      A         B           46           LYS           97.12            90     90     36     3.429     3.429     1.621     0.8652      0.8652      0.8652      0.6085
47      A         B           47           VAL           97.97            90     90     36     3.429     3.429     1.621     0.8829      0.8829      0.8829      0.6451
48      A         B           48           GLN           96.20            90     90     36     3.429     3.429     1.621     0.8710      0.8710      0.8710      0.6187
49      A         B           49           GLU           97.18            90     90     36     3.429     3.429     1.621     0.7873      0.7873      0.7873      0.4734
50      A         B           50           MET           96.13            90     90     36     3.429     3.429     1.621     0.7984      0.7984      0.7984      0.4889
51      A         B           51           ILE           95.68            90     90     36     3.429     3.429     1.621     0.7656      0.7656      0.7656      0.4405
52      A         B           52           LYS           94.37            90     90     36     3.429     3.429     1.621     0.6669      0.6669      0.6669      0.3239
53      A         B           53           LYS           91.88            90     90     36     3.429     3.429     1.621     0.3454      0.3454      0.3454      0.1124
54      A         B           54           GLU           72.96            90     90      1     3.429     3.429     1.001     0.0626      0.1243      0.1243      0.0119
55      B         A            1           CYS           93.96            90     89     54     3.429     3.406     2.405     0.4700      0.4700      0.4667      0.3086
56      B         A            2           SER           89.99            90     89     54     3.429     3.406     2.405     0.5352      0.5352      0.5319      0.3691
57      B         A            3           GLN           92.66            90     89     54     3.429     3.406     2.405     0.4379      0.4379      0.4347      0.2823
58      B         A            4           ASN           95.20            90     89     54     3.429     3.406     2.405     0.7306      0.7306      0.7280      0.5820
59      B         A            5           GLU           97.45            90     89     54     3.429     3.406     2.405     0.8632      0.8632      0.8616      0.7615
60      B         A            6           TYR           97.86            90     89     54     3.429     3.406     2.405     0.9031      0.9031      0.9019      0.8242
61      B         A            7           PHE           97.77            90     89     54     3.429     3.406     2.405     0.9201      0.9201      0.9191      0.8529
62      B         A            8           ASP           98.06            90     89     54     3.429     3.406     2.405     0.9248      0.9248      0.9239      0.8608
63      B         A            9           SER           96.02            90     89     54     3.429     3.406     2.405     0.8548      0.8548      0.8531      0.7481
64      B         A           10           LEU           97.28            90     89     54     3.429     3.406     2.405     0.9232      0.9232      0.9222      0.8581
65      B         A           11           LEU           97.91            90     89     54     3.429     3.406     2.405     0.9312      0.9312      0.9304      0.8724
66      B         A           12           HIS           97.19            90     89     54     3.429     3.406     2.405     0.9164      0.9164      0.9154      0.8468
67      B         A           13           ALA           97.74            90     89     54     3.429     3.406     2.405     0.9003      0.9003      0.8991      0.8197
68      B         A           14           CYS           97.68            90     89     54     3.429     3.406     2.405     0.9155      0.9155      0.9145      0.8453
69      B         A           15           ILE           98.33            90     89     54     3.429     3.406     2.405     0.9190      0.9190      0.9180      0.8521
70      B         A           16           PRO           97.95            90     89     54     3.429     3.406     2.405     0.9134      0.9134      0.9124      0.8429
71      B         A           17           CYS           98.32            90     89     54     3.429     3.406     2.405     0.8982      0.8982      0.8970      0.8192
72      B         A           18           GLN           96.55            90     89     54     3.429     3.406     2.405     0.8584      0.8584      0.8568      0.7613
73      B         A           19           LEU           98.38            90     89     54     3.429     3.406     2.405     0.9159      0.9159      0.9149      0.8503
74      B         A           20           ARG           97.88            90     89     54     3.429     3.406     2.405     0.8666      0.8666      0.8651      0.7730
75      B         A           21           CYS           96.48            90     89     54     3.429     3.406     2.405     0.8022      0.8022      0.8002      0.6778
76      B         A           22           SER           92.09            90     89     54     3.429     3.406     2.405     0.6149      0.6149      0.6120      0.4588
77      B         A           23           SER           92.92            90     89     54     3.429     3.406     2.405     0.5895      0.5895      0.5866      0.4341
78      B         A           24           ASN           89.34            90     89     54     3.429     3.406     2.405     0.4924      0.4924      0.4894      0.3397
79      B         A           25           THR           91.80            90     89     54     3.429     3.406     2.405     0.5469      0.5469      0.5437      0.3844
80      B         A           26           PRO           96.01            90     89     54     3.429     3.406     2.405     0.6877      0.6877      0.6849      0.5305
81      B         A           27           PRO           96.64            90     89     54     3.429     3.406     2.405     0.7803      0.7803      0.7781      0.6461
82      B         A           28           LEU           94.83            90     89     54     3.429     3.406     2.405     0.7303      0.7303      0.7277      0.5803
83      B         A           29           THR           94.88            90     89     54     3.429     3.406     2.405     0.7123      0.7123      0.7096      0.5587
84      B         A           30           CYS           97.76            90     89     54     3.429     3.406     2.405     0.8050      0.8050      0.8029      0.6773
85      B         A           31           GLN           96.47            90     89     54     3.429     3.406     2.405     0.7608      0.7608      0.7584      0.6167
86      B         A           32           ARG           94.28            90     89     54     3.429     3.406     2.405     0.6126      0.6126      0.6094      0.4450
87      B         A           33           TYR           96.90            90     89     54     3.429     3.406     2.405     0.7513      0.7513      0.7489      0.6076
88      B         A           34           CYS           97.17            90     89     54     3.429     3.406     2.405     0.6682      0.6682      0.6654      0.5098
89      B         A           35           ASN           91.86            90     89     54     3.429     3.406     2.405     0.3490      0.3490      0.3461      0.2131
90      B         A           36           ALA           74.03            90     89      0     3.429     3.406     1.001     0.0546      0.0000      0.0000      0.0000
