i   AlignChn ScoredChain  AlignResNum  AlignResType  AlignRespLDDT      n0chn  n0dom  n0res    d0chn     d0dom     d0res   ipTM_pae  ipSAE_d0chn ipSAE_d0dom    ipSAE 
1       A         B            1           SER           68.67            90     89      0     3.429     3.406     1.001     0.0403      0.0000      0.0000      0.0000
2       A         B            2           SER           87.25            90     89     36     3.429     3.406     1.621     0.3440      0.3440      0.3412      0.1149
3       A         B            3           LEU           91.09            90     89     36     3.429     3.406     1.621     0.6367      0.6367      0.6338      0.3091
4       A         B            4           ALA           93.54            90     89     36     3.429     3.406     1.621     0.6852      0.6852      0.6825      0.3550
5       A         B            5           GLU           91.35            90     89     36     3.429     3.406     1.621     0.8196      0.8196      0.8177      0.5308
6       A         B            6           LEU           94.74            90     89     36     3.429     3.406     1.621     0.8352      0.8352      0.8334      0.5567
7       A         B            7           LYS           95.16            90     89     36     3.429     3.406     1.621     0.8210      0.8210      0.8191      0.5334
8       A         B            8           LEU           95.43            90     89     36     3.429     3.406     1.621     0.8682      0.8682      0.8667      0.6189
9       A         B            9           LEU           97.07            90     89     36     3.429     3.406     1.621     0.9106      0.9106      0.9095      0.7130
10      A         B           10           SER           96.00            90     89     36     3.429     3.406     1.621     0.8803      0.8803      0.8789      0.6446
11      A         B           11           LYS           96.18            90     89     36     3.429     3.406     1.621     0.8750      0.8750      0.8736      0.6341
12      A         B           12           TYR           97.24            90     89     36     3.429     3.406     1.621     0.9071      0.9071      0.9060      0.7036
13      A         B           13           ALA           98.16            90     89     36     3.429     3.406     1.621     0.9249      0.9249      0.9240      0.7487
14      A         B           14           GLU           96.54            90     89     36     3.429     3.406     1.621     0.8988      0.8988      0.8976      0.6864
15      A         B           15           LYS           96.32            90     89     36     3.429     3.406     1.621     0.8904      0.8904      0.8891      0.6659
16      A         B           16           ILE           97.63            90     89     36     3.429     3.406     1.621     0.9251      0.9251      0.9242      0.7460
17      A         B           17           PHE           98.39            90     89     36     3.429     3.406     1.621     0.9309      0.9309      0.9300      0.7622
18      A         B           18           ASN           97.00            90     89     36     3.429     3.406     1.621     0.9080      0.9080      0.9069      0.7060
19      A         B           19           GLU           97.39            90     89     36     3.429     3.406     1.621     0.9050      0.9050      0.9039      0.6944
20      A         B           20           ALA           98.31            90     89     36     3.429     3.406     1.621     0.9038      0.9038      0.9026      0.6884
21      A         B           21           LEU           97.72            90     89     36     3.429     3.406     1.621     0.9000      0.9000      0.8988      0.6792
22      A         B           22           LYS           97.98            90     89     36     3.429     3.406     1.621     0.8704      0.8704      0.8689      0.6170
23      A         B           23           ASP           98.41            90     89     36     3.429     3.406     1.621     0.8717      0.8717      0.8702      0.6131
24      A         B           24           PRO           97.83            90     89     36     3.429     3.406     1.621     0.8136      0.8136      0.8116      0.5064
25      A         B           25           LYS           98.31            90     89     36     3.429     3.406     1.621     0.8233      0.8233      0.8214      0.5234
26      A         B           26           LEU           98.27            90     89     36     3.429     3.406     1.621     0.9280      0.9280      0.9271      0.7500
27      A         B           27           PHE           98.44            90     89     36     3.429     3.406     1.621     0.9256      0.9256      0.9247      0.7432
28      A         B           28           GLU           97.50            90     89     36     3.429     3.406     1.621     0.8749      0.8749      0.8734      0.6213
29      A         B           29           GLU           97.79            90     89     36     3.429     3.406     1.621     0.9200      0.9200      0.9190      0.7310
30      A         B           30           VAL           98.52            90     89     36     3.429     3.406     1.621     0.9468      0.9468      0.9461      0.8072
31      A         B           31           SER           98.03            90     89     36     3.429     3.406     1.621     0.9296      0.9296      0.9287      0.7561
32      A         B           32           LYS           97.55            90     89     36     3.429     3.406     1.621     0.9127      0.9127      0.9117      0.7109
33      A         B           33           MET           98.23            90     89     36     3.429     3.406     1.621     0.9308      0.9308      0.9299      0.7612
34      A         B           34           LEU           98.19            90     89     36     3.429     3.406     1.621     0.9356      0.9356      0.9348      0.7725
35      A         B           35           ASN           96.43            90     89     36     3.429     3.406     1.621     0.8873      0.8873      0.8859      0.6528
36      A         B           36           THR           95.53            90     89     36     3.429     3.406     1.621     0.8738      0.8738      0.8723      0.6212
37      A         B           37           GLU           93.89            90     89     36     3.429     3.406     1.621     0.8343      0.8343      0.8324      0.5424
38      A         B           38           LYS           97.24            90     89     36     3.429     3.406     1.621     0.7840      0.7840      0.7817      0.4638
39      A         B           39           GLY           97.74            90     89     36     3.429     3.406     1.621     0.8592      0.8592      0.8575      0.5945
40      A         B           40           ARG           96.91            90     89     36     3.429     3.406     1.621     0.8941      0.8941      0.8928      0.6652
41      A         B           41           LEU           98.20            90     89     36     3.429     3.406     1.621     0.9063      0.9063      0.9051      0.6949
42      A         B           42           GLU           98.32            90     89     36     3.429     3.406     1.621     0.8792      0.8792      0.8778      0.6338
43      A         B           43           LEU           98.28            90     89     36     3.429     3.406     1.621     0.9117      0.9117      0.9106      0.7097
44      A         B           44           LEU           97.85            90     89     36     3.429     3.406     1.621     0.9154      0.9154      0.9144      0.7192
45      A         B           45           GLU           98.23            90     89     36     3.429     3.406     1.621     0.8806      0.8806      0.8792      0.6381
46      A         B           46           LYS           96.98            90     89     36     3.429     3.406     1.621     0.8755      0.8755      0.8741      0.6280
47      A         B           47           VAL           97.81            90     89     36     3.429     3.406     1.621     0.8894      0.8894      0.8881      0.6575
48      A         B           48           GLN           95.88            90     89     36     3.429     3.406     1.621     0.8825      0.8825      0.8811      0.6404
49      A         B           49           GLU           97.05            90     89     36     3.429     3.406     1.621     0.7971      0.7971      0.7950      0.4873
50      A         B           50           MET           95.77            90     89     36     3.429     3.406     1.621     0.8098      0.8098      0.8078      0.5058
51      A         B           51           ILE           95.52            90     89     36     3.429     3.406     1.621     0.7740      0.7740      0.7717      0.4506
52      A         B           52           LYS           93.77            90     89     36     3.429     3.406     1.621     0.6810      0.6810      0.6781      0.3388
53      A         B           53           LYS           90.94            90     89     36     3.429     3.406     1.621     0.3427      0.3427      0.3398      0.1110
54      A         B           54           GLU           72.11            90     89      1     3.429     3.406     1.001     0.0594      0.1130      0.1116      0.0107
55      B         A            1           CYS           93.30            90     90     54     3.429     3.429     2.405     0.4310      0.4310      0.4310      0.2761
56      B         A            2           SER           89.89            90     90     54     3.429     3.429     2.405     0.5421      0.5421      0.5421      0.3756
57      B         A            3           GLN           92.53            90     90     54     3.429     3.429     2.405     0.4317      0.4317      0.4317      0.2769
58      B         A            4           ASN           94.82            90     90     54     3.429     3.429     2.405     0.7187      0.7187      0.7187      0.5675
59      B         A            5           GLU           97.16            90     90     54     3.429     3.429     2.405     0.8630      0.8630      0.8630      0.7612
60      B         A            6           TYR           97.63            90     90     54     3.429     3.429     2.405     0.9023      0.9023      0.9023      0.8232
61      B         A            7           PHE           97.38            90     90     54     3.429     3.429     2.405     0.9184      0.9184      0.9184      0.8502
62      B         A            8           ASP           97.72            90     90     54     3.429     3.429     2.405     0.9239      0.9239      0.9239      0.8598
63      B         A            9           SER           95.30            90     90     54     3.429     3.429     2.405     0.8640      0.8640      0.8640      0.7624
64      B         A           10           LEU           96.74            90     90     54     3.429     3.429     2.405     0.9256      0.9256      0.9256      0.8626
65      B         A           11           LEU           97.61            90     90     54     3.429     3.429     2.405     0.9340      0.9340      0.9340      0.8776
66      B         A           12           HIS           96.79            90     90     54     3.429     3.429     2.405     0.9203      0.9203      0.9203      0.8537
67      B         A           13           ALA           97.34            90     90     54     3.429     3.429     2.405     0.8954      0.8954      0.8954      0.8123
68      B         A           14           CYS           97.48            90     90     54     3.429     3.429     2.405     0.9154      0.9154      0.9154      0.8453
69      B         A           15           ILE           98.15            90     90     54     3.429     3.429     2.405     0.9186      0.9186      0.9186      0.8517
70      B         A           16           PRO           97.71            90     90     54     3.429     3.429     2.405     0.9135      0.9135      0.9135      0.8432
71      B         A           17           CYS           98.33            90     90     54     3.429     3.429     2.405     0.9025      0.9025      0.9025      0.8262
72      B         A           18           GLN           97.38            90     90     54     3.429     3.429     2.405     0.8847      0.8847      0.8847      0.8006
73      B         A           19           LEU           98.36            90     90     54     3.429     3.429     2.405     0.9209      0.9209      0.9209      0.8589
74      B         A           20           ARG           97.86            90     90     54     3.429     3.429     2.405     0.8760      0.8760      0.8760      0.7872
75      B         A           21           CYS           96.48            90     90     54     3.429     3.429     2.405     0.8130      0.8130      0.8130      0.6929
76      B         A           22           SER           91.95            90     90     54     3.429     3.429     2.405     0.6422      0.6422      0.6422      0.4882
77      B         A           23           SER           92.52            90     90     54     3.429     3.429     2.405     0.5969      0.5969      0.5969      0.4415
78      B         A           24           ASN           88.80            90     90     54     3.429     3.429     2.405     0.4983      0.4983      0.4983      0.3450
79      B         A           25           THR           91.27            90     90     54     3.429     3.429     2.405     0.5490      0.5490      0.5490      0.3863
80      B         A           26           PRO           95.67            90     90     54     3.429     3.429     2.405     0.6880      0.6880      0.6880      0.5309
81      B         A           27           PRO           96.18            90     90     54     3.429     3.429     2.405     0.7761      0.7761      0.7761      0.6404
82      B         A           28           LEU           94.44            90     90     54     3.429     3.429     2.405     0.7192      0.7192      0.7192      0.5662
83      B         A           29           THR           93.60            90     90     54     3.429     3.429     2.405     0.6813      0.6813      0.6813      0.5223
84      B         A           30           CYS           97.56            90     90     54     3.429     3.429     2.405     0.7960      0.7960      0.7960      0.6648
85      B         A           31           GLN           96.48            90     90     54     3.429     3.429     2.405     0.7581      0.7581      0.7581      0.6130
86      B         A           32           ARG           94.36            90     90     54     3.429     3.429     2.405     0.6056      0.6056      0.6056      0.4379
87      B         A           33           TYR           96.96            90     90     54     3.429     3.429     2.405     0.7616      0.7616      0.7616      0.6208
88      B         A           34           CYS           97.20            90     90     54     3.429     3.429     2.405     0.6966      0.6966      0.6966      0.5416
89      B         A           35           ASN           93.57            90     90     54     3.429     3.429     2.405     0.5012      0.5012      0.5012      0.3366
90      B         A           36           ALA           83.24            90     90     26     3.429     3.429     1.001     0.1112      0.1471      0.1471      0.0146
