i   AlignChn ScoredChain  AlignResNum  AlignResType  AlignRespLDDT      n0chn  n0dom  n0res    d0chn     d0dom     d0res   ipTM_pae  ipSAE_d0chn ipSAE_d0dom    ipSAE 
1       A         B            1           SER           69.88            90     89      0     3.429     3.406     1.001     0.0414      0.0000      0.0000      0.0000
2       A         B            2           SER           87.68            90     89     36     3.429     3.406     1.621     0.3390      0.3390      0.3362      0.1122
3       A         B            3           LEU           91.51            90     89     36     3.429     3.406     1.621     0.6187      0.6187      0.6157      0.2922
4       A         B            4           ALA           92.86            90     89     36     3.429     3.406     1.621     0.6651      0.6651      0.6622      0.3339
5       A         B            5           GLU           91.23            90     89     36     3.429     3.406     1.621     0.8017      0.8017      0.7996      0.5023
6       A         B            6           LEU           94.89            90     89     36     3.429     3.406     1.621     0.8150      0.8150      0.8130      0.5225
7       A         B            7           LYS           94.90            90     89     36     3.429     3.406     1.621     0.7965      0.7965      0.7944      0.4953
8       A         B            8           LEU           95.09            90     89     36     3.429     3.406     1.621     0.8536      0.8536      0.8519      0.5904
9       A         B            9           LEU           97.07            90     89     36     3.429     3.406     1.621     0.8957      0.8957      0.8945      0.6784
10      A         B           10           SER           95.95            90     89     36     3.429     3.406     1.621     0.8660      0.8660      0.8644      0.6144
11      A         B           11           LYS           96.01            90     89     36     3.429     3.406     1.621     0.8594      0.8594      0.8578      0.6031
12      A         B           12           TYR           97.17            90     89     36     3.429     3.406     1.621     0.8971      0.8971      0.8959      0.6807
13      A         B           13           ALA           98.14            90     89     36     3.429     3.406     1.621     0.9158      0.9158      0.9148      0.7261
14      A         B           14           GLU           96.23            90     89     36     3.429     3.406     1.621     0.8812      0.8812      0.8798      0.6474
15      A         B           15           LYS           96.34            90     89     36     3.429     3.406     1.621     0.8841      0.8841      0.8828      0.6522
16      A         B           16           ILE           97.72            90     89     36     3.429     3.406     1.621     0.9164      0.9164      0.9154      0.7243
17      A         B           17           PHE           98.38            90     89     36     3.429     3.406     1.621     0.9228      0.9228      0.9218      0.7413
18      A         B           18           ASN           97.02            90     89     36     3.429     3.406     1.621     0.9016      0.9016      0.9005      0.6918
19      A         B           19           GLU           97.38            90     89     36     3.429     3.406     1.621     0.8980      0.8980      0.8968      0.6783
20      A         B           20           ALA           98.31            90     89     36     3.429     3.406     1.621     0.9002      0.9002      0.8990      0.6809
21      A         B           21           LEU           97.63            90     89     36     3.429     3.406     1.621     0.8941      0.8941      0.8929      0.6664
22      A         B           22           LYS           97.95            90     89     36     3.429     3.406     1.621     0.8661      0.8661      0.8646      0.6089
23      A         B           23           ASP           98.32            90     89     36     3.429     3.406     1.621     0.8696      0.8696      0.8681      0.6095
24      A         B           24           PRO           97.80            90     89     36     3.429     3.406     1.621     0.8143      0.8143      0.8122      0.5080
25      A         B           25           LYS           98.29            90     89     36     3.429     3.406     1.621     0.8209      0.8209      0.8190      0.5200
26      A         B           26           LEU           98.22            90     89     36     3.429     3.406     1.621     0.9230      0.9230      0.9220      0.7376
27      A         B           27           PHE           98.40            90     89     36     3.429     3.406     1.621     0.9235      0.9235      0.9226      0.7386
28      A         B           28           GLU           97.72            90     89     36     3.429     3.406     1.621     0.8954      0.8954      0.8941      0.6677
29      A         B           29           GLU           97.68            90     89     36     3.429     3.406     1.621     0.9187      0.9187      0.9177      0.7284
30      A         B           30           VAL           98.53            90     89     36     3.429     3.406     1.621     0.9446      0.9446      0.9439      0.8019
31      A         B           31           SER           97.99            90     89     36     3.429     3.406     1.621     0.9264      0.9264      0.9255      0.7481
32      A         B           32           LYS           97.37            90     89     36     3.429     3.406     1.621     0.9111      0.9111      0.9100      0.7074
33      A         B           33           MET           98.23            90     89     36     3.429     3.406     1.621     0.9264      0.9264      0.9255      0.7505
34      A         B           34           LEU           98.24            90     89     36     3.429     3.406     1.621     0.9323      0.9323      0.9314      0.7641
35      A         B           35           ASN           96.46            90     89     36     3.429     3.406     1.621     0.8852      0.8852      0.8839      0.6481
36      A         B           36           THR           95.68            90     89     36     3.429     3.406     1.621     0.8733      0.8733      0.8719      0.6201
37      A         B           37           GLU           93.79            90     89     36     3.429     3.406     1.621     0.8273      0.8273      0.8254      0.5300
38      A         B           38           LYS           97.32            90     89     36     3.429     3.406     1.621     0.7913      0.7913      0.7891      0.4745
39      A         B           39           GLY           97.81            90     89     36     3.429     3.406     1.621     0.8573      0.8573      0.8557      0.5916
40      A         B           40           ARG           97.04            90     89     36     3.429     3.406     1.621     0.8866      0.8866      0.8853      0.6490
41      A         B           41           LEU           98.18            90     89     36     3.429     3.406     1.621     0.9016      0.9016      0.9004      0.6843
42      A         B           42           GLU           98.34            90     89     36     3.429     3.406     1.621     0.8768      0.8768      0.8754      0.6292
43      A         B           43           LEU           98.31            90     89     36     3.429     3.406     1.621     0.9049      0.9049      0.9037      0.6937
44      A         B           44           LEU           97.79            90     89     36     3.429     3.406     1.621     0.9094      0.9094      0.9083      0.7051
45      A         B           45           GLU           98.23            90     89     36     3.429     3.406     1.621     0.8720      0.8720      0.8705      0.6203
46      A         B           46           LYS           97.11            90     89     36     3.429     3.406     1.621     0.8652      0.8652      0.8636      0.6076
47      A         B           47           VAL           97.81            90     89     36     3.429     3.406     1.621     0.8779      0.8779      0.8765      0.6328
48      A         B           48           GLN           95.89            90     89     36     3.429     3.406     1.621     0.8667      0.8667      0.8652      0.6074
49      A         B           49           GLU           97.07            90     89     36     3.429     3.406     1.621     0.7823      0.7823      0.7801      0.4656
50      A         B           50           MET           95.98            90     89     36     3.429     3.406     1.621     0.7963      0.7963      0.7942      0.4853
51      A         B           51           ILE           95.33            90     89     36     3.429     3.406     1.621     0.7600      0.7600      0.7576      0.4317
52      A         B           52           LYS           93.91            90     89     36     3.429     3.406     1.621     0.6651      0.6651      0.6622      0.3226
53      A         B           53           LYS           91.14            90     89     36     3.429     3.406     1.621     0.3580      0.3580      0.3550      0.1178
54      A         B           54           GLU           72.34            90     89      4     3.429     3.406     1.001     0.0699      0.1228      0.1213      0.0118
55      B         A            1           CYS           93.14            90     90     54     3.429     3.429     2.405     0.4562      0.4562      0.4562      0.2967
56      B         A            2           SER           91.09            90     90     54     3.429     3.429     2.405     0.5852      0.5852      0.5852      0.4162
57      B         A            3           GLN           92.92            90     90     54     3.429     3.429     2.405     0.4770      0.4770      0.4770      0.3157
58      B         A            4           ASN           94.94            90     90     54     3.429     3.429     2.405     0.7259      0.7259      0.7259      0.5768
59      B         A            5           GLU           97.29            90     90     54     3.429     3.429     2.405     0.8578      0.8578      0.8578      0.7537
60      B         A            6           TYR           97.64            90     90     54     3.429     3.429     2.405     0.8965      0.8965      0.8965      0.8137
61      B         A            7           PHE           97.37            90     90     54     3.429     3.429     2.405     0.9112      0.9112      0.9112      0.8380
62      B         A            8           ASP           97.78            90     90     54     3.429     3.429     2.405     0.9179      0.9179      0.9179      0.8494
63      B         A            9           SER           95.33            90     90     54     3.429     3.429     2.405     0.8417      0.8417      0.8417      0.7286
64      B         A           10           LEU           96.75            90     90     54     3.429     3.429     2.405     0.9176      0.9176      0.9176      0.8488
65      B         A           11           LEU           97.53            90     90     54     3.429     3.429     2.405     0.9255      0.9255      0.9255      0.8629
66      B         A           12           HIS           96.49            90     90     54     3.429     3.429     2.405     0.9083      0.9083      0.9083      0.8335
67      B         A           13           ALA           97.32            90     90     54     3.429     3.429     2.405     0.8865      0.8865      0.8865      0.7975
68      B         A           14           CYS           97.34            90     90     54     3.429     3.429     2.405     0.9071      0.9071      0.9071      0.8316
69      B         A           15           ILE           98.17            90     90     54     3.429     3.429     2.405     0.9129      0.9129      0.9129      0.8424
70      B         A           16           PRO           97.70            90     90     54     3.429     3.429     2.405     0.9074      0.9074      0.9074      0.8332
71      B         A           17           CYS           98.32            90     90     54     3.429     3.429     2.405     0.8963      0.8963      0.8963      0.8164
72      B         A           18           GLN           97.35            90     90     54     3.429     3.429     2.405     0.8780      0.8780      0.8780      0.7907
73      B         A           19           LEU           98.31            90     90     54     3.429     3.429     2.405     0.9138      0.9138      0.9138      0.8475
74      B         A           20           ARG           97.74            90     90     54     3.429     3.429     2.405     0.8568      0.8568      0.8568      0.7590
75      B         A           21           CYS           96.09            90     90     54     3.429     3.429     2.405     0.7851      0.7851      0.7851      0.6554
76      B         A           22           SER           91.48            90     90     54     3.429     3.429     2.405     0.5997      0.5997      0.5997      0.4432
77      B         A           23           SER           92.47            90     90     54     3.429     3.429     2.405     0.5558      0.5558      0.5558      0.4009
78      B         A           24           ASN           88.84            90     90     54     3.429     3.429     2.405     0.4594      0.4594      0.4594      0.3110
79      B         A           25           THR           90.75            90     90     54     3.429     3.429     2.405     0.5123      0.5123      0.5123      0.3523
80      B         A           26           PRO           95.48            90     90     54     3.429     3.429     2.405     0.6587      0.6587      0.6587      0.4982
81      B         A           27           PRO           96.24            90     90     54     3.429     3.429     2.405     0.7566      0.7566      0.7566      0.6157
82      B         A           28           LEU           94.65            90     90     54     3.429     3.429     2.405     0.6969      0.6969      0.6969      0.5404
83      B         A           29           THR           94.73            90     90     54     3.429     3.429     2.405     0.6841      0.6841      0.6841      0.5260
84      B         A           30           CYS           97.66            90     90     54     3.429     3.429     2.405     0.7806      0.7806      0.7806      0.6445
85      B         A           31           GLN           96.28            90     90     54     3.429     3.429     2.405     0.7322      0.7322      0.7322      0.5808
86      B         A           32           ARG           94.56            90     90     54     3.429     3.429     2.405     0.5999      0.5999      0.5999      0.4325
87      B         A           33           TYR           97.04            90     90     54     3.429     3.429     2.405     0.7449      0.7449      0.7449      0.5999
88      B         A           34           CYS           96.99            90     90     54     3.429     3.429     2.405     0.6575      0.6575      0.6575      0.4972
89      B         A           35           ASN           92.58            90     90     54     3.429     3.429     2.405     0.4570      0.4570      0.4570      0.2981
90      B         A           36           ALA           80.44            90     90     12     3.429     3.429     1.001     0.0833      0.1344      0.1344      0.0131
