i   AlignChn ScoredChain  AlignResNum  AlignResType  AlignRespLDDT      n0chn  n0dom  n0res    d0chn     d0dom     d0res   ipTM_pae  ipSAE_d0chn ipSAE_d0dom    ipSAE 
1       A         B            1           SER           70.65            90     90      4     3.429     3.429     1.001     0.0573      0.1355      0.1355      0.0132
2       A         B            2           SER           87.80            90     90     36     3.429     3.429     1.621     0.3661      0.3661      0.3661      0.1248
3       A         B            3           LEU           92.08            90     90     36     3.429     3.429     1.621     0.6529      0.6529      0.6529      0.3246
4       A         B            4           ALA           93.28            90     90     36     3.429     3.429     1.621     0.6934      0.6934      0.6934      0.3646
5       A         B            5           GLU           91.31            90     90     36     3.429     3.429     1.621     0.8263      0.8263      0.8263      0.5426
6       A         B            6           LEU           94.83            90     90     36     3.429     3.429     1.621     0.8405      0.8405      0.8405      0.5676
7       A         B            7           LYS           95.05            90     90     36     3.429     3.429     1.621     0.8210      0.8210      0.8210      0.5349
8       A         B            8           LEU           95.47            90     90     36     3.429     3.429     1.621     0.8701      0.8701      0.8701      0.6237
9       A         B            9           LEU           97.12            90     90     36     3.429     3.429     1.621     0.9124      0.9124      0.9124      0.7186
10      A         B           10           SER           96.06            90     90     36     3.429     3.429     1.621     0.8863      0.8863      0.8863      0.6583
11      A         B           11           LYS           96.16            90     90     36     3.429     3.429     1.621     0.8775      0.8775      0.8775      0.6403
12      A         B           12           TYR           97.23            90     90     36     3.429     3.429     1.621     0.9113      0.9113      0.9113      0.7143
13      A         B           13           ALA           98.17            90     90     36     3.429     3.429     1.621     0.9281      0.9281      0.9281      0.7584
14      A         B           14           GLU           96.38            90     90     36     3.429     3.429     1.621     0.8995      0.8995      0.8995      0.6891
15      A         B           15           LYS           96.37            90     90     36     3.429     3.429     1.621     0.8958      0.8958      0.8958      0.6787
16      A         B           16           ILE           97.67            90     90     36     3.429     3.429     1.621     0.9282      0.9282      0.9282      0.7553
17      A         B           17           PHE           98.34            90     90     36     3.429     3.429     1.621     0.9329      0.9329      0.9329      0.7686
18      A         B           18           ASN           96.94            90     90     36     3.429     3.429     1.621     0.9113      0.9113      0.9113      0.7156
19      A         B           19           GLU           97.35            90     90     36     3.429     3.429     1.621     0.9093      0.9093      0.9093      0.7055
20      A         B           20           ALA           98.24            90     90     36     3.429     3.429     1.621     0.9064      0.9064      0.9064      0.6959
21      A         B           21           LEU           97.49            90     90     36     3.429     3.429     1.621     0.9015      0.9015      0.9015      0.6839
22      A         B           22           LYS           97.91            90     90     36     3.429     3.429     1.621     0.8729      0.8729      0.8729      0.6233
23      A         B           23           ASP           98.40            90     90     36     3.429     3.429     1.621     0.8763      0.8763      0.8763      0.6237
24      A         B           24           PRO           97.71            90     90     36     3.429     3.429     1.621     0.8255      0.8255      0.8255      0.5268
25      A         B           25           LYS           98.28            90     90     36     3.429     3.429     1.621     0.8332      0.8332      0.8332      0.5410
26      A         B           26           LEU           98.25            90     90     36     3.429     3.429     1.621     0.9299      0.9299      0.9299      0.7565
27      A         B           27           PHE           98.39            90     90     36     3.429     3.429     1.621     0.9311      0.9311      0.9311      0.7595
28      A         B           28           GLU           97.61            90     90     36     3.429     3.429     1.621     0.9020      0.9020      0.9020      0.6837
29      A         B           29           GLU           97.74            90     90     36     3.429     3.429     1.621     0.9253      0.9253      0.9253      0.7462
30      A         B           30           VAL           98.51            90     90     36     3.429     3.429     1.621     0.9493      0.9493      0.9493      0.8164
31      A         B           31           SER           97.94            90     90     36     3.429     3.429     1.621     0.9343      0.9343      0.9343      0.7708
32      A         B           32           LYS           97.46            90     90     36     3.429     3.429     1.621     0.9184      0.9184      0.9184      0.7263
33      A         B           33           MET           98.25            90     90     36     3.429     3.429     1.621     0.9362      0.9362      0.9362      0.7780
34      A         B           34           LEU           98.23            90     90     36     3.429     3.429     1.621     0.9414      0.9414      0.9414      0.7910
35      A         B           35           ASN           96.43            90     90     36     3.429     3.429     1.621     0.9001      0.9001      0.9001      0.6825
36      A         B           36           THR           95.71            90     90     36     3.429     3.429     1.621     0.8834      0.8834      0.8834      0.6424
37      A         B           37           GLU           93.70            90     90     36     3.429     3.429     1.621     0.8436      0.8436      0.8436      0.5597
38      A         B           38           LYS           97.38            90     90     36     3.429     3.429     1.621     0.8050      0.8050      0.8050      0.4960
39      A         B           39           GLY           97.81            90     90     36     3.429     3.429     1.621     0.8685      0.8685      0.8685      0.6143
40      A         B           40           ARG           97.12            90     90     36     3.429     3.429     1.621     0.9029      0.9029      0.9029      0.6873
41      A         B           41           LEU           98.19            90     90     36     3.429     3.429     1.621     0.9111      0.9111      0.9111      0.7082
42      A         B           42           GLU           98.33            90     90     36     3.429     3.429     1.621     0.8883      0.8883      0.8883      0.6549
43      A         B           43           LEU           98.30            90     90     36     3.429     3.429     1.621     0.9163      0.9163      0.9163      0.7226
44      A         B           44           LEU           97.72            90     90     36     3.429     3.429     1.621     0.9219      0.9219      0.9219      0.7379
45      A         B           45           GLU           98.22            90     90     36     3.429     3.429     1.621     0.8870      0.8870      0.8870      0.6533
46      A         B           46           LYS           96.94            90     90     36     3.429     3.429     1.621     0.8786      0.8786      0.8786      0.6358
47      A         B           47           VAL           97.79            90     90     36     3.429     3.429     1.621     0.8923      0.8923      0.8923      0.6655
48      A         B           48           GLN           95.85            90     90     36     3.429     3.429     1.621     0.8855      0.8855      0.8855      0.6485
49      A         B           49           GLU           97.12            90     90     36     3.429     3.429     1.621     0.8040      0.8040      0.8040      0.4989
50      A         B           50           MET           95.88            90     90     36     3.429     3.429     1.621     0.8108      0.8108      0.8108      0.5088
51      A         B           51           ILE           95.44            90     90     36     3.429     3.429     1.621     0.7872      0.7872      0.7872      0.4701
52      A         B           52           LYS           94.14            90     90     36     3.429     3.429     1.621     0.6974      0.6974      0.6974      0.3565
53      A         B           53           LYS           91.90            90     90     36     3.429     3.429     1.621     0.3708      0.3708      0.3708      0.1241
54      A         B           54           GLU           72.70            90     90      4     3.429     3.429     1.001     0.0656      0.1139      0.1139      0.0108
55      B         A            1           CYS           93.48            90     90     54     3.429     3.429     2.405     0.4533      0.4533      0.4533      0.2942
56      B         A            2           SER           89.05            90     90     54     3.429     3.429     2.405     0.5201      0.5201      0.5201      0.3546
57      B         A            3           GLN           92.38            90     90     54     3.429     3.429     2.405     0.4373      0.4373      0.4373      0.2818
58      B         A            4           ASN           94.83            90     90     54     3.429     3.429     2.405     0.7331      0.7331      0.7331      0.5848
59      B         A            5           GLU           97.18            90     90     54     3.429     3.429     2.405     0.8690      0.8690      0.8690      0.7702
60      B         A            6           TYR           97.68            90     90     54     3.429     3.429     2.405     0.9092      0.9092      0.9092      0.8341
61      B         A            7           PHE           97.51            90     90     54     3.429     3.429     2.405     0.9250      0.9250      0.9250      0.8611
62      B         A            8           ASP           97.80            90     90     54     3.429     3.429     2.405     0.9313      0.9313      0.9313      0.8719
63      B         A            9           SER           95.37            90     90     54     3.429     3.429     2.405     0.8629      0.8629      0.8629      0.7605
64      B         A           10           LEU           96.75            90     90     54     3.429     3.429     2.405     0.9298      0.9298      0.9298      0.8696
65      B         A           11           LEU           97.55            90     90     54     3.429     3.429     2.405     0.9365      0.9365      0.9365      0.8815
66      B         A           12           HIS           96.91            90     90     54     3.429     3.429     2.405     0.9253      0.9253      0.9253      0.8618
67      B         A           13           ALA           97.39            90     90     54     3.429     3.429     2.405     0.9047      0.9047      0.9047      0.8269
68      B         A           14           CYS           97.47            90     90     54     3.429     3.429     2.405     0.9207      0.9207      0.9207      0.8540
69      B         A           15           ILE           98.15            90     90     54     3.429     3.429     2.405     0.9250      0.9250      0.9250      0.8619
70      B         A           16           PRO           97.62            90     90     54     3.429     3.429     2.405     0.9172      0.9172      0.9172      0.8487
71      B         A           17           CYS           98.29            90     90     54     3.429     3.429     2.405     0.9068      0.9068      0.9068      0.8327
72      B         A           18           GLN           96.62            90     90     54     3.429     3.429     2.405     0.8704      0.8704      0.8704      0.7784
73      B         A           19           LEU           98.22            90     90     54     3.429     3.429     2.405     0.9219      0.9219      0.9219      0.8597
74      B         A           20           ARG           97.67            90     90     54     3.429     3.429     2.405     0.8784      0.8784      0.8784      0.7903
75      B         A           21           CYS           96.18            90     90     54     3.429     3.429     2.405     0.8173      0.8173      0.8173      0.6984
76      B         A           22           SER           91.50            90     90     54     3.429     3.429     2.405     0.6474      0.6474      0.6474      0.4943
77      B         A           23           SER           92.52            90     90     54     3.429     3.429     2.405     0.6171      0.6171      0.6171      0.4631
78      B         A           24           ASN           89.01            90     90     54     3.429     3.429     2.405     0.5151      0.5151      0.5151      0.3619
79      B         A           25           THR           91.16            90     90     54     3.429     3.429     2.405     0.5786      0.5786      0.5786      0.4156
80      B         A           26           PRO           95.77            90     90     54     3.429     3.429     2.405     0.7071      0.7071      0.7071      0.5537
81      B         A           27           PRO           96.22            90     90     54     3.429     3.429     2.405     0.7942      0.7942      0.7942      0.6648
82      B         A           28           LEU           94.58            90     90     54     3.429     3.429     2.405     0.7338      0.7338      0.7338      0.5841
83      B         A           29           THR           94.01            90     90     54     3.429     3.429     2.405     0.7083      0.7083      0.7083      0.5542
84      B         A           30           CYS           97.61            90     90     54     3.429     3.429     2.405     0.8131      0.8131      0.8131      0.6885
85      B         A           31           GLN           96.23            90     90     54     3.429     3.429     2.405     0.7659      0.7659      0.7659      0.6231
86      B         A           32           ARG           94.06            90     90     54     3.429     3.429     2.405     0.6195      0.6195      0.6195      0.4524
87      B         A           33           TYR           96.75            90     90     54     3.429     3.429     2.405     0.7628      0.7628      0.7628      0.6221
88      B         A           34           CYS           97.03            90     90     54     3.429     3.429     2.405     0.6810      0.6810      0.6810      0.5239
89      B         A           35           ASN           91.84            90     90     54     3.429     3.429     2.405     0.4277      0.4277      0.4277      0.2735
90      B         A           36           ALA           79.34            90     90      8     3.429     3.429     1.001     0.0768      0.1286      0.1286      0.0125
