i   AlignChn ScoredChain  AlignResNum  AlignResType  AlignRespLDDT      n0chn  n0dom  n0res    d0chn     d0dom     d0res   ipTM_pae  ipSAE_d0chn ipSAE_d0dom    ipSAE 
1       A         B            1           MET           67.57            90     90     31     3.429     3.429     1.325     0.1798      0.1949      0.1949      0.0359
2       A         B            2           LYS           75.23            90     90     36     3.429     3.429     1.621     0.5092      0.5092      0.5092      0.1984
3       A         B            3           ILE           93.69            90     90     36     3.429     3.429     1.621     0.8588      0.8588      0.8588      0.5872
4       A         B            4           SER           94.85            90     90     36     3.429     3.429     1.621     0.9222      0.9222      0.9222      0.7344
5       A         B            5           GLU           92.57            90     90     36     3.429     3.429     1.621     0.9288      0.9288      0.9288      0.7517
6       A         B            6           GLY           95.17            90     90     36     3.429     3.429     1.621     0.9266      0.9266      0.9266      0.7453
7       A         B            7           GLU           96.34            90     90     36     3.429     3.429     1.621     0.9407      0.9407      0.9407      0.7863
8       A         B            8           ALA           96.83            90     90     36     3.429     3.429     1.621     0.9557      0.9557      0.9557      0.8343
9       A         B            9           HIS           96.63            90     90     36     3.429     3.429     1.621     0.9611      0.9611      0.9611      0.8508
10      A         B           10           LYS           96.98            90     90     36     3.429     3.429     1.621     0.9525      0.9525      0.9525      0.8222
11      A         B           11           ARG           97.99            90     90     36     3.429     3.429     1.621     0.9569      0.9569      0.9569      0.8385
12      A         B           12           PHE           98.39            90     90     36     3.429     3.429     1.621     0.9677      0.9677      0.9677      0.8745
13      A         B           13           MET           97.35            90     90     36     3.429     3.429     1.621     0.9616      0.9616      0.9616      0.8535
14      A         B           14           GLU           98.51            90     90     36     3.429     3.429     1.621     0.9514      0.9514      0.9514      0.8196
15      A         B           15           ILE           98.78            90     90     36     3.429     3.429     1.621     0.9565      0.9565      0.9565      0.8372
16      A         B           16           LYS           98.17            90     90     36     3.429     3.429     1.621     0.9520      0.9520      0.9520      0.8235
17      A         B           17           GLU           98.43            90     90     36     3.429     3.429     1.621     0.9542      0.9542      0.9542      0.8289
18      A         B           18           GLU           98.65            90     90     36     3.429     3.429     1.621     0.9410      0.9410      0.9410      0.7888
19      A         B           19           PHE           98.86            90     90     36     3.429     3.429     1.621     0.9460      0.9460      0.9460      0.8050
20      A         B           20           ARG           98.27            90     90     36     3.429     3.429     1.621     0.9311      0.9311      0.9311      0.7617
21      A         B           21           ARG           98.57            90     90     36     3.429     3.429     1.621     0.9256      0.9256      0.9256      0.7444
22      A         B           22           LYS           98.60            90     90     36     3.429     3.429     1.621     0.9025      0.9025      0.9025      0.6865
23      A         B           23           ARG           97.99            90     90     36     3.429     3.429     1.621     0.8706      0.8706      0.8706      0.6177
24      A         B           24           LYS           98.18            90     90     36     3.429     3.429     1.621     0.8787      0.8787      0.8787      0.6340
25      A         B           25           GLU           97.84            90     90     36     3.429     3.429     1.621     0.8288      0.8288      0.8288      0.5333
26      A         B           26           ALA           97.92            90     90     36     3.429     3.429     1.621     0.7247      0.7247      0.7247      0.3873
27      A         B           27           GLU           95.50            90     90     36     3.429     3.429     1.621     0.6768      0.6768      0.6768      0.3338
28      A         B           28           PRO           97.76            90     90     36     3.429     3.429     1.621     0.6117      0.6117      0.6117      0.2733
29      A         B           29           LEU           93.81            90     90     36     3.429     3.429     1.621     0.6528      0.6528      0.6528      0.3105
30      A         B           30           GLY           97.14            90     90     36     3.429     3.429     1.621     0.5493      0.5493      0.5493      0.2325
31      A         B           31           GLU           96.30            90     90     36     3.429     3.429     1.621     0.6937      0.6937      0.6937      0.3594
32      A         B           32           GLU           98.30            90     90     36     3.429     3.429     1.621     0.7394      0.7394      0.7394      0.4106
33      A         B           33           GLU           97.90            90     90     36     3.429     3.429     1.621     0.8503      0.8503      0.8503      0.5772
34      A         B           34           ILE           98.35            90     90     36     3.429     3.429     1.621     0.8947      0.8947      0.8947      0.6720
35      A         B           35           GLU           98.34            90     90     36     3.429     3.429     1.621     0.8823      0.8823      0.8823      0.6443
36      A         B           36           LYS           98.61            90     90     36     3.429     3.429     1.621     0.8804      0.8804      0.8804      0.6402
37      A         B           37           LEU           98.77            90     90     36     3.429     3.429     1.621     0.9320      0.9320      0.9320      0.7657
38      A         B           38           ARG           98.60            90     90     36     3.429     3.429     1.621     0.9317      0.9317      0.9317      0.7652
39      A         B           39           GLU           98.70            90     90     36     3.429     3.429     1.621     0.9167      0.9167      0.9167      0.7254
40      A         B           40           GLU           98.53            90     90     36     3.429     3.429     1.621     0.9289      0.9289      0.9289      0.7562
41      A         B           41           ALA           98.90            90     90     36     3.429     3.429     1.621     0.9549      0.9549      0.9549      0.8338
42      A         B           42           LEU           98.79            90     90     36     3.429     3.429     1.621     0.9526      0.9526      0.9526      0.8255
43      A         B           43           LYS           98.86            90     90     36     3.429     3.429     1.621     0.9362      0.9362      0.9362      0.7778
44      A         B           44           GLU           98.69            90     90     36     3.429     3.429     1.621     0.9527      0.9527      0.9527      0.8254
45      A         B           45           VAL           98.81            90     90     36     3.429     3.429     1.621     0.9625      0.9625      0.9625      0.8575
46      A         B           46           LYS           97.81            90     90     36     3.429     3.429     1.621     0.9434      0.9434      0.9434      0.7979
47      A         B           47           LYS           97.56            90     90     36     3.429     3.429     1.621     0.9361      0.9361      0.9361      0.7753
48      A         B           48           ILE           97.90            90     90     36     3.429     3.429     1.621     0.9543      0.9543      0.9543      0.8284
49      A         B           49           TRP           97.41            90     90     36     3.429     3.429     1.621     0.9513      0.9513      0.9513      0.8191
50      A         B           50           GLU           96.53            90     90     36     3.429     3.429     1.621     0.9343      0.9343      0.9343      0.7710
51      A         B           51           GLU           95.54            90     90     36     3.429     3.429     1.621     0.9189      0.9189      0.9189      0.7246
52      A         B           52           TYR           96.07            90     90     36     3.429     3.429     1.621     0.9138      0.9138      0.9138      0.7095
53      A         B           53           GLN           93.38            90     90     36     3.429     3.429     1.621     0.8158      0.8158      0.8158      0.5115
54      A         B           54           LEU           88.81            90     90     36     3.429     3.429     1.621     0.6397      0.6397      0.6397      0.2983
55      B         A            1           CYS           94.59            90     90     54     3.429     3.429     2.405     0.5475      0.5475      0.5475      0.3765
56      B         A            2           SER           89.82            90     90     54     3.429     3.429     2.405     0.6133      0.6133      0.6133      0.4421
57      B         A            3           GLN           91.18            90     90     54     3.429     3.429     2.405     0.5323      0.5323      0.5323      0.3682
58      B         A            4           ASN           92.00            90     90     54     3.429     3.429     2.405     0.7827      0.7827      0.7827      0.6479
59      B         A            5           GLU           96.58            90     90     54     3.429     3.429     2.405     0.9005      0.9005      0.9005      0.8191
60      B         A            6           TYR           96.87            90     90     54     3.429     3.429     2.405     0.9392      0.9392      0.9392      0.8849
61      B         A            7           PHE           97.36            90     90     54     3.429     3.429     2.405     0.9468      0.9468      0.9468      0.8987
62      B         A            8           ASP           98.28            90     90     54     3.429     3.429     2.405     0.9548      0.9548      0.9548      0.9136
63      B         A            9           SER           96.63            90     90     54     3.429     3.429     2.405     0.9157      0.9157      0.9157      0.8452
64      B         A           10           LEU           97.90            90     90     54     3.429     3.429     2.405     0.9551      0.9551      0.9551      0.9149
65      B         A           11           LEU           98.69            90     90     54     3.429     3.429     2.405     0.9616      0.9616      0.9616      0.9264
66      B         A           12           HIS           97.92            90     90     54     3.429     3.429     2.405     0.9469      0.9469      0.9469      0.8999
67      B         A           13           ALA           98.12            90     90     54     3.429     3.429     2.405     0.9365      0.9365      0.9365      0.8804
68      B         A           14           CYS           97.93            90     90     54     3.429     3.429     2.405     0.9425      0.9425      0.9425      0.8911
69      B         A           15           ILE           98.04            90     90     54     3.429     3.429     2.405     0.9501      0.9501      0.9501      0.9050
70      B         A           16           PRO           96.75            90     90     54     3.429     3.429     2.405     0.9357      0.9357      0.9357      0.8798
71      B         A           17           CYS           96.65            90     90     54     3.429     3.429     2.405     0.9210      0.9210      0.9210      0.8555
72      B         A           18           GLN           94.62            90     90     54     3.429     3.429     2.405     0.9097      0.9097      0.9097      0.8387
73      B         A           19           LEU           97.30            90     90     54     3.429     3.429     2.405     0.9400      0.9400      0.9400      0.8883
74      B         A           20           ARG           96.27            90     90     54     3.429     3.429     2.405     0.9082      0.9082      0.9082      0.8361
75      B         A           21           CYS           92.96            90     90     54     3.429     3.429     2.405     0.8577      0.8577      0.8577      0.7570
76      B         A           22           SER           89.43            90     90     54     3.429     3.429     2.405     0.7407      0.7407      0.7407      0.6037
77      B         A           23           SER           91.41            90     90     54     3.429     3.429     2.405     0.7400      0.7400      0.7400      0.6012
78      B         A           24           ASN           89.04            90     90     54     3.429     3.429     2.405     0.6263      0.6263      0.6263      0.4736
79      B         A           25           THR           89.47            90     90     54     3.429     3.429     2.405     0.6628      0.6628      0.6628      0.5037
80      B         A           26           PRO           93.32            90     90     54     3.429     3.429     2.405     0.7695      0.7695      0.7695      0.6305
81      B         A           27           PRO           93.78            90     90     54     3.429     3.429     2.405     0.8379      0.8379      0.8379      0.7244
82      B         A           28           LEU           92.56            90     90     54     3.429     3.429     2.405     0.7973      0.7973      0.7973      0.6651
83      B         A           29           THR           90.95            90     90     54     3.429     3.429     2.405     0.7774      0.7774      0.7774      0.6401
84      B         A           30           CYS           95.53            90     90     54     3.429     3.429     2.405     0.8464      0.8464      0.8464      0.7356
85      B         A           31           GLN           93.93            90     90     54     3.429     3.429     2.405     0.7954      0.7954      0.7954      0.6619
86      B         A           32           ARG           90.26            90     90     54     3.429     3.429     2.405     0.6453      0.6453      0.6453      0.4773
87      B         A           33           TYR           91.25            90     90     54     3.429     3.429     2.405     0.7517      0.7517      0.7517      0.6081
88      B         A           34           CYS           93.07            90     90     54     3.429     3.429     2.405     0.7182      0.7182      0.7182      0.5684
89      B         A           35           ASN           87.77            90     90     54     3.429     3.429     2.405     0.5361      0.5361      0.5361      0.3695
90      B         A           36           ALA           74.48            90     90     44     3.429     3.429     2.010     0.1594      0.1743      0.1743      0.0685
