i   AlignChn ScoredChain  AlignResNum  AlignResType  AlignRespLDDT      n0chn  n0dom  n0res    d0chn     d0dom     d0res   ipTM_pae  ipSAE_d0chn ipSAE_d0dom    ipSAE 
1       A         B            1           MET           72.38            90     90     24     3.429     3.429     1.001     0.1399      0.1689      0.1689      0.0173
2       A         B            2           LYS           79.99            90     90     36     3.429     3.429     1.621     0.5111      0.5111      0.5111      0.1988
3       A         B            3           ILE           94.93            90     90     36     3.429     3.429     1.621     0.8594      0.8594      0.8594      0.5899
4       A         B            4           SER           95.70            90     90     36     3.429     3.429     1.621     0.9073      0.9073      0.9073      0.6984
5       A         B            5           GLU           93.28            90     90     36     3.429     3.429     1.621     0.9118      0.9118      0.9118      0.7079
6       A         B            6           GLY           95.55            90     90     36     3.429     3.429     1.621     0.9099      0.9099      0.9099      0.7044
7       A         B            7           GLU           96.70            90     90     36     3.429     3.429     1.621     0.9262      0.9262      0.9262      0.7486
8       A         B            8           ALA           97.07            90     90     36     3.429     3.429     1.621     0.9407      0.9407      0.9407      0.7932
9       A         B            9           HIS           96.77            90     90     36     3.429     3.429     1.621     0.9463      0.9463      0.9463      0.8077
10      A         B           10           LYS           97.19            90     90     36     3.429     3.429     1.621     0.9371      0.9371      0.9371      0.7793
11      A         B           11           ARG           98.14            90     90     36     3.429     3.429     1.621     0.9407      0.9407      0.9407      0.7929
12      A         B           12           PHE           98.49            90     90     36     3.429     3.429     1.621     0.9535      0.9535      0.9535      0.8333
13      A         B           13           MET           97.54            90     90     36     3.429     3.429     1.621     0.9449      0.9449      0.9449      0.8065
14      A         B           14           GLU           98.61            90     90     36     3.429     3.429     1.621     0.9343      0.9343      0.9343      0.7729
15      A         B           15           ILE           98.81            90     90     36     3.429     3.429     1.621     0.9390      0.9390      0.9390      0.7889
16      A         B           16           LYS           98.28            90     90     36     3.429     3.429     1.621     0.9331      0.9331      0.9331      0.7729
17      A         B           17           GLU           98.55            90     90     36     3.429     3.429     1.621     0.9352      0.9352      0.9352      0.7769
18      A         B           18           GLU           98.70            90     90     36     3.429     3.429     1.621     0.9196      0.9196      0.9196      0.7335
19      A         B           19           PHE           98.89            90     90     36     3.429     3.429     1.621     0.9268      0.9268      0.9268      0.7557
20      A         B           20           ARG           98.37            90     90     36     3.429     3.429     1.621     0.9066      0.9066      0.9066      0.7029
21      A         B           21           ARG           98.64            90     90     36     3.429     3.429     1.621     0.8980      0.8980      0.8980      0.6791
22      A         B           22           LYS           98.66            90     90     36     3.429     3.429     1.621     0.8722      0.8722      0.8722      0.6220
23      A         B           23           ARG           97.97            90     90     36     3.429     3.429     1.621     0.8236      0.8236      0.8236      0.5322
24      A         B           24           LYS           98.30            90     90     36     3.429     3.429     1.621     0.8363      0.8363      0.8363      0.5548
25      A         B           25           GLU           98.17            90     90     36     3.429     3.429     1.621     0.7903      0.7903      0.7903      0.4729
26      A         B           26           ALA           98.14            90     90     36     3.429     3.429     1.621     0.6775      0.6775      0.6775      0.3359
27      A         B           27           GLU           96.29            90     90     36     3.429     3.429     1.621     0.6192      0.6192      0.6192      0.2792
28      A         B           28           PRO           97.92            90     90     36     3.429     3.429     1.621     0.5481      0.5481      0.5481      0.2245
29      A         B           29           LEU           93.26            90     90     36     3.429     3.429     1.621     0.5556      0.5556      0.5556      0.2310
30      A         B           30           GLY           97.47            90     90     36     3.429     3.429     1.621     0.4806      0.4806      0.4806      0.1859
31      A         B           31           GLU           96.79            90     90     36     3.429     3.429     1.621     0.6328      0.6328      0.6328      0.2994
32      A         B           32           GLU           98.38            90     90     36     3.429     3.429     1.621     0.6787      0.6787      0.6787      0.3433
33      A         B           33           GLU           98.12            90     90     36     3.429     3.429     1.621     0.8101      0.8101      0.8101      0.5103
34      A         B           34           ILE           98.55            90     90     36     3.429     3.429     1.621     0.8622      0.8622      0.8622      0.6072
35      A         B           35           GLU           98.37            90     90     36     3.429     3.429     1.621     0.8412      0.8412      0.8412      0.5660
36      A         B           36           LYS           98.67            90     90     36     3.429     3.429     1.621     0.8470      0.8470      0.8470      0.5773
37      A         B           37           LEU           98.81            90     90     36     3.429     3.429     1.621     0.9070      0.9070      0.9070      0.7062
38      A         B           38           ARG           98.68            90     90     36     3.429     3.429     1.621     0.9085      0.9085      0.9085      0.7105
39      A         B           39           GLU           98.71            90     90     36     3.429     3.429     1.621     0.8918      0.8918      0.8918      0.6695
40      A         B           40           GLU           98.55            90     90     36     3.429     3.429     1.621     0.9063      0.9063      0.9063      0.7022
41      A         B           41           ALA           98.92            90     90     36     3.429     3.429     1.621     0.9372      0.9372      0.9372      0.7863
42      A         B           42           LEU           98.80            90     90     36     3.429     3.429     1.621     0.9327      0.9327      0.9327      0.7724
43      A         B           43           LYS           98.87            90     90     36     3.429     3.429     1.621     0.9122      0.9122      0.9122      0.7192
44      A         B           44           GLU           98.74            90     90     36     3.429     3.429     1.621     0.9343      0.9343      0.9343      0.7748
45      A         B           45           VAL           98.83            90     90     36     3.429     3.429     1.621     0.9460      0.9460      0.9460      0.8121
46      A         B           46           LYS           97.86            90     90     36     3.429     3.429     1.621     0.9200      0.9200      0.9200      0.7373
47      A         B           47           LYS           97.75            90     90     36     3.429     3.429     1.621     0.9131      0.9131      0.9131      0.7170
48      A         B           48           ILE           98.15            90     90     36     3.429     3.429     1.621     0.9355      0.9355      0.9355      0.7747
49      A         B           49           TRP           97.64            90     90     36     3.429     3.429     1.621     0.9300      0.9300      0.9300      0.7596
50      A         B           50           GLU           97.08            90     90     36     3.429     3.429     1.621     0.9119      0.9119      0.9119      0.7156
51      A         B           51           GLU           97.06            90     90     36     3.429     3.429     1.621     0.9110      0.9110      0.9110      0.7072
52      A         B           52           TYR           96.56            90     90     36     3.429     3.429     1.621     0.8934      0.8934      0.8934      0.6626
53      A         B           53           GLN           94.19            90     90     36     3.429     3.429     1.621     0.7622      0.7622      0.7622      0.4329
54      A         B           54           LEU           89.97            90     90     36     3.429     3.429     1.621     0.5745      0.5745      0.5745      0.2453
55      B         A            1           CYS           94.53            90     90     54     3.429     3.429     2.405     0.4703      0.4703      0.4703      0.3068
56      B         A            2           SER           89.21            90     90     54     3.429     3.429     2.405     0.5178      0.5178      0.5178      0.3496
57      B         A            3           GLN           90.67            90     90     54     3.429     3.429     2.405     0.4504      0.4504      0.4504      0.2947
58      B         A            4           ASN           91.83            90     90     54     3.429     3.429     2.405     0.7234      0.7234      0.7234      0.5724
59      B         A            5           GLU           96.50            90     90     54     3.429     3.429     2.405     0.8646      0.8646      0.8646      0.7619
60      B         A            6           TYR           96.78            90     90     54     3.429     3.429     2.405     0.9182      0.9182      0.9182      0.8486
61      B         A            7           PHE           97.40            90     90     54     3.429     3.429     2.405     0.9306      0.9306      0.9306      0.8704
62      B         A            8           ASP           98.30            90     90     54     3.429     3.429     2.405     0.9397      0.9397      0.9397      0.8866
63      B         A            9           SER           96.77            90     90     54     3.429     3.429     2.405     0.8914      0.8914      0.8914      0.8055
64      B         A           10           LEU           98.07            90     90     54     3.429     3.429     2.405     0.9412      0.9412      0.9412      0.8904
65      B         A           11           LEU           98.76            90     90     54     3.429     3.429     2.405     0.9500      0.9500      0.9500      0.9058
66      B         A           12           HIS           98.02            90     90     54     3.429     3.429     2.405     0.9295      0.9295      0.9295      0.8698
67      B         A           13           ALA           98.15            90     90     54     3.429     3.429     2.405     0.9158      0.9158      0.9158      0.8449
68      B         A           14           CYS           97.90            90     90     54     3.429     3.429     2.405     0.9241      0.9241      0.9241      0.8591
69      B         A           15           ILE           98.03            90     90     54     3.429     3.429     2.405     0.9312      0.9312      0.9312      0.8717
70      B         A           16           PRO           96.81            90     90     54     3.429     3.429     2.405     0.9144      0.9144      0.9144      0.8434
71      B         A           17           CYS           96.61            90     90     54     3.429     3.429     2.405     0.9000      0.9000      0.9000      0.8215
72      B         A           18           GLN           94.75            90     90     54     3.429     3.429     2.405     0.8851      0.8851      0.8851      0.8003
73      B         A           19           LEU           97.48            90     90     54     3.429     3.429     2.405     0.9213      0.9213      0.9213      0.8570
74      B         A           20           ARG           96.21            90     90     54     3.429     3.429     2.405     0.8773      0.8773      0.8773      0.7889
75      B         A           21           CYS           92.91            90     90     54     3.429     3.429     2.405     0.8125      0.8125      0.8125      0.6933
76      B         A           22           SER           90.51            90     90     54     3.429     3.429     2.405     0.6774      0.6774      0.6774      0.5304
77      B         A           23           SER           91.00            90     90     54     3.429     3.429     2.405     0.6452      0.6452      0.6452      0.4932
78      B         A           24           ASN           88.49            90     90     54     3.429     3.429     2.405     0.5349      0.5349      0.5349      0.3827
79      B         A           25           THR           89.18            90     90     54     3.429     3.429     2.405     0.5718      0.5718      0.5718      0.4082
80      B         A           26           PRO           92.78            90     90     54     3.429     3.429     2.405     0.6923      0.6923      0.6923      0.5365
81      B         A           27           PRO           93.47            90     90     54     3.429     3.429     2.405     0.7847      0.7847      0.7847      0.6513
82      B         A           28           LEU           92.07            90     90     54     3.429     3.429     2.405     0.7309      0.7309      0.7309      0.5792
83      B         A           29           THR           90.44            90     90     54     3.429     3.429     2.405     0.7138      0.7138      0.7138      0.5602
84      B         A           30           CYS           95.26            90     90     54     3.429     3.429     2.405     0.7965      0.7965      0.7965      0.6652
85      B         A           31           GLN           93.21            90     90     54     3.429     3.429     2.405     0.7298      0.7298      0.7298      0.5770
86      B         A           32           ARG           89.08            90     90     54     3.429     3.429     2.405     0.5476      0.5476      0.5476      0.3780
87      B         A           33           TYR           90.85            90     90     54     3.429     3.429     2.405     0.6622      0.6622      0.6622      0.5016
88      B         A           34           CYS           92.71            90     90     54     3.429     3.429     2.405     0.6006      0.6006      0.6006      0.4390
89      B         A           35           ASN           84.58            90     90     54     3.429     3.429     2.405     0.3018      0.3018      0.3018      0.1782
90      B         A           36           ALA           64.64            90     90      2     3.429     3.429     1.001     0.0571      0.1061      0.1061      0.0100
