i   AlignChn ScoredChain  AlignResNum  AlignResType  AlignRespLDDT      n0chn  n0dom  n0res    d0chn     d0dom     d0res   ipTM_pae  ipSAE_d0chn ipSAE_d0dom    ipSAE 
1       A         B            1           MET           69.77            90     90     24     3.429     3.429     1.001     0.1321      0.1593      0.1593      0.0162
2       A         B            2           LYS           78.50            90     90     36     3.429     3.429     1.621     0.4429      0.4429      0.4429      0.1593
3       A         B            3           ILE           94.42            90     90     36     3.429     3.429     1.621     0.8287      0.8287      0.8287      0.5322
4       A         B            4           SER           95.51            90     90     36     3.429     3.429     1.621     0.8972      0.8972      0.8972      0.6722
5       A         B            5           GLU           93.06            90     90     36     3.429     3.429     1.621     0.9011      0.9011      0.9011      0.6803
6       A         B            6           GLY           95.67            90     90     36     3.429     3.429     1.621     0.9042      0.9042      0.9042      0.6885
7       A         B            7           GLU           96.62            90     90     36     3.429     3.429     1.621     0.9203      0.9203      0.9203      0.7307
8       A         B            8           ALA           97.04            90     90     36     3.429     3.429     1.621     0.9368      0.9368      0.9368      0.7794
9       A         B            9           HIS           96.71            90     90     36     3.429     3.429     1.621     0.9425      0.9425      0.9425      0.7936
10      A         B           10           LYS           97.15            90     90     36     3.429     3.429     1.621     0.9316      0.9316      0.9316      0.7620
11      A         B           11           ARG           98.13            90     90     36     3.429     3.429     1.621     0.9383      0.9383      0.9383      0.7839
12      A         B           12           PHE           98.43            90     90     36     3.429     3.429     1.621     0.9525      0.9525      0.9525      0.8270
13      A         B           13           MET           97.41            90     90     36     3.429     3.429     1.621     0.9422      0.9422      0.9422      0.7954
14      A         B           14           GLU           98.60            90     90     36     3.429     3.429     1.621     0.9286      0.9286      0.9286      0.7552
15      A         B           15           ILE           98.81            90     90     36     3.429     3.429     1.621     0.9367      0.9367      0.9367      0.7804
16      A         B           16           LYS           98.21            90     90     36     3.429     3.429     1.621     0.9280      0.9280      0.9280      0.7561
17      A         B           17           GLU           98.50            90     90     36     3.429     3.429     1.621     0.9288      0.9288      0.9288      0.7568
18      A         B           18           GLU           98.69            90     90     36     3.429     3.429     1.621     0.9161      0.9161      0.9161      0.7230
19      A         B           19           PHE           98.89            90     90     36     3.429     3.429     1.621     0.9221      0.9221      0.9221      0.7413
20      A         B           20           ARG           98.20            90     90     36     3.429     3.429     1.621     0.8913      0.8913      0.8913      0.6651
21      A         B           21           ARG           98.58            90     90     36     3.429     3.429     1.621     0.8904      0.8904      0.8904      0.6594
22      A         B           22           LYS           98.64            90     90     36     3.429     3.429     1.621     0.8645      0.8645      0.8645      0.6053
23      A         B           23           ARG           98.08            90     90     36     3.429     3.429     1.621     0.8182      0.8182      0.8182      0.5222
24      A         B           24           LYS           98.30            90     90     36     3.429     3.429     1.621     0.8288      0.8288      0.8288      0.5402
25      A         B           25           GLU           97.62            90     90     36     3.429     3.429     1.621     0.7580      0.7580      0.7580      0.4263
26      A         B           26           ALA           98.03            90     90     36     3.429     3.429     1.621     0.6500      0.6500      0.6500      0.3089
27      A         B           27           GLU           96.38            90     90     36     3.429     3.429     1.621     0.5982      0.5982      0.5982      0.2617
28      A         B           28           PRO           97.98            90     90     36     3.429     3.429     1.621     0.5350      0.5350      0.5350      0.2150
29      A         B           29           LEU           94.23            90     90     36     3.429     3.429     1.621     0.5518      0.5518      0.5518      0.2283
30      A         B           30           GLY           97.56            90     90     36     3.429     3.429     1.621     0.4768      0.4768      0.4768      0.1839
31      A         B           31           GLU           96.77            90     90     36     3.429     3.429     1.621     0.6111      0.6111      0.6111      0.2815
32      A         B           32           GLU           98.39            90     90     36     3.429     3.429     1.621     0.6604      0.6604      0.6604      0.3251
33      A         B           33           GLU           98.12            90     90     36     3.429     3.429     1.621     0.8001      0.8001      0.8001      0.4940
34      A         B           34           ILE           98.50            90     90     36     3.429     3.429     1.621     0.8492      0.8492      0.8492      0.5810
35      A         B           35           GLU           98.52            90     90     36     3.429     3.429     1.621     0.8403      0.8403      0.8403      0.5644
36      A         B           36           LYS           98.65            90     90     36     3.429     3.429     1.621     0.8379      0.8379      0.8379      0.5606
37      A         B           37           LEU           98.80            90     90     36     3.429     3.429     1.621     0.8994      0.8994      0.8994      0.6867
38      A         B           38           ARG           98.68            90     90     36     3.429     3.429     1.621     0.9027      0.9027      0.9027      0.6944
39      A         B           39           GLU           98.75            90     90     36     3.429     3.429     1.621     0.8841      0.8841      0.8841      0.6518
40      A         B           40           GLU           98.47            90     90     36     3.429     3.429     1.621     0.8984      0.8984      0.8984      0.6821
41      A         B           41           ALA           98.92            90     90     36     3.429     3.429     1.621     0.9332      0.9332      0.9332      0.7735
42      A         B           42           LEU           98.81            90     90     36     3.429     3.429     1.621     0.9287      0.9287      0.9287      0.7593
43      A         B           43           LYS           98.87            90     90     36     3.429     3.429     1.621     0.9043      0.9043      0.9043      0.6990
44      A         B           44           GLU           98.71            90     90     36     3.429     3.429     1.621     0.9300      0.9300      0.9300      0.7616
45      A         B           45           VAL           98.83            90     90     36     3.429     3.429     1.621     0.9445      0.9445      0.9445      0.8049
46      A         B           46           LYS           97.94            90     90     36     3.429     3.429     1.621     0.9153      0.9153      0.9153      0.7236
47      A         B           47           LYS           97.73            90     90     36     3.429     3.429     1.621     0.9053      0.9053      0.9053      0.6966
48      A         B           48           ILE           98.10            90     90     36     3.429     3.429     1.621     0.9306      0.9306      0.9306      0.7596
49      A         B           49           TRP           97.59            90     90     36     3.429     3.429     1.621     0.9235      0.9235      0.9235      0.7397
50      A         B           50           GLU           97.00            90     90     36     3.429     3.429     1.621     0.9053      0.9053      0.9053      0.6983
51      A         B           51           GLU           96.81            90     90     36     3.429     3.429     1.621     0.9013      0.9013      0.9013      0.6820
52      A         B           52           TYR           96.33            90     90     36     3.429     3.429     1.621     0.8772      0.8772      0.8772      0.6248
53      A         B           53           GLN           93.78            90     90     36     3.429     3.429     1.621     0.7344      0.7344      0.7344      0.3968
54      A         B           54           LEU           89.56            90     90     36     3.429     3.429     1.621     0.5476      0.5476      0.5476      0.2246
55      B         A            1           CYS           94.34            90     90     54     3.429     3.429     2.405     0.4860      0.4860      0.4860      0.3203
56      B         A            2           SER           92.08            90     90     54     3.429     3.429     2.405     0.6327      0.6327      0.6327      0.4623
57      B         A            3           GLN           90.81            90     90     54     3.429     3.429     2.405     0.5012      0.5012      0.5012      0.3393
58      B         A            4           ASN           91.67            90     90     54     3.429     3.429     2.405     0.7324      0.7324      0.7324      0.5840
59      B         A            5           GLU           96.48            90     90     54     3.429     3.429     2.405     0.8713      0.8713      0.8713      0.7728
60      B         A            6           TYR           96.64            90     90     54     3.429     3.429     2.405     0.9164      0.9164      0.9164      0.8458
61      B         A            7           PHE           97.24            90     90     54     3.429     3.429     2.405     0.9253      0.9253      0.9253      0.8613
62      B         A            8           ASP           98.24            90     90     54     3.429     3.429     2.405     0.9357      0.9357      0.9357      0.8798
63      B         A            9           SER           96.52            90     90     54     3.429     3.429     2.405     0.8837      0.8837      0.8837      0.7935
64      B         A           10           LEU           97.95            90     90     54     3.429     3.429     2.405     0.9376      0.9376      0.9376      0.8845
65      B         A           11           LEU           98.74            90     90     54     3.429     3.429     2.405     0.9456      0.9456      0.9456      0.8982
66      B         A           12           HIS           97.98            90     90     54     3.429     3.429     2.405     0.9235      0.9235      0.9235      0.8600
67      B         A           13           ALA           98.15            90     90     54     3.429     3.429     2.405     0.9116      0.9116      0.9116      0.8380
68      B         A           14           CYS           97.87            90     90     54     3.429     3.429     2.405     0.9205      0.9205      0.9205      0.8532
69      B         A           15           ILE           98.01            90     90     54     3.429     3.429     2.405     0.9285      0.9285      0.9285      0.8672
70      B         A           16           PRO           96.73            90     90     54     3.429     3.429     2.405     0.9132      0.9132      0.9132      0.8418
71      B         A           17           CYS           96.41            90     90     54     3.429     3.429     2.405     0.8923      0.8923      0.8923      0.8095
72      B         A           18           GLN           94.67            90     90     54     3.429     3.429     2.405     0.8779      0.8779      0.8779      0.7895
73      B         A           19           LEU           97.33            90     90     54     3.429     3.429     2.405     0.9142      0.9142      0.9142      0.8457
74      B         A           20           ARG           96.02            90     90     54     3.429     3.429     2.405     0.8670      0.8670      0.8670      0.7733
75      B         A           21           CYS           92.68            90     90     54     3.429     3.429     2.405     0.7989      0.7989      0.7989      0.6751
76      B         A           22           SER           89.95            90     90     54     3.429     3.429     2.405     0.6534      0.6534      0.6534      0.5035
77      B         A           23           SER           90.99            90     90     54     3.429     3.429     2.405     0.6269      0.6269      0.6269      0.4729
78      B         A           24           ASN           88.56            90     90     54     3.429     3.429     2.405     0.5104      0.5104      0.5104      0.3593
79      B         A           25           THR           89.17            90     90     54     3.429     3.429     2.405     0.5522      0.5522      0.5522      0.3895
80      B         A           26           PRO           92.71            90     90     54     3.429     3.429     2.405     0.6810      0.6810      0.6810      0.5236
81      B         A           27           PRO           93.13            90     90     54     3.429     3.429     2.405     0.7686      0.7686      0.7686      0.6301
82      B         A           28           LEU           91.78            90     90     54     3.429     3.429     2.405     0.7122      0.7122      0.7122      0.5569
83      B         A           29           THR           90.01            90     90     54     3.429     3.429     2.405     0.6886      0.6886      0.6886      0.5307
84      B         A           30           CYS           95.09            90     90     54     3.429     3.429     2.405     0.7789      0.7789      0.7789      0.6416
85      B         A           31           GLN           93.41            90     90     54     3.429     3.429     2.405     0.7167      0.7167      0.7167      0.5615
86      B         A           32           ARG           89.49            90     90     54     3.429     3.429     2.405     0.5475      0.5475      0.5475      0.3780
87      B         A           33           TYR           90.60            90     90     54     3.429     3.429     2.405     0.6557      0.6557      0.6557      0.4948
88      B         A           34           CYS           92.60            90     90     54     3.429     3.429     2.405     0.6114      0.6114      0.6114      0.4493
89      B         A           35           ASN           86.08            90     90     54     3.429     3.429     2.405     0.3979      0.3979      0.3979      0.2501
90      B         A           36           ALA           71.37            90     90     17     3.429     3.429     1.001     0.0946      0.1343      0.1343      0.0131
