i   AlignChn ScoredChain  AlignResNum  AlignResType  AlignRespLDDT      n0chn  n0dom  n0res    d0chn     d0dom     d0res   ipTM_pae  ipSAE_d0chn ipSAE_d0dom    ipSAE 
1       A         B            1           MET           72.00            90     90     30     3.429     3.429     1.258     0.1688      0.1862      0.1862      0.0307
2       A         B            2           LYS           80.30            90     90     36     3.429     3.429     1.621     0.5548      0.5548      0.5548      0.2286
3       A         B            3           ILE           94.95            90     90     36     3.429     3.429     1.621     0.8781      0.8781      0.8781      0.6271
4       A         B            4           SER           95.59            90     90     36     3.429     3.429     1.621     0.9219      0.9219      0.9219      0.7339
5       A         B            5           GLU           93.16            90     90     36     3.429     3.429     1.621     0.9243      0.9243      0.9243      0.7394
6       A         B            6           GLY           95.35            90     90     36     3.429     3.429     1.621     0.9216      0.9216      0.9216      0.7319
7       A         B            7           GLU           96.58            90     90     36     3.429     3.429     1.621     0.9385      0.9385      0.9385      0.7804
8       A         B            8           ALA           96.99            90     90     36     3.429     3.429     1.621     0.9513      0.9513      0.9513      0.8212
9       A         B            9           HIS           96.62            90     90     36     3.429     3.429     1.621     0.9568      0.9568      0.9568      0.8371
10      A         B           10           LYS           97.10            90     90     36     3.429     3.429     1.621     0.9481      0.9481      0.9481      0.8092
11      A         B           11           ARG           98.09            90     90     36     3.429     3.429     1.621     0.9515      0.9515      0.9515      0.8220
12      A         B           12           PHE           98.38            90     90     36     3.429     3.429     1.621     0.9629      0.9629      0.9629      0.8588
13      A         B           13           MET           97.34            90     90     36     3.429     3.429     1.621     0.9562      0.9562      0.9562      0.8368
14      A         B           14           GLU           98.56            90     90     36     3.429     3.429     1.621     0.9463      0.9463      0.9463      0.8047
15      A         B           15           ILE           98.77            90     90     36     3.429     3.429     1.621     0.9493      0.9493      0.9493      0.8155
16      A         B           16           LYS           98.18            90     90     36     3.429     3.429     1.621     0.9446      0.9446      0.9446      0.8017
17      A         B           17           GLU           98.48            90     90     36     3.429     3.429     1.621     0.9487      0.9487      0.9487      0.8125
18      A         B           18           GLU           98.68            90     90     36     3.429     3.429     1.621     0.9337      0.9337      0.9337      0.7687
19      A         B           19           PHE           98.85            90     90     36     3.429     3.429     1.621     0.9391      0.9391      0.9391      0.7855
20      A         B           20           ARG           98.28            90     90     36     3.429     3.429     1.621     0.9230      0.9230      0.9230      0.7407
21      A         B           21           ARG           98.59            90     90     36     3.429     3.429     1.621     0.9161      0.9161      0.9161      0.7202
22      A         B           22           LYS           98.64            90     90     36     3.429     3.429     1.621     0.8927      0.8927      0.8927      0.6639
23      A         B           23           ARG           98.02            90     90     36     3.429     3.429     1.621     0.8570      0.8570      0.8570      0.5911
24      A         B           24           LYS           98.32            90     90     36     3.429     3.429     1.621     0.8659      0.8659      0.8659      0.6082
25      A         B           25           GLU           97.87            90     90     36     3.429     3.429     1.621     0.8139      0.8139      0.8139      0.5084
26      A         B           26           ALA           98.09            90     90     36     3.429     3.429     1.621     0.7213      0.7213      0.7213      0.3833
27      A         B           27           GLU           96.59            90     90     36     3.429     3.429     1.621     0.6895      0.6895      0.6895      0.3469
28      A         B           28           PRO           97.99            90     90     36     3.429     3.429     1.621     0.6192      0.6192      0.6192      0.2799
29      A         B           29           LEU           94.93            90     90     36     3.429     3.429     1.621     0.6548      0.6548      0.6548      0.3129
30      A         B           30           GLY           97.69            90     90     36     3.429     3.429     1.621     0.5537      0.5537      0.5537      0.2357
31      A         B           31           GLU           96.76            90     90     36     3.429     3.429     1.621     0.6916      0.6916      0.6916      0.3571
32      A         B           32           GLU           98.38            90     90     36     3.429     3.429     1.621     0.7244      0.7244      0.7244      0.3925
33      A         B           33           GLU           98.18            90     90     36     3.429     3.429     1.621     0.8407      0.8407      0.8407      0.5597
34      A         B           34           ILE           98.42            90     90     36     3.429     3.429     1.621     0.8864      0.8864      0.8864      0.6537
35      A         B           35           GLU           98.34            90     90     36     3.429     3.429     1.621     0.8713      0.8713      0.8713      0.6217
36      A         B           36           LYS           98.64            90     90     36     3.429     3.429     1.621     0.8703      0.8703      0.8703      0.6195
37      A         B           37           LEU           98.78            90     90     36     3.429     3.429     1.621     0.9241      0.9241      0.9241      0.7453
38      A         B           38           ARG           98.58            90     90     36     3.429     3.429     1.621     0.9222      0.9222      0.9222      0.7405
39      A         B           39           GLU           98.64            90     90     36     3.429     3.429     1.621     0.9061      0.9061      0.9061      0.6997
40      A         B           40           GLU           98.48            90     90     36     3.429     3.429     1.621     0.9205      0.9205      0.9205      0.7344
41      A         B           41           ALA           98.89            90     90     36     3.429     3.429     1.621     0.9480      0.9480      0.9480      0.8135
42      A         B           42           LEU           98.76            90     90     36     3.429     3.429     1.621     0.9444      0.9444      0.9444      0.8015
43      A         B           43           LYS           98.86            90     90     36     3.429     3.429     1.621     0.9278      0.9278      0.9278      0.7556
44      A         B           44           GLU           98.72            90     90     36     3.429     3.429     1.621     0.9465      0.9465      0.9465      0.8071
45      A         B           45           VAL           98.81            90     90     36     3.429     3.429     1.621     0.9576      0.9576      0.9576      0.8426
46      A         B           46           LYS           97.87            90     90     36     3.429     3.429     1.621     0.9354      0.9354      0.9354      0.7756
47      A         B           47           LYS           97.82            90     90     36     3.429     3.429     1.621     0.9279      0.9279      0.9279      0.7530
48      A         B           48           ILE           98.13            90     90     36     3.429     3.429     1.621     0.9497      0.9497      0.9497      0.8143
49      A         B           49           TRP           97.65            90     90     36     3.429     3.429     1.621     0.9451      0.9451      0.9451      0.8002
50      A         B           50           GLU           97.16            90     90     36     3.429     3.429     1.621     0.9283      0.9283      0.9283      0.7555
51      A         B           51           GLU           96.98            90     90     36     3.429     3.429     1.621     0.9249      0.9249      0.9249      0.7413
52      A         B           52           TYR           96.48            90     90     36     3.429     3.429     1.621     0.9116      0.9116      0.9116      0.7047
53      A         B           53           GLN           94.03            90     90     36     3.429     3.429     1.621     0.8062      0.8062      0.8062      0.4963
54      A         B           54           LEU           90.43            90     90     36     3.429     3.429     1.621     0.6422      0.6422      0.6422      0.3008
55      B         A            1           CYS           94.62            90     90     54     3.429     3.429     2.405     0.5147      0.5147      0.5147      0.3460
56      B         A            2           SER           89.73            90     90     54     3.429     3.429     2.405     0.5689      0.5689      0.5689      0.3975
57      B         A            3           GLN           90.87            90     90     54     3.429     3.429     2.405     0.4876      0.4876      0.4876      0.3271
58      B         A            4           ASN           91.94            90     90     54     3.429     3.429     2.405     0.7536      0.7536      0.7536      0.6099
59      B         A            5           GLU           96.65            90     90     54     3.429     3.429     2.405     0.8863      0.8863      0.8863      0.7960
60      B         A            6           TYR           96.85            90     90     54     3.429     3.429     2.405     0.9307      0.9307      0.9307      0.8700
61      B         A            7           PHE           97.30            90     90     54     3.429     3.429     2.405     0.9386      0.9386      0.9386      0.8841
62      B         A            8           ASP           98.23            90     90     54     3.429     3.429     2.405     0.9479      0.9479      0.9479      0.9009
63      B         A            9           SER           96.62            90     90     54     3.429     3.429     2.405     0.9014      0.9014      0.9014      0.8214
64      B         A           10           LEU           97.93            90     90     54     3.429     3.429     2.405     0.9487      0.9487      0.9487      0.9033
65      B         A           11           LEU           98.65            90     90     54     3.429     3.429     2.405     0.9553      0.9553      0.9553      0.9151
66      B         A           12           HIS           97.84            90     90     54     3.429     3.429     2.405     0.9365      0.9365      0.9365      0.8816
67      B         A           13           ALA           98.00            90     90     54     3.429     3.429     2.405     0.9239      0.9239      0.9239      0.8585
68      B         A           14           CYS           97.82            90     90     54     3.429     3.429     2.405     0.9325      0.9325      0.9325      0.8734
69      B         A           15           ILE           97.97            90     90     54     3.429     3.429     2.405     0.9412      0.9412      0.9412      0.8889
70      B         A           16           PRO           96.95            90     90     54     3.429     3.429     2.405     0.9274      0.9274      0.9274      0.8654
71      B         A           17           CYS           96.61            90     90     54     3.429     3.429     2.405     0.9092      0.9092      0.9092      0.8362
72      B         A           18           GLN           94.77            90     90     54     3.429     3.429     2.405     0.8932      0.8932      0.8932      0.8127
73      B         A           19           LEU           97.25            90     90     54     3.429     3.429     2.405     0.9285      0.9285      0.9285      0.8689
74      B         A           20           ARG           96.09            90     90     54     3.429     3.429     2.405     0.8931      0.8931      0.8931      0.8127
75      B         A           21           CYS           92.72            90     90     54     3.429     3.429     2.405     0.8347      0.8347      0.8347      0.7240
76      B         A           22           SER           89.57            90     90     54     3.429     3.429     2.405     0.6946      0.6946      0.6946      0.5502
77      B         A           23           SER           90.68            90     90     54     3.429     3.429     2.405     0.6729      0.6729      0.6729      0.5236
78      B         A           24           ASN           88.50            90     90     54     3.429     3.429     2.405     0.5606      0.5606      0.5606      0.4070
79      B         A           25           THR           89.66            90     90     54     3.429     3.429     2.405     0.5950      0.5950      0.5950      0.4319
80      B         A           26           PRO           92.91            90     90     54     3.429     3.429     2.405     0.7224      0.7224      0.7224      0.5722
81      B         A           27           PRO           93.53            90     90     54     3.429     3.429     2.405     0.8109      0.8109      0.8109      0.6865
82      B         A           28           LEU           92.39            90     90     54     3.429     3.429     2.405     0.7649      0.7649      0.7649      0.6223
83      B         A           29           THR           90.73            90     90     54     3.429     3.429     2.405     0.7387      0.7387      0.7387      0.5906
84      B         A           30           CYS           95.27            90     90     54     3.429     3.429     2.405     0.8209      0.8209      0.8209      0.6989
85      B         A           31           GLN           93.65            90     90     54     3.429     3.429     2.405     0.7594      0.7594      0.7594      0.6140
86      B         A           32           ARG           90.08            90     90     54     3.429     3.429     2.405     0.6024      0.6024      0.6024      0.4326
87      B         A           33           TYR           91.18            90     90     54     3.429     3.429     2.405     0.7098      0.7098      0.7098      0.5565
88      B         A           34           CYS           92.98            90     90     54     3.429     3.429     2.405     0.6748      0.6748      0.6748      0.5184
89      B         A           35           ASN           86.48            90     90     54     3.429     3.429     2.405     0.4694      0.4694      0.4694      0.3092
90      B         A           36           ALA           72.65            90     90     33     3.429     3.429     1.450     0.1223      0.1474      0.1474      0.0303
