i   AlignChn ScoredChain  AlignResNum  AlignResType  AlignRespLDDT      n0chn  n0dom  n0res    d0chn     d0dom     d0res   ipTM_pae  ipSAE_d0chn ipSAE_d0dom    ipSAE 
1       A         B            1           MET           55.30            90     90     30     3.429     3.429     1.258     0.1541      0.1679      0.1679      0.0272
2       A         B            2           LYS           65.30            90     90     36     3.429     3.429     1.621     0.3706      0.3706      0.3706      0.1220
3       A         B            3           ILE           92.58            90     90     36     3.429     3.429     1.621     0.8238      0.8238      0.8238      0.5240
4       A         B            4           SER           94.31            90     90     36     3.429     3.429     1.621     0.9099      0.9099      0.9099      0.7039
5       A         B            5           GLU           92.07            90     90     36     3.429     3.429     1.621     0.9221      0.9221      0.9221      0.7342
6       A         B            6           GLY           95.13            90     90     36     3.429     3.429     1.621     0.9216      0.9216      0.9216      0.7337
7       A         B            7           GLU           95.86            90     90     36     3.429     3.429     1.621     0.9331      0.9331      0.9331      0.7657
8       A         B            8           ALA           96.43            90     90     36     3.429     3.429     1.621     0.9516      0.9516      0.9516      0.8238
9       A         B            9           HIS           96.38            90     90     36     3.429     3.429     1.621     0.9570      0.9570      0.9570      0.8395
10      A         B           10           LYS           96.90            90     90     36     3.429     3.429     1.621     0.9480      0.9480      0.9480      0.8096
11      A         B           11           ARG           97.69            90     90     36     3.429     3.429     1.621     0.9519      0.9519      0.9519      0.8244
12      A         B           12           PHE           98.32            90     90     36     3.429     3.429     1.621     0.9645      0.9645      0.9645      0.8661
13      A         B           13           MET           97.38            90     90     36     3.429     3.429     1.621     0.9555      0.9555      0.9555      0.8373
14      A         B           14           GLU           98.46            90     90     36     3.429     3.429     1.621     0.9470      0.9470      0.9470      0.8079
15      A         B           15           ILE           98.72            90     90     36     3.429     3.429     1.621     0.9525      0.9525      0.9525      0.8270
16      A         B           16           LYS           98.13            90     90     36     3.429     3.429     1.621     0.9460      0.9460      0.9460      0.8073
17      A         B           17           GLU           98.44            90     90     36     3.429     3.429     1.621     0.9498      0.9498      0.9498      0.8175
18      A         B           18           GLU           98.59            90     90     36     3.429     3.429     1.621     0.9365      0.9365      0.9365      0.7767
19      A         B           19           PHE           98.83            90     90     36     3.429     3.429     1.621     0.9431      0.9431      0.9431      0.7986
20      A         B           20           ARG           98.14            90     90     36     3.429     3.429     1.621     0.9208      0.9208      0.9208      0.7354
21      A         B           21           ARG           98.54            90     90     36     3.429     3.429     1.621     0.9200      0.9200      0.9200      0.7307
22      A         B           22           LYS           98.54            90     90     36     3.429     3.429     1.621     0.8966      0.8966      0.8966      0.6734
23      A         B           23           ARG           97.85            90     90     36     3.429     3.429     1.621     0.8629      0.8629      0.8629      0.6023
24      A         B           24           LYS           98.27            90     90     36     3.429     3.429     1.621     0.8788      0.8788      0.8788      0.6346
25      A         B           25           GLU           97.63            90     90     36     3.429     3.429     1.621     0.8206      0.8206      0.8206      0.5187
26      A         B           26           ALA           97.98            90     90     36     3.429     3.429     1.621     0.7324      0.7324      0.7324      0.3968
27      A         B           27           GLU           96.29            90     90     36     3.429     3.429     1.621     0.6983      0.6983      0.6983      0.3563
28      A         B           28           PRO           97.84            90     90     36     3.429     3.429     1.621     0.6318      0.6318      0.6318      0.2907
29      A         B           29           LEU           94.28            90     90     36     3.429     3.429     1.621     0.6559      0.6559      0.6559      0.3142
30      A         B           30           GLY           97.34            90     90     36     3.429     3.429     1.621     0.5656      0.5656      0.5656      0.2452
31      A         B           31           GLU           96.58            90     90     36     3.429     3.429     1.621     0.7056      0.7056      0.7056      0.3733
32      A         B           32           GLU           98.32            90     90     36     3.429     3.429     1.621     0.7397      0.7397      0.7397      0.4120
33      A         B           33           GLU           98.07            90     90     36     3.429     3.429     1.621     0.8495      0.8495      0.8495      0.5759
34      A         B           34           ILE           98.42            90     90     36     3.429     3.429     1.621     0.8943      0.8943      0.8943      0.6729
35      A         B           35           GLU           98.33            90     90     36     3.429     3.429     1.621     0.8784      0.8784      0.8784      0.6377
36      A         B           36           LYS           98.61            90     90     36     3.429     3.429     1.621     0.8738      0.8738      0.8738      0.6279
37      A         B           37           LEU           98.74            90     90     36     3.429     3.429     1.621     0.9273      0.9273      0.9273      0.7549
38      A         B           38           ARG           98.57            90     90     36     3.429     3.429     1.621     0.9282      0.9282      0.9282      0.7584
39      A         B           39           GLU           98.61            90     90     36     3.429     3.429     1.621     0.9115      0.9115      0.9115      0.7142
40      A         B           40           GLU           98.08            90     90     36     3.429     3.429     1.621     0.9129      0.9129      0.9129      0.7156
41      A         B           41           ALA           98.86            90     90     36     3.429     3.429     1.621     0.9482      0.9482      0.9482      0.8165
42      A         B           42           LEU           98.74            90     90     36     3.429     3.429     1.621     0.9470      0.9470      0.9470      0.8113
43      A         B           43           LYS           98.82            90     90     36     3.429     3.429     1.621     0.9263      0.9263      0.9263      0.7529
44      A         B           44           GLU           98.56            90     90     36     3.429     3.429     1.621     0.9463      0.9463      0.9463      0.8075
45      A         B           45           VAL           98.76            90     90     36     3.429     3.429     1.621     0.9582      0.9582      0.9582      0.8464
46      A         B           46           LYS           97.63            90     90     36     3.429     3.429     1.621     0.9361      0.9361      0.9361      0.7788
47      A         B           47           LYS           97.18            90     90     36     3.429     3.429     1.621     0.9237      0.9237      0.9237      0.7427
48      A         B           48           ILE           97.59            90     90     36     3.429     3.429     1.621     0.9469      0.9469      0.9469      0.8072
49      A         B           49           TRP           97.15            90     90     36     3.429     3.429     1.621     0.9462      0.9462      0.9462      0.8063
50      A         B           50           GLU           96.14            90     90     36     3.429     3.429     1.621     0.9290      0.9290      0.9290      0.7588
51      A         B           51           GLU           95.36            90     90     36     3.429     3.429     1.621     0.9137      0.9137      0.9137      0.7123
52      A         B           52           TYR           95.58            90     90     36     3.429     3.429     1.621     0.9077      0.9077      0.9077      0.6958
53      A         B           53           GLN           93.12            90     90     36     3.429     3.429     1.621     0.7923      0.7923      0.7923      0.4746
54      A         B           54           LEU           88.12            90     90     36     3.429     3.429     1.621     0.6047      0.6047      0.6047      0.2684
55      B         A            1           CYS           94.42            90     90     54     3.429     3.429     2.405     0.5295      0.5295      0.5295      0.3599
56      B         A            2           SER           91.34            90     90     54     3.429     3.429     2.405     0.6614      0.6614      0.6614      0.4938
57      B         A            3           GLN           91.07            90     90     54     3.429     3.429     2.405     0.5838      0.5838      0.5838      0.4186
58      B         A            4           ASN           91.87            90     90     54     3.429     3.429     2.405     0.7867      0.7867      0.7867      0.6538
59      B         A            5           GLU           96.65            90     90     54     3.429     3.429     2.405     0.8977      0.8977      0.8977      0.8146
60      B         A            6           TYR           97.13            90     90     54     3.429     3.429     2.405     0.9338      0.9338      0.9338      0.8755
61      B         A            7           PHE           97.50            90     90     54     3.429     3.429     2.405     0.9424      0.9424      0.9424      0.8912
62      B         A            8           ASP           98.31            90     90     54     3.429     3.429     2.405     0.9502      0.9502      0.9502      0.9054
63      B         A            9           SER           96.48            90     90     54     3.429     3.429     2.405     0.9066      0.9066      0.9066      0.8304
64      B         A           10           LEU           97.92            90     90     54     3.429     3.429     2.405     0.9517      0.9517      0.9517      0.9091
65      B         A           11           LEU           98.68            90     90     54     3.429     3.429     2.405     0.9579      0.9579      0.9579      0.9200
66      B         A           12           HIS           97.87            90     90     54     3.429     3.429     2.405     0.9415      0.9415      0.9415      0.8908
67      B         A           13           ALA           97.98            90     90     54     3.429     3.429     2.405     0.9281      0.9281      0.9281      0.8661
68      B         A           14           CYS           97.91            90     90     54     3.429     3.429     2.405     0.9368      0.9368      0.9368      0.8813
69      B         A           15           ILE           98.02            90     90     54     3.429     3.429     2.405     0.9458      0.9458      0.9458      0.8974
70      B         A           16           PRO           96.57            90     90     54     3.429     3.429     2.405     0.9324      0.9324      0.9324      0.8743
71      B         A           17           CYS           96.43            90     90     54     3.429     3.429     2.405     0.9180      0.9180      0.9180      0.8507
72      B         A           18           GLN           94.20            90     90     54     3.429     3.429     2.405     0.9063      0.9063      0.9063      0.8335
73      B         A           19           LEU           96.98            90     90     54     3.429     3.429     2.405     0.9359      0.9359      0.9359      0.8817
74      B         A           20           ARG           96.06            90     90     54     3.429     3.429     2.405     0.9035      0.9035      0.9035      0.8287
75      B         A           21           CYS           92.70            90     90     54     3.429     3.429     2.405     0.8558      0.8558      0.8558      0.7545
76      B         A           22           SER           90.48            90     90     54     3.429     3.429     2.405     0.7448      0.7448      0.7448      0.6097
77      B         A           23           SER           91.31            90     90     54     3.429     3.429     2.405     0.7311      0.7311      0.7311      0.5918
78      B         A           24           ASN           88.72            90     90     54     3.429     3.429     2.405     0.6253      0.6253      0.6253      0.4732
79      B         A           25           THR           89.74            90     90     54     3.429     3.429     2.405     0.6591      0.6591      0.6591      0.4998
80      B         A           26           PRO           93.23            90     90     54     3.429     3.429     2.405     0.7627      0.7627      0.7627      0.6215
81      B         A           27           PRO           93.90            90     90     54     3.429     3.429     2.405     0.8324      0.8324      0.8324      0.7167
82      B         A           28           LEU           92.63            90     90     54     3.429     3.429     2.405     0.7908      0.7908      0.7908      0.6567
83      B         A           29           THR           91.57            90     90     54     3.429     3.429     2.405     0.7634      0.7634      0.7634      0.6218
84      B         A           30           CYS           95.62            90     90     54     3.429     3.429     2.405     0.8323      0.8323      0.8323      0.7150
85      B         A           31           GLN           93.34            90     90     54     3.429     3.429     2.405     0.7763      0.7763      0.7763      0.6361
86      B         A           32           ARG           89.91            90     90     54     3.429     3.429     2.405     0.6216      0.6216      0.6216      0.4521
87      B         A           33           TYR           91.32            90     90     54     3.429     3.429     2.405     0.7335      0.7335      0.7335      0.5856
88      B         A           34           CYS           92.47            90     90     54     3.429     3.429     2.405     0.6557      0.6557      0.6557      0.4981
89      B         A           35           ASN           84.64            90     90     54     3.429     3.429     2.405     0.3548      0.3548      0.3548      0.2176
90      B         A           36           ALA           66.49            90     90      8     3.429     3.429     1.001     0.0818      0.1298      0.1298      0.0126
