i   AlignChn ScoredChain  AlignResNum  AlignResType  AlignRespLDDT      n0chn  n0dom  n0res    d0chn     d0dom     d0res   ipTM_pae  ipSAE_d0chn ipSAE_d0dom    ipSAE 
1       A         B            1           THR           83.86            90     90     18     3.429     3.429     1.001     0.1335      0.1760      0.1760      0.0187
2       A         B            2           ASP           90.36            90     90     36     3.429     3.429     1.621     0.4275      0.4275      0.4275      0.1580
3       A         B            3           LEU           96.09            90     90     36     3.429     3.429     1.621     0.6387      0.6387      0.6387      0.3122
4       A         B            4           GLU           96.51            90     90     36     3.429     3.429     1.621     0.6989      0.6989      0.6989      0.3719
5       A         B            5           TYR           97.29            90     90     36     3.429     3.429     1.621     0.8445      0.8445      0.8445      0.5759
6       A         B            6           GLN           97.43            90     90     36     3.429     3.429     1.621     0.8297      0.8297      0.8297      0.5516
7       A         B            7           LYS           97.81            90     90     36     3.429     3.429     1.621     0.8327      0.8327      0.8327      0.5564
8       A         B            8           LEU           98.10            90     90     36     3.429     3.429     1.621     0.8727      0.8727      0.8727      0.6310
9       A         B            9           MET           98.35            90     90     36     3.429     3.429     1.621     0.9009      0.9009      0.9009      0.6930
10      A         B           10           SER           98.08            90     90     36     3.429     3.429     1.621     0.8940      0.8940      0.8940      0.6773
11      A         B           11           GLU           98.21            90     90     36     3.429     3.429     1.621     0.8883      0.8883      0.8883      0.6662
12      A         B           12           GLU           98.52            90     90     36     3.429     3.429     1.621     0.9106      0.9106      0.9106      0.7166
13      A         B           13           ALA           98.68            90     90     36     3.429     3.429     1.621     0.9270      0.9270      0.9270      0.7582
14      A         B           14           ASN           97.89            90     90     36     3.429     3.429     1.621     0.9014      0.9014      0.9014      0.6938
15      A         B           15           LYS           98.07            90     90     36     3.429     3.429     1.621     0.8980      0.8980      0.8980      0.6862
16      A         B           16           ILE           98.26            90     90     36     3.429     3.429     1.621     0.9169      0.9169      0.9169      0.7282
17      A         B           17           THR           97.54            90     90     36     3.429     3.429     1.621     0.9049      0.9049      0.9049      0.6978
18      A         B           18           GLU           97.04            90     90     36     3.429     3.429     1.621     0.8786      0.8786      0.8786      0.6430
19      A         B           19           GLU           97.43            90     90     36     3.429     3.429     1.621     0.8628      0.8628      0.8628      0.6076
20      A         B           20           ALA           97.30            90     90     36     3.429     3.429     1.621     0.8506      0.8506      0.8506      0.5791
21      A         B           21           MET           96.35            90     90     36     3.429     3.429     1.621     0.8197      0.8197      0.8197      0.5216
22      A         B           22           LYS           97.25            90     90     36     3.429     3.429     1.621     0.8101      0.8101      0.8101      0.5094
23      A         B           23           ASP           97.78            90     90     36     3.429     3.429     1.621     0.7960      0.7960      0.7960      0.4789
24      A         B           24           PRO           97.63            90     90     36     3.429     3.429     1.621     0.7348      0.7348      0.7348      0.3951
25      A         B           25           GLU           98.04            90     90     36     3.429     3.429     1.621     0.7569      0.7569      0.7569      0.4247
26      A         B           26           LYS           97.50            90     90     36     3.429     3.429     1.621     0.8733      0.8733      0.8733      0.6215
27      A         B           27           TYR           97.92            90     90     36     3.429     3.429     1.621     0.8971      0.8971      0.8971      0.6717
28      A         B           28           LYS           97.63            90     90     36     3.429     3.429     1.621     0.8685      0.8685      0.8685      0.6091
29      A         B           29           GLU           97.97            90     90     36     3.429     3.429     1.621     0.9009      0.9009      0.9009      0.6855
30      A         B           30           VAL           98.45            90     90     36     3.429     3.429     1.621     0.9332      0.9332      0.9332      0.7706
31      A         B           31           SER           97.96            90     90     36     3.429     3.429     1.621     0.9145      0.9145      0.9145      0.7171
32      A         B           32           ASP           97.59            90     90     36     3.429     3.429     1.621     0.9047      0.9047      0.9047      0.6918
33      A         B           33           MET           98.25            90     90     36     3.429     3.429     1.621     0.9247      0.9247      0.9247      0.7471
34      A         B           34           LEU           98.38            90     90     36     3.429     3.429     1.621     0.9379      0.9379      0.9379      0.7812
35      A         B           35           ASN           97.44            90     90     36     3.429     3.429     1.621     0.9137      0.9137      0.9137      0.7156
36      A         B           36           THR           96.41            90     90     36     3.429     3.429     1.621     0.8978      0.8978      0.8978      0.6755
37      A         B           37           LEU           95.58            90     90     36     3.429     3.429     1.621     0.8829      0.8829      0.8829      0.6395
38      A         B           38           GLU           97.01            90     90     36     3.429     3.429     1.621     0.8457      0.8457      0.8457      0.5652
39      A         B           39           GLY           97.99            90     90     36     3.429     3.429     1.621     0.8881      0.8881      0.8881      0.6570
40      A         B           40           ARG           97.76            90     90     36     3.429     3.429     1.621     0.9064      0.9064      0.9064      0.6980
41      A         B           41           TYR           98.61            90     90     36     3.429     3.429     1.621     0.9185      0.9185      0.9185      0.7303
42      A         B           42           GLU           98.35            90     90     36     3.429     3.429     1.621     0.8941      0.8941      0.8941      0.6697
43      A         B           43           LEU           98.41            90     90     36     3.429     3.429     1.621     0.9171      0.9171      0.9171      0.7287
44      A         B           44           LYS           98.57            90     90     36     3.429     3.429     1.621     0.9175      0.9175      0.9175      0.7289
45      A         B           45           GLN           98.53            90     90     36     3.429     3.429     1.621     0.8939      0.8939      0.8939      0.6714
46      A         B           46           VAL           98.24            90     90     36     3.429     3.429     1.621     0.8945      0.8945      0.8945      0.6732
47      A         B           47           VAL           98.66            90     90     36     3.429     3.429     1.621     0.9045      0.9045      0.9045      0.6964
48      A         B           48           GLU           98.31            90     90     36     3.429     3.429     1.621     0.9017      0.9017      0.9017      0.6893
49      A         B           49           GLU           98.38            90     90     36     3.429     3.429     1.621     0.8313      0.8313      0.8313      0.5458
50      A         B           50           LYS           97.84            90     90     36     3.429     3.429     1.621     0.8287      0.8287      0.8287      0.5393
51      A         B           51           ILE           97.81            90     90     36     3.429     3.429     1.621     0.8014      0.8014      0.8014      0.4924
52      A         B           52           GLU           97.17            90     90     36     3.429     3.429     1.621     0.7337      0.7337      0.7337      0.4007
53      A         B           53           LYS           96.12            90     90     36     3.429     3.429     1.621     0.4420      0.4420      0.4420      0.1611
54      A         B           54           ARG           85.52            90     90      7     3.429     3.429     1.001     0.0945      0.1368      0.1368      0.0134
55      B         A            1           CYS           95.37            90     90     54     3.429     3.429     2.405     0.4655      0.4655      0.4655      0.3049
56      B         A            2           SER           90.24            90     90     54     3.429     3.429     2.405     0.5370      0.5370      0.5370      0.3709
57      B         A            3           GLN           91.55            90     90     54     3.429     3.429     2.405     0.3985      0.3985      0.3985      0.2496
58      B         A            4           ASN           94.61            90     90     54     3.429     3.429     2.405     0.6985      0.6985      0.6985      0.5428
59      B         A            5           GLU           97.52            90     90     54     3.429     3.429     2.405     0.8625      0.8625      0.8625      0.7602
60      B         A            6           TYR           97.96            90     90     54     3.429     3.429     2.405     0.9101      0.9101      0.9101      0.8354
61      B         A            7           PHE           98.07            90     90     54     3.429     3.429     2.405     0.9255      0.9255      0.9255      0.8621
62      B         A            8           ASP           98.37            90     90     54     3.429     3.429     2.405     0.9380      0.9380      0.9380      0.8839
63      B         A            9           SER           96.55            90     90     54     3.429     3.429     2.405     0.8785      0.8785      0.8785      0.7851
64      B         A           10           LEU           98.00            90     90     54     3.429     3.429     2.405     0.9348      0.9348      0.9348      0.8785
65      B         A           11           LEU           98.56            90     90     54     3.429     3.429     2.405     0.9444      0.9444      0.9444      0.8956
66      B         A           12           HIS           98.20            90     90     54     3.429     3.429     2.405     0.9333      0.9333      0.9333      0.8758
67      B         A           13           ALA           98.19            90     90     54     3.429     3.429     2.405     0.9098      0.9098      0.9098      0.8355
68      B         A           14           CYS           98.14            90     90     54     3.429     3.429     2.405     0.9245      0.9245      0.9245      0.8602
69      B         A           15           ILE           98.33            90     90     54     3.429     3.429     2.405     0.9253      0.9253      0.9253      0.8620
70      B         A           16           PRO           97.36            90     90     54     3.429     3.429     2.405     0.9107      0.9107      0.9107      0.8375
71      B         A           17           CYS           97.99            90     90     54     3.429     3.429     2.405     0.8876      0.8876      0.8876      0.8010
72      B         A           18           GLN           94.99            90     90     54     3.429     3.429     2.405     0.7974      0.7974      0.7974      0.6735
73      B         A           19           LEU           98.07            90     90     54     3.429     3.429     2.405     0.9074      0.9074      0.9074      0.8353
74      B         A           20           ARG           97.65            90     90     54     3.429     3.429     2.405     0.8509      0.8509      0.8509      0.7492
75      B         A           21           CYS           95.33            90     90     54     3.429     3.429     2.405     0.7609      0.7609      0.7609      0.6214
76      B         A           22           SER           90.94            90     90     54     3.429     3.429     2.405     0.5740      0.5740      0.5740      0.4161
77      B         A           23           SER           91.22            90     90     54     3.429     3.429     2.405     0.4926      0.4926      0.4926      0.3399
78      B         A           24           ASN           88.09            90     90     54     3.429     3.429     2.405     0.4181      0.4181      0.4181      0.2749
79      B         A           25           THR           90.59            90     90     54     3.429     3.429     2.405     0.4765      0.4765      0.4765      0.3193
80      B         A           26           PRO           95.26            90     90     54     3.429     3.429     2.405     0.6352      0.6352      0.6352      0.4715
81      B         A           27           PRO           96.42            90     90     54     3.429     3.429     2.405     0.7528      0.7528      0.7528      0.6097
82      B         A           28           LEU           94.17            90     90     54     3.429     3.429     2.405     0.6930      0.6930      0.6930      0.5355
83      B         A           29           THR           94.27            90     90     54     3.429     3.429     2.405     0.6770      0.6770      0.6770      0.5165
84      B         A           30           CYS           97.52            90     90     54     3.429     3.429     2.405     0.7838      0.7838      0.7838      0.6474
85      B         A           31           GLN           96.04            90     90     54     3.429     3.429     2.405     0.7298      0.7298      0.7298      0.5767
86      B         A           32           ARG           94.11            90     90     54     3.429     3.429     2.405     0.5750      0.5750      0.5750      0.4063
87      B         A           33           TYR           96.42            90     90     54     3.429     3.429     2.405     0.7226      0.7226      0.7226      0.5706
88      B         A           34           CYS           96.74            90     90     54     3.429     3.429     2.405     0.6569      0.6569      0.6569      0.4951
89      B         A           35           ASN           92.65            90     90     54     3.429     3.429     2.405     0.4392      0.4392      0.4392      0.2831
90      B         A           36           ALA           79.22            90     90     10     3.429     3.429     1.001     0.0825      0.1379      0.1379      0.0135
