i   AlignChn ScoredChain  AlignResNum  AlignResType  AlignRespLDDT      n0chn  n0dom  n0res    d0chn     d0dom     d0res   ipTM_pae  ipSAE_d0chn ipSAE_d0dom    ipSAE 
1       A         B            1           THR           72.37            90     90      5     3.429     3.429     1.001     0.0563      0.1366      0.1366      0.0134
2       A         B            2           ASP           82.96            90     90     36     3.429     3.429     1.621     0.2099      0.2099      0.2099      0.0593
3       A         B            3           LEU           95.57            90     90     36     3.429     3.429     1.621     0.5640      0.5640      0.5640      0.2478
4       A         B            4           GLU           95.67            90     90     36     3.429     3.429     1.621     0.6704      0.6704      0.6704      0.3404
5       A         B            5           TYR           96.79            90     90     36     3.429     3.429     1.621     0.8421      0.8421      0.8421      0.5701
6       A         B            6           GLN           97.12            90     90     36     3.429     3.429     1.621     0.8299      0.8299      0.8299      0.5493
7       A         B            7           LYS           97.47            90     90     36     3.429     3.429     1.621     0.8276      0.8276      0.8276      0.5457
8       A         B            8           LEU           97.73            90     90     36     3.429     3.429     1.621     0.8725      0.8725      0.8725      0.6289
9       A         B            9           MET           98.31            90     90     36     3.429     3.429     1.621     0.9080      0.9080      0.9080      0.7081
10      A         B           10           SER           97.93            90     90     36     3.429     3.429     1.621     0.8940      0.8940      0.8940      0.6758
11      A         B           11           GLU           98.09            90     90     36     3.429     3.429     1.621     0.8848      0.8848      0.8848      0.6562
12      A         B           12           GLU           98.39            90     90     36     3.429     3.429     1.621     0.9137      0.9137      0.9137      0.7213
13      A         B           13           ALA           98.65            90     90     36     3.429     3.429     1.621     0.9304      0.9304      0.9304      0.7659
14      A         B           14           ASN           97.86            90     90     36     3.429     3.429     1.621     0.9068      0.9068      0.9068      0.7052
15      A         B           15           LYS           97.97            90     90     36     3.429     3.429     1.621     0.9051      0.9051      0.9051      0.7007
16      A         B           16           ILE           98.23            90     90     36     3.429     3.429     1.621     0.9256      0.9256      0.9256      0.7490
17      A         B           17           THR           97.68            90     90     36     3.429     3.429     1.621     0.9179      0.9179      0.9179      0.7287
18      A         B           18           GLU           97.17            90     90     36     3.429     3.429     1.621     0.8974      0.8974      0.8974      0.6826
19      A         B           19           GLU           97.50            90     90     36     3.429     3.429     1.621     0.8777      0.8777      0.8777      0.6353
20      A         B           20           ALA           97.76            90     90     36     3.429     3.429     1.621     0.8724      0.8724      0.8724      0.6202
21      A         B           21           MET           96.91            90     90     36     3.429     3.429     1.621     0.8484      0.8484      0.8484      0.5713
22      A         B           22           LYS           97.47            90     90     36     3.429     3.429     1.621     0.8334      0.8334      0.8334      0.5481
23      A         B           23           ASP           97.76            90     90     36     3.429     3.429     1.621     0.8079      0.8079      0.8079      0.4972
24      A         B           24           PRO           97.51            90     90     36     3.429     3.429     1.621     0.7516      0.7516      0.7516      0.4165
25      A         B           25           GLU           97.98            90     90     36     3.429     3.429     1.621     0.7697      0.7697      0.7697      0.4412
26      A         B           26           LYS           97.61            90     90     36     3.429     3.429     1.621     0.8879      0.8879      0.8879      0.6523
27      A         B           27           TYR           98.16            90     90     36     3.429     3.429     1.621     0.9136      0.9136      0.9136      0.7115
28      A         B           28           LYS           97.70            90     90     36     3.429     3.429     1.621     0.8840      0.8840      0.8840      0.6414
29      A         B           29           GLU           97.99            90     90     36     3.429     3.429     1.621     0.9109      0.9109      0.9109      0.7084
30      A         B           30           VAL           98.54            90     90     36     3.429     3.429     1.621     0.9448      0.9448      0.9448      0.8026
31      A         B           31           SER           98.18            90     90     36     3.429     3.429     1.621     0.9268      0.9268      0.9268      0.7486
32      A         B           32           ASP           97.75            90     90     36     3.429     3.429     1.621     0.9185      0.9185      0.9185      0.7258
33      A         B           33           MET           98.32            90     90     36     3.429     3.429     1.621     0.9339      0.9339      0.9339      0.7713
34      A         B           34           LEU           98.42            90     90     36     3.429     3.429     1.621     0.9463      0.9463      0.9463      0.8056
35      A         B           35           ASN           97.55            90     90     36     3.429     3.429     1.621     0.9189      0.9189      0.9189      0.7283
36      A         B           36           THR           96.45            90     90     36     3.429     3.429     1.621     0.8984      0.8984      0.8984      0.6759
37      A         B           37           LEU           95.48            90     90     36     3.429     3.429     1.621     0.8809      0.8809      0.8809      0.6346
38      A         B           38           GLU           97.02            90     90     36     3.429     3.429     1.621     0.8384      0.8384      0.8384      0.5513
39      A         B           39           GLY           97.97            90     90     36     3.429     3.429     1.621     0.8907      0.8907      0.8907      0.6620
40      A         B           40           ARG           97.75            90     90     36     3.429     3.429     1.621     0.9143      0.9143      0.9143      0.7165
41      A         B           41           TYR           98.62            90     90     36     3.429     3.429     1.621     0.9214      0.9214      0.9214      0.7364
42      A         B           42           GLU           98.38            90     90     36     3.429     3.429     1.621     0.8942      0.8942      0.8942      0.6685
43      A         B           43           LEU           98.42            90     90     36     3.429     3.429     1.621     0.9200      0.9200      0.9200      0.7341
44      A         B           44           LYS           98.52            90     90     36     3.429     3.429     1.621     0.9184      0.9184      0.9184      0.7289
45      A         B           45           GLN           98.50            90     90     36     3.429     3.429     1.621     0.8929      0.8929      0.8929      0.6679
46      A         B           46           VAL           98.14            90     90     36     3.429     3.429     1.621     0.8943      0.8943      0.8943      0.6706
47      A         B           47           VAL           98.62            90     90     36     3.429     3.429     1.621     0.9049      0.9049      0.9049      0.6960
48      A         B           48           GLU           98.12            90     90     36     3.429     3.429     1.621     0.9020      0.9020      0.9020      0.6884
49      A         B           49           GLU           98.27            90     90     36     3.429     3.429     1.621     0.8280      0.8280      0.8280      0.5395
50      A         B           50           LYS           97.55            90     90     36     3.429     3.429     1.621     0.8189      0.8189      0.8189      0.5220
51      A         B           51           ILE           97.50            90     90     36     3.429     3.429     1.621     0.8000      0.8000      0.8000      0.4895
52      A         B           52           GLU           96.75            90     90     36     3.429     3.429     1.621     0.7201      0.7201      0.7201      0.3839
53      A         B           53           LYS           95.32            90     90     36     3.429     3.429     1.621     0.3896      0.3896      0.3896      0.1333
54      A         B           54           ARG           82.35            90     90     12     3.429     3.429     1.001     0.0986      0.1335      0.1335      0.0130
55      B         A            1           CYS           95.29            90     90     54     3.429     3.429     2.405     0.4911      0.4911      0.4911      0.3269
56      B         A            2           SER           91.19            90     90     54     3.429     3.429     2.405     0.5858      0.5858      0.5858      0.4175
57      B         A            3           GLN           92.13            90     90     54     3.429     3.429     2.405     0.4322      0.4322      0.4322      0.2768
58      B         A            4           ASN           94.33            90     90     54     3.429     3.429     2.405     0.7107      0.7107      0.7107      0.5579
59      B         A            5           GLU           97.46            90     90     54     3.429     3.429     2.405     0.8676      0.8676      0.8676      0.7686
60      B         A            6           TYR           97.90            90     90     54     3.429     3.429     2.405     0.9128      0.9128      0.9128      0.8407
61      B         A            7           PHE           98.01            90     90     54     3.429     3.429     2.405     0.9255      0.9255      0.9255      0.8628
62      B         A            8           ASP           98.33            90     90     54     3.429     3.429     2.405     0.9367      0.9367      0.9367      0.8824
63      B         A            9           SER           96.38            90     90     54     3.429     3.429     2.405     0.8797      0.8797      0.8797      0.7875
64      B         A           10           LEU           97.90            90     90     54     3.429     3.429     2.405     0.9351      0.9351      0.9351      0.8799
65      B         A           11           LEU           98.51            90     90     54     3.429     3.429     2.405     0.9423      0.9423      0.9423      0.8929
66      B         A           12           HIS           97.97            90     90     54     3.429     3.429     2.405     0.9316      0.9316      0.9316      0.8738
67      B         A           13           ALA           98.12            90     90     54     3.429     3.429     2.405     0.9078      0.9078      0.9078      0.8329
68      B         A           14           CYS           98.14            90     90     54     3.429     3.429     2.405     0.9262      0.9262      0.9262      0.8639
69      B         A           15           ILE           98.35            90     90     54     3.429     3.429     2.405     0.9288      0.9288      0.9288      0.8691
70      B         A           16           PRO           97.58            90     90     54     3.429     3.429     2.405     0.9176      0.9176      0.9176      0.8502
71      B         A           17           CYS           98.14            90     90     54     3.429     3.429     2.405     0.9028      0.9028      0.9028      0.8263
72      B         A           18           GLN           96.81            90     90     54     3.429     3.429     2.405     0.8763      0.8763      0.8763      0.7872
73      B         A           19           LEU           98.35            90     90     54     3.429     3.429     2.405     0.9196      0.9196      0.9196      0.8565
74      B         A           20           ARG           97.75            90     90     54     3.429     3.429     2.405     0.8699      0.8699      0.8699      0.7780
75      B         A           21           CYS           95.81            90     90     54     3.429     3.429     2.405     0.7915      0.7915      0.7915      0.6628
76      B         A           22           SER           91.29            90     90     54     3.429     3.429     2.405     0.6050      0.6050      0.6050      0.4489
77      B         A           23           SER           91.33            90     90     54     3.429     3.429     2.405     0.5194      0.5194      0.5194      0.3661
78      B         A           24           ASN           86.81            90     90     54     3.429     3.429     2.405     0.4643      0.4643      0.4643      0.3155
79      B         A           25           THR           90.23            90     90     54     3.429     3.429     2.405     0.4980      0.4980      0.4980      0.3395
80      B         A           26           PRO           94.99            90     90     54     3.429     3.429     2.405     0.6526      0.6526      0.6526      0.4914
81      B         A           27           PRO           96.34            90     90     54     3.429     3.429     2.405     0.7651      0.7651      0.7651      0.6260
82      B         A           28           LEU           94.59            90     90     54     3.429     3.429     2.405     0.7096      0.7096      0.7096      0.5547
83      B         A           29           THR           93.66            90     90     54     3.429     3.429     2.405     0.6785      0.6785      0.6785      0.5189
84      B         A           30           CYS           97.47            90     90     54     3.429     3.429     2.405     0.7898      0.7898      0.7898      0.6560
85      B         A           31           GLN           96.01            90     90     54     3.429     3.429     2.405     0.7386      0.7386      0.7386      0.5878
86      B         A           32           ARG           94.10            90     90     54     3.429     3.429     2.405     0.5911      0.5911      0.5911      0.4228
87      B         A           33           TYR           96.29            90     90     54     3.429     3.429     2.405     0.7355      0.7355      0.7355      0.5876
88      B         A           34           CYS           96.67            90     90     54     3.429     3.429     2.405     0.6706      0.6706      0.6706      0.5112
89      B         A           35           ASN           92.90            90     90     54     3.429     3.429     2.405     0.4569      0.4569      0.4569      0.2975
90      B         A           36           ALA           79.13            90     90     14     3.429     3.429     1.001     0.0882      0.1359      0.1359      0.0133
