i   AlignChn ScoredChain  AlignResNum  AlignResType  AlignRespLDDT      n0chn  n0dom  n0res    d0chn     d0dom     d0res   ipTM_pae  ipSAE_d0chn ipSAE_d0dom    ipSAE 
1       A         B            1           THR           70.73            90     90      3     3.429     3.429     1.001     0.0532      0.1310      0.1310      0.0127
2       A         B            2           ASP           80.18            90     90     31     3.429     3.429     1.325     0.1735      0.1857      0.1857      0.0345
3       A         B            3           LEU           95.03            90     90     36     3.429     3.429     1.621     0.5476      0.5476      0.5476      0.2367
4       A         B            4           GLU           95.59            90     90     36     3.429     3.429     1.621     0.6494      0.6494      0.6494      0.3212
5       A         B            5           TYR           96.66            90     90     36     3.429     3.429     1.621     0.8307      0.8307      0.8307      0.5524
6       A         B            6           GLN           96.83            90     90     36     3.429     3.429     1.621     0.8098      0.8098      0.8098      0.5187
7       A         B            7           LYS           97.37            90     90     36     3.429     3.429     1.621     0.8223      0.8223      0.8223      0.5383
8       A         B            8           LEU           97.74            90     90     36     3.429     3.429     1.621     0.8659      0.8659      0.8659      0.6173
9       A         B            9           MET           98.12            90     90     36     3.429     3.429     1.621     0.8945      0.8945      0.8945      0.6788
10      A         B           10           SER           97.91            90     90     36     3.429     3.429     1.621     0.8880      0.8880      0.8880      0.6629
11      A         B           11           GLU           98.12            90     90     36     3.429     3.429     1.621     0.8810      0.8810      0.8810      0.6503
12      A         B           12           GLU           98.44            90     90     36     3.429     3.429     1.621     0.9079      0.9079      0.9079      0.7099
13      A         B           13           ALA           98.67            90     90     36     3.429     3.429     1.621     0.9251      0.9251      0.9251      0.7537
14      A         B           14           ASN           97.87            90     90     36     3.429     3.429     1.621     0.8997      0.8997      0.8997      0.6898
15      A         B           15           LYS           98.05            90     90     36     3.429     3.429     1.621     0.8998      0.8998      0.8998      0.6897
16      A         B           16           ILE           98.29            90     90     36     3.429     3.429     1.621     0.9190      0.9190      0.9190      0.7334
17      A         B           17           THR           97.79            90     90     36     3.429     3.429     1.621     0.9114      0.9114      0.9114      0.7139
18      A         B           18           GLU           97.15            90     90     36     3.429     3.429     1.621     0.8881      0.8881      0.8881      0.6631
19      A         B           19           GLU           97.52            90     90     36     3.429     3.429     1.621     0.8699      0.8699      0.8699      0.6201
20      A         B           20           ALA           97.86            90     90     36     3.429     3.429     1.621     0.8654      0.8654      0.8654      0.6068
21      A         B           21           MET           96.87            90     90     36     3.429     3.429     1.621     0.8327      0.8327      0.8327      0.5434
22      A         B           22           LYS           97.45            90     90     36     3.429     3.429     1.621     0.8217      0.8217      0.8217      0.5290
23      A         B           23           ASP           97.78            90     90     36     3.429     3.429     1.621     0.8001      0.8001      0.8001      0.4854
24      A         B           24           PRO           97.73            90     90     36     3.429     3.429     1.621     0.7495      0.7495      0.7495      0.4140
25      A         B           25           GLU           98.06            90     90     36     3.429     3.429     1.621     0.7707      0.7707      0.7707      0.4435
26      A         B           26           LYS           97.67            90     90     36     3.429     3.429     1.621     0.8800      0.8800      0.8800      0.6366
27      A         B           27           TYR           98.16            90     90     36     3.429     3.429     1.621     0.9060      0.9060      0.9060      0.6938
28      A         B           28           LYS           97.84            90     90     36     3.429     3.429     1.621     0.8796      0.8796      0.8796      0.6328
29      A         B           29           GLU           98.04            90     90     36     3.429     3.429     1.621     0.9053      0.9053      0.9053      0.6958
30      A         B           30           VAL           98.55            90     90     36     3.429     3.429     1.621     0.9385      0.9385      0.9385      0.7857
31      A         B           31           SER           98.27            90     90     36     3.429     3.429     1.621     0.9212      0.9212      0.9212      0.7351
32      A         B           32           ASP           97.78            90     90     36     3.429     3.429     1.621     0.9120      0.9120      0.9120      0.7105
33      A         B           33           MET           98.33            90     90     36     3.429     3.429     1.621     0.9269      0.9269      0.9269      0.7538
34      A         B           34           LEU           98.48            90     90     36     3.429     3.429     1.621     0.9406      0.9406      0.9406      0.7899
35      A         B           35           ASN           97.73            90     90     36     3.429     3.429     1.621     0.9126      0.9126      0.9126      0.7128
36      A         B           36           THR           96.61            90     90     36     3.429     3.429     1.621     0.8957      0.8957      0.8957      0.6707
37      A         B           37           LEU           95.74            90     90     36     3.429     3.429     1.621     0.8807      0.8807      0.8807      0.6347
38      A         B           38           GLU           97.05            90     90     36     3.429     3.429     1.621     0.8451      0.8451      0.8451      0.5642
39      A         B           39           GLY           98.05            90     90     36     3.429     3.429     1.621     0.8887      0.8887      0.8887      0.6584
40      A         B           40           ARG           97.89            90     90     36     3.429     3.429     1.621     0.9077      0.9077      0.9077      0.7013
41      A         B           41           TYR           98.66            90     90     36     3.429     3.429     1.621     0.9174      0.9174      0.9174      0.7282
42      A         B           42           GLU           98.34            90     90     36     3.429     3.429     1.621     0.8922      0.8922      0.8922      0.6651
43      A         B           43           LEU           98.44            90     90     36     3.429     3.429     1.621     0.9146      0.9146      0.9146      0.7223
44      A         B           44           LYS           98.48            90     90     36     3.429     3.429     1.621     0.9133      0.9133      0.9133      0.7182
45      A         B           45           GLN           98.49            90     90     36     3.429     3.429     1.621     0.8878      0.8878      0.8878      0.6582
46      A         B           46           VAL           98.21            90     90     36     3.429     3.429     1.621     0.8886      0.8886      0.8886      0.6590
47      A         B           47           VAL           98.60            90     90     36     3.429     3.429     1.621     0.8955      0.8955      0.8955      0.6755
48      A         B           48           GLU           97.83            90     90     36     3.429     3.429     1.621     0.8938      0.8938      0.8938      0.6711
49      A         B           49           GLU           98.28            90     90     36     3.429     3.429     1.621     0.8187      0.8187      0.8187      0.5247
50      A         B           50           LYS           97.52            90     90     36     3.429     3.429     1.621     0.8059      0.8059      0.8059      0.5020
51      A         B           51           ILE           97.30            90     90     36     3.429     3.429     1.621     0.7932      0.7932      0.7932      0.4799
52      A         B           52           GLU           96.59            90     90     36     3.429     3.429     1.621     0.7181      0.7181      0.7181      0.3815
53      A         B           53           LYS           96.00            90     90     36     3.429     3.429     1.621     0.4620      0.4620      0.4620      0.1726
54      A         B           54           ARG           85.94            90     90     20     3.429     3.429     1.001     0.1159      0.1370      0.1370      0.0134
55      B         A            1           CYS           95.11            90     90     54     3.429     3.429     2.405     0.4461      0.4461      0.4461      0.2882
56      B         A            2           SER           89.39            90     90     54     3.429     3.429     2.405     0.5031      0.5031      0.5031      0.3397
57      B         A            3           GLN           91.38            90     90     54     3.429     3.429     2.405     0.3832      0.3832      0.3832      0.2380
58      B         A            4           ASN           94.62            90     90     54     3.429     3.429     2.405     0.6913      0.6913      0.6913      0.5346
59      B         A            5           GLU           97.52            90     90     54     3.429     3.429     2.405     0.8605      0.8605      0.8605      0.7579
60      B         A            6           TYR           97.87            90     90     54     3.429     3.429     2.405     0.9074      0.9074      0.9074      0.8320
61      B         A            7           PHE           97.99            90     90     54     3.429     3.429     2.405     0.9220      0.9220      0.9220      0.8572
62      B         A            8           ASP           98.35            90     90     54     3.429     3.429     2.405     0.9310      0.9310      0.9310      0.8729
63      B         A            9           SER           96.23            90     90     54     3.429     3.429     2.405     0.8715      0.8715      0.8715      0.7749
64      B         A           10           LEU           97.89            90     90     54     3.429     3.429     2.405     0.9288      0.9288      0.9288      0.8692
65      B         A           11           LEU           98.49            90     90     54     3.429     3.429     2.405     0.9369      0.9369      0.9369      0.8838
66      B         A           12           HIS           97.72            90     90     54     3.429     3.429     2.405     0.9232      0.9232      0.9232      0.8596
67      B         A           13           ALA           98.11            90     90     54     3.429     3.429     2.405     0.9028      0.9028      0.9028      0.8249
68      B         A           14           CYS           98.11            90     90     54     3.429     3.429     2.405     0.9216      0.9216      0.9216      0.8565
69      B         A           15           ILE           98.32            90     90     54     3.429     3.429     2.405     0.9211      0.9211      0.9211      0.8563
70      B         A           16           PRO           97.71            90     90     54     3.429     3.429     2.405     0.9123      0.9123      0.9123      0.8418
71      B         A           17           CYS           98.11            90     90     54     3.429     3.429     2.405     0.8906      0.8906      0.8906      0.8073
72      B         A           18           GLN           95.42            90     90     54     3.429     3.429     2.405     0.7962      0.7962      0.7962      0.6737
73      B         A           19           LEU           98.37            90     90     54     3.429     3.429     2.405     0.9104      0.9104      0.9104      0.8418
74      B         A           20           ARG           97.76            90     90     54     3.429     3.429     2.405     0.8524      0.8524      0.8524      0.7527
75      B         A           21           CYS           95.58            90     90     54     3.429     3.429     2.405     0.7625      0.7625      0.7625      0.6245
76      B         A           22           SER           91.22            90     90     54     3.429     3.429     2.405     0.5674      0.5674      0.5674      0.4107
77      B         A           23           SER           91.30            90     90     54     3.429     3.429     2.405     0.4868      0.4868      0.4868      0.3360
78      B         A           24           ASN           87.77            90     90     54     3.429     3.429     2.405     0.4284      0.4284      0.4284      0.2842
79      B         A           25           THR           90.51            90     90     54     3.429     3.429     2.405     0.4837      0.4837      0.4837      0.3267
80      B         A           26           PRO           95.40            90     90     54     3.429     3.429     2.405     0.6424      0.6424      0.6424      0.4804
81      B         A           27           PRO           96.39            90     90     54     3.429     3.429     2.405     0.7578      0.7578      0.7578      0.6168
82      B         A           28           LEU           93.79            90     90     54     3.429     3.429     2.405     0.6839      0.6839      0.6839      0.5255
83      B         A           29           THR           94.01            90     90     54     3.429     3.429     2.405     0.6761      0.6761      0.6761      0.5159
84      B         A           30           CYS           97.54            90     90     54     3.429     3.429     2.405     0.7863      0.7863      0.7863      0.6518
85      B         A           31           GLN           95.87            90     90     54     3.429     3.429     2.405     0.7298      0.7298      0.7298      0.5772
86      B         A           32           ARG           93.57            90     90     54     3.429     3.429     2.405     0.5733      0.5733      0.5733      0.4052
87      B         A           33           TYR           96.34            90     90     54     3.429     3.429     2.405     0.7218      0.7218      0.7218      0.5704
88      B         A           34           CYS           96.76            90     90     54     3.429     3.429     2.405     0.6418      0.6418      0.6418      0.4791
89      B         A           35           ASN           92.53            90     90     54     3.429     3.429     2.405     0.4184      0.4184      0.4184      0.2657
90      B         A           36           ALA           78.26            90     90     10     3.429     3.429     1.001     0.0780      0.1332      0.1332      0.0130
