i   AlignChn ScoredChain  AlignResNum  AlignResType  AlignRespLDDT      n0chn  n0dom  n0res    d0chn     d0dom     d0res   ipTM_pae  ipSAE_d0chn ipSAE_d0dom    ipSAE 
1       A         B            1           THR           72.22            90     90      5     3.429     3.429     1.001     0.0645      0.1490      0.1490      0.0148
2       A         B            2           ASP           81.99            90     90     35     3.429     3.429     1.566     0.2047      0.2077      0.2077      0.0547
3       A         B            3           LEU           95.28            90     90     36     3.429     3.429     1.621     0.5822      0.5822      0.5822      0.2630
4       A         B            4           GLU           95.58            90     90     36     3.429     3.429     1.621     0.6695      0.6695      0.6695      0.3406
5       A         B            5           TYR           96.71            90     90     36     3.429     3.429     1.621     0.8404      0.8404      0.8404      0.5684
6       A         B            6           GLN           97.07            90     90     36     3.429     3.429     1.621     0.8291      0.8291      0.8291      0.5493
7       A         B            7           LYS           97.43            90     90     36     3.429     3.429     1.621     0.8273      0.8273      0.8273      0.5462
8       A         B            8           LEU           97.82            90     90     36     3.429     3.429     1.621     0.8747      0.8747      0.8747      0.6345
9       A         B            9           MET           98.25            90     90     36     3.429     3.429     1.621     0.9067      0.9067      0.9067      0.7071
10      A         B           10           SER           97.92            90     90     36     3.429     3.429     1.621     0.8953      0.8953      0.8953      0.6796
11      A         B           11           GLU           98.10            90     90     36     3.429     3.429     1.621     0.8871      0.8871      0.8871      0.6627
12      A         B           12           GLU           98.42            90     90     36     3.429     3.429     1.621     0.9136      0.9136      0.9136      0.7226
13      A         B           13           ALA           98.65            90     90     36     3.429     3.429     1.621     0.9305      0.9305      0.9305      0.7670
14      A         B           14           ASN           97.80            90     90     36     3.429     3.429     1.621     0.9065      0.9065      0.9065      0.7050
15      A         B           15           LYS           98.01            90     90     36     3.429     3.429     1.621     0.9066      0.9066      0.9066      0.7050
16      A         B           16           ILE           98.19            90     90     36     3.429     3.429     1.621     0.9234      0.9234      0.9234      0.7441
17      A         B           17           THR           97.46            90     90     36     3.429     3.429     1.621     0.9140      0.9140      0.9140      0.7189
18      A         B           18           GLU           97.07            90     90     36     3.429     3.429     1.621     0.8914      0.8914      0.8914      0.6701
19      A         B           19           GLU           97.35            90     90     36     3.429     3.429     1.621     0.8727      0.8727      0.8727      0.6262
20      A         B           20           ALA           97.47            90     90     36     3.429     3.429     1.621     0.8628      0.8628      0.8628      0.6019
21      A         B           21           MET           96.28            90     90     36     3.429     3.429     1.621     0.8273      0.8273      0.8273      0.5343
22      A         B           22           LYS           97.40            90     90     36     3.429     3.429     1.621     0.8283      0.8283      0.8283      0.5397
23      A         B           23           ASP           97.82            90     90     36     3.429     3.429     1.621     0.8089      0.8089      0.8089      0.4992
24      A         B           24           PRO           97.50            90     90     36     3.429     3.429     1.621     0.7463      0.7463      0.7463      0.4101
25      A         B           25           GLU           97.94            90     90     36     3.429     3.429     1.621     0.7653      0.7653      0.7653      0.4357
26      A         B           26           LYS           97.60            90     90     36     3.429     3.429     1.621     0.8879      0.8879      0.8879      0.6533
27      A         B           27           TYR           98.09            90     90     36     3.429     3.429     1.621     0.9120      0.9120      0.9120      0.7082
28      A         B           28           LYS           97.61            90     90     36     3.429     3.429     1.621     0.8850      0.8850      0.8850      0.6441
29      A         B           29           GLU           97.96            90     90     36     3.429     3.429     1.621     0.9068      0.9068      0.9068      0.6989
30      A         B           30           VAL           98.47            90     90     36     3.429     3.429     1.621     0.9417      0.9417      0.9417      0.7943
31      A         B           31           SER           98.15            90     90     36     3.429     3.429     1.621     0.9282      0.9282      0.9282      0.7534
32      A         B           32           ASP           97.67            90     90     36     3.429     3.429     1.621     0.9170      0.9170      0.9170      0.7226
33      A         B           33           MET           98.26            90     90     36     3.429     3.429     1.621     0.9330      0.9330      0.9330      0.7699
34      A         B           34           LEU           98.40            90     90     36     3.429     3.429     1.621     0.9452      0.9452      0.9452      0.8031
35      A         B           35           ASN           97.49            90     90     36     3.429     3.429     1.621     0.9195      0.9195      0.9195      0.7304
36      A         B           36           THR           96.43            90     90     36     3.429     3.429     1.621     0.8995      0.8995      0.8995      0.6796
37      A         B           37           LEU           95.66            90     90     36     3.429     3.429     1.621     0.8861      0.8861      0.8861      0.6467
38      A         B           38           GLU           97.10            90     90     36     3.429     3.429     1.621     0.8499      0.8499      0.8499      0.5730
39      A         B           39           GLY           98.02            90     90     36     3.429     3.429     1.621     0.8912      0.8912      0.8912      0.6638
40      A         B           40           ARG           97.80            90     90     36     3.429     3.429     1.621     0.9152      0.9152      0.9152      0.7196
41      A         B           41           TYR           98.66            90     90     36     3.429     3.429     1.621     0.9230      0.9230      0.9230      0.7418
42      A         B           42           GLU           98.37            90     90     36     3.429     3.429     1.621     0.8963      0.8963      0.8963      0.6744
43      A         B           43           LEU           98.39            90     90     36     3.429     3.429     1.621     0.9177      0.9177      0.9177      0.7295
44      A         B           44           LYS           98.50            90     90     36     3.429     3.429     1.621     0.9176      0.9176      0.9176      0.7280
45      A         B           45           GLN           98.51            90     90     36     3.429     3.429     1.621     0.8935      0.8935      0.8935      0.6703
46      A         B           46           VAL           98.09            90     90     36     3.429     3.429     1.621     0.8922      0.8922      0.8922      0.6670
47      A         B           47           VAL           98.61            90     90     36     3.429     3.429     1.621     0.9018      0.9018      0.9018      0.6896
48      A         B           48           GLU           98.04            90     90     36     3.429     3.429     1.621     0.9020      0.9020      0.9020      0.6895
49      A         B           49           GLU           98.26            90     90     36     3.429     3.429     1.621     0.8295      0.8295      0.8295      0.5426
50      A         B           50           LYS           97.63            90     90     36     3.429     3.429     1.621     0.8213      0.8213      0.8213      0.5267
51      A         B           51           ILE           97.59            90     90     36     3.429     3.429     1.621     0.8041      0.8041      0.8041      0.4966
52      A         B           52           GLU           96.84            90     90     36     3.429     3.429     1.621     0.7279      0.7279      0.7279      0.3943
53      A         B           53           LYS           95.30            90     90     36     3.429     3.429     1.621     0.3992      0.3992      0.3992      0.1386
54      A         B           54           ARG           83.03            90     90     13     3.429     3.429     1.001     0.1036      0.1355      0.1355      0.0132
55      B         A            1           CYS           95.18            90     90     54     3.429     3.429     2.405     0.4660      0.4660      0.4660      0.3054
56      B         A            2           SER           89.20            90     90     54     3.429     3.429     2.405     0.5297      0.5297      0.5297      0.3644
57      B         A            3           GLN           91.75            90     90     54     3.429     3.429     2.405     0.4304      0.4304      0.4304      0.2755
58      B         A            4           ASN           94.39            90     90     54     3.429     3.429     2.405     0.7180      0.7180      0.7180      0.5662
59      B         A            5           GLU           97.50            90     90     54     3.429     3.429     2.405     0.8699      0.8699      0.8699      0.7718
60      B         A            6           TYR           97.94            90     90     54     3.429     3.429     2.405     0.9137      0.9137      0.9137      0.8420
61      B         A            7           PHE           98.05            90     90     54     3.429     3.429     2.405     0.9260      0.9260      0.9260      0.8635
62      B         A            8           ASP           98.36            90     90     54     3.429     3.429     2.405     0.9363      0.9363      0.9363      0.8815
63      B         A            9           SER           96.42            90     90     54     3.429     3.429     2.405     0.8786      0.8786      0.8786      0.7855
64      B         A           10           LEU           97.92            90     90     54     3.429     3.429     2.405     0.9341      0.9341      0.9341      0.8780
65      B         A           11           LEU           98.48            90     90     54     3.429     3.429     2.405     0.9419      0.9419      0.9419      0.8920
66      B         A           12           HIS           97.93            90     90     54     3.429     3.429     2.405     0.9311      0.9311      0.9311      0.8726
67      B         A           13           ALA           98.13            90     90     54     3.429     3.429     2.405     0.9084      0.9084      0.9084      0.8337
68      B         A           14           CYS           98.08            90     90     54     3.429     3.429     2.405     0.9255      0.9255      0.9255      0.8625
69      B         A           15           ILE           98.33            90     90     54     3.429     3.429     2.405     0.9294      0.9294      0.9294      0.8699
70      B         A           16           PRO           97.46            90     90     54     3.429     3.429     2.405     0.9172      0.9172      0.9172      0.8491
71      B         A           17           CYS           98.07            90     90     54     3.429     3.429     2.405     0.9012      0.9012      0.9012      0.8235
72      B         A           18           GLN           96.54            90     90     54     3.429     3.429     2.405     0.8724      0.8724      0.8724      0.7812
73      B         A           19           LEU           98.30            90     90     54     3.429     3.429     2.405     0.9192      0.9192      0.9192      0.8553
74      B         A           20           ARG           97.58            90     90     54     3.429     3.429     2.405     0.8609      0.8609      0.8609      0.7648
75      B         A           21           CYS           94.99            90     90     54     3.429     3.429     2.405     0.7737      0.7737      0.7737      0.6387
76      B         A           22           SER           90.93            90     90     54     3.429     3.429     2.405     0.6045      0.6045      0.6045      0.4470
77      B         A           23           SER           91.19            90     90     54     3.429     3.429     2.405     0.5232      0.5232      0.5232      0.3694
78      B         A           24           ASN           87.93            90     90     54     3.429     3.429     2.405     0.4569      0.4569      0.4569      0.3088
79      B         A           25           THR           90.50            90     90     54     3.429     3.429     2.405     0.5193      0.5193      0.5193      0.3583
80      B         A           26           PRO           95.46            90     90     54     3.429     3.429     2.405     0.6742      0.6742      0.6742      0.5150
81      B         A           27           PRO           96.46            90     90     54     3.429     3.429     2.405     0.7793      0.7793      0.7793      0.6446
82      B         A           28           LEU           94.15            90     90     54     3.429     3.429     2.405     0.7147      0.7147      0.7147      0.5614
83      B         A           29           THR           94.25            90     90     54     3.429     3.429     2.405     0.6992      0.6992      0.6992      0.5424
84      B         A           30           CYS           97.55            90     90     54     3.429     3.429     2.405     0.8051      0.8051      0.8051      0.6769
85      B         A           31           GLN           95.96            90     90     54     3.429     3.429     2.405     0.7487      0.7487      0.7487      0.6007
86      B         A           32           ARG           93.61            90     90     54     3.429     3.429     2.405     0.5850      0.5850      0.5850      0.4162
87      B         A           33           TYR           96.29            90     90     54     3.429     3.429     2.405     0.7308      0.7308      0.7308      0.5810
88      B         A           34           CYS           96.65            90     90     54     3.429     3.429     2.405     0.6565      0.6565      0.6565      0.4952
89      B         A           35           ASN           92.03            90     90     54     3.429     3.429     2.405     0.4322      0.4322      0.4322      0.2771
90      B         A           36           ALA           77.07            90     90      6     3.429     3.429     1.001     0.0733      0.1398      0.1398      0.0137
