i   AlignChn ScoredChain  AlignResNum  AlignResType  AlignRespLDDT      n0chn  n0dom  n0res    d0chn     d0dom     d0res   ipTM_pae  ipSAE_d0chn ipSAE_d0dom    ipSAE 
1       A         B            1           THR           71.85            90     90      6     3.429     3.429     1.001     0.0719      0.1576      0.1576      0.0159
2       A         B            2           ASP           82.83            90     90     36     3.429     3.429     1.621     0.2563      0.2563      0.2563      0.0766
3       A         B            3           LEU           95.01            90     90     36     3.429     3.429     1.621     0.6316      0.6316      0.6316      0.3070
4       A         B            4           GLU           95.51            90     90     36     3.429     3.429     1.621     0.6960      0.6960      0.6960      0.3690
5       A         B            5           TYR           96.76            90     90     36     3.429     3.429     1.621     0.8619      0.8619      0.8619      0.6080
6       A         B            6           GLN           97.16            90     90     36     3.429     3.429     1.621     0.8565      0.8565      0.8565      0.5999
7       A         B            7           LYS           97.42            90     90     36     3.429     3.429     1.621     0.8523      0.8523      0.8523      0.5916
8       A         B            8           LEU           97.81            90     90     36     3.429     3.429     1.621     0.8909      0.8909      0.8909      0.6688
9       A         B            9           MET           98.29            90     90     36     3.429     3.429     1.621     0.9214      0.9214      0.9214      0.7425
10      A         B           10           SER           97.91            90     90     36     3.429     3.429     1.621     0.9086      0.9086      0.9086      0.7105
11      A         B           11           GLU           98.09            90     90     36     3.429     3.429     1.621     0.9030      0.9030      0.9030      0.6983
12      A         B           12           GLU           98.45            90     90     36     3.429     3.429     1.621     0.9253      0.9253      0.9253      0.7513
13      A         B           13           ALA           98.65            90     90     36     3.429     3.429     1.621     0.9392      0.9392      0.9392      0.7899
14      A         B           14           ASN           97.78            90     90     36     3.429     3.429     1.621     0.9196      0.9196      0.9196      0.7374
15      A         B           15           LYS           97.99            90     90     36     3.429     3.429     1.621     0.9162      0.9162      0.9162      0.7280
16      A         B           16           ILE           98.24            90     90     36     3.429     3.429     1.621     0.9324      0.9324      0.9324      0.7676
17      A         B           17           THR           97.39            90     90     36     3.429     3.429     1.621     0.9214      0.9214      0.9214      0.7375
18      A         B           18           GLU           97.10            90     90     36     3.429     3.429     1.621     0.9066      0.9066      0.9066      0.7043
19      A         B           19           GLU           97.42            90     90     36     3.429     3.429     1.621     0.8898      0.8898      0.8898      0.6620
20      A         B           20           ALA           97.61            90     90     36     3.429     3.429     1.621     0.8824      0.8824      0.8824      0.6419
21      A         B           21           MET           96.65            90     90     36     3.429     3.429     1.621     0.8582      0.8582      0.8582      0.5902
22      A         B           22           LYS           97.33            90     90     36     3.429     3.429     1.621     0.8463      0.8463      0.8463      0.5716
23      A         B           23           ASP           97.81            90     90     36     3.429     3.429     1.621     0.8322      0.8322      0.8322      0.5381
24      A         B           24           PRO           97.62            90     90     36     3.429     3.429     1.621     0.7809      0.7809      0.7809      0.4565
25      A         B           25           GLU           98.06            90     90     36     3.429     3.429     1.621     0.8027      0.8027      0.8027      0.4901
26      A         B           26           LYS           97.58            90     90     36     3.429     3.429     1.621     0.9019      0.9019      0.9019      0.6846
27      A         B           27           TYR           98.05            90     90     36     3.429     3.429     1.621     0.9228      0.9228      0.9228      0.7361
28      A         B           28           LYS           97.67            90     90     36     3.429     3.429     1.621     0.8993      0.8993      0.8993      0.6769
29      A         B           29           GLU           97.99            90     90     36     3.429     3.429     1.621     0.9197      0.9197      0.9197      0.7309
30      A         B           30           VAL           98.44            90     90     36     3.429     3.429     1.621     0.9482      0.9482      0.9482      0.8130
31      A         B           31           SER           98.03            90     90     36     3.429     3.429     1.621     0.9347      0.9347      0.9347      0.7711
32      A         B           32           ASP           97.56            90     90     36     3.429     3.429     1.621     0.9268      0.9268      0.9268      0.7480
33      A         B           33           MET           98.21            90     90     36     3.429     3.429     1.621     0.9397      0.9397      0.9397      0.7882
34      A         B           34           LEU           98.27            90     90     36     3.429     3.429     1.621     0.9499      0.9499      0.9499      0.8170
35      A         B           35           ASN           97.18            90     90     36     3.429     3.429     1.621     0.9274      0.9274      0.9274      0.7515
36      A         B           36           THR           96.20            90     90     36     3.429     3.429     1.621     0.9108      0.9108      0.9108      0.7068
37      A         B           37           LEU           95.52            90     90     36     3.429     3.429     1.621     0.9016      0.9016      0.9016      0.6825
38      A         B           38           GLU           97.07            90     90     36     3.429     3.429     1.621     0.8640      0.8640      0.8640      0.6006
39      A         B           39           GLY           97.88            90     90     36     3.429     3.429     1.621     0.9028      0.9028      0.9028      0.6905
40      A         B           40           ARG           97.61            90     90     36     3.429     3.429     1.621     0.9229      0.9229      0.9229      0.7393
41      A         B           41           TYR           98.66            90     90     36     3.429     3.429     1.621     0.9315      0.9315      0.9315      0.7643
42      A         B           42           GLU           98.34            90     90     36     3.429     3.429     1.621     0.9072      0.9072      0.9072      0.6998
43      A         B           43           LEU           98.37            90     90     36     3.429     3.429     1.621     0.9269      0.9269      0.9269      0.7529
44      A         B           44           LYS           98.47            90     90     36     3.429     3.429     1.621     0.9277      0.9277      0.9277      0.7546
45      A         B           45           GLN           98.51            90     90     36     3.429     3.429     1.621     0.9054      0.9054      0.9054      0.6977
46      A         B           46           VAL           98.12            90     90     36     3.429     3.429     1.621     0.9029      0.9029      0.9029      0.6915
47      A         B           47           VAL           98.62            90     90     36     3.429     3.429     1.621     0.9146      0.9146      0.9146      0.7204
48      A         B           48           GLU           98.14            90     90     36     3.429     3.429     1.621     0.9130      0.9130      0.9130      0.7160
49      A         B           49           GLU           98.30            90     90     36     3.429     3.429     1.621     0.8489      0.8489      0.8489      0.5771
50      A         B           50           LYS           97.72            90     90     36     3.429     3.429     1.621     0.8445      0.8445      0.8445      0.5668
51      A         B           51           ILE           97.55            90     90     36     3.429     3.429     1.621     0.8278      0.8278      0.8278      0.5356
52      A         B           52           GLU           96.87            90     90     36     3.429     3.429     1.621     0.7597      0.7597      0.7597      0.4342
53      A         B           53           LYS           95.36            90     90     36     3.429     3.429     1.621     0.4692      0.4692      0.4692      0.1778
54      A         B           54           ARG           85.58            90     90     30     3.429     3.429     1.258     0.1429      0.1521      0.1521      0.0238
55      B         A            1           CYS           95.22            90     90     54     3.429     3.429     2.405     0.5361      0.5361      0.5361      0.3685
56      B         A            2           SER           90.75            90     90     54     3.429     3.429     2.405     0.6134      0.6134      0.6134      0.4458
57      B         A            3           GLN           91.38            90     90     54     3.429     3.429     2.405     0.4614      0.4614      0.4614      0.3011
58      B         A            4           ASN           94.37            90     90     54     3.429     3.429     2.405     0.7365      0.7365      0.7365      0.5892
59      B         A            5           GLU           97.37            90     90     54     3.429     3.429     2.405     0.8816      0.8816      0.8816      0.7900
60      B         A            6           TYR           97.87            90     90     54     3.429     3.429     2.405     0.9228      0.9228      0.9228      0.8572
61      B         A            7           PHE           97.92            90     90     54     3.429     3.429     2.405     0.9352      0.9352      0.9352      0.8790
62      B         A            8           ASP           98.29            90     90     54     3.429     3.429     2.405     0.9463      0.9463      0.9463      0.8988
63      B         A            9           SER           96.27            90     90     54     3.429     3.429     2.405     0.8936      0.8936      0.8936      0.8093
64      B         A           10           LEU           97.79            90     90     54     3.429     3.429     2.405     0.9434      0.9434      0.9434      0.8938
65      B         A           11           LEU           98.50            90     90     54     3.429     3.429     2.405     0.9508      0.9508      0.9508      0.9075
66      B         A           12           HIS           97.96            90     90     54     3.429     3.429     2.405     0.9429      0.9429      0.9429      0.8929
67      B         A           13           ALA           98.05            90     90     54     3.429     3.429     2.405     0.9193      0.9193      0.9193      0.8517
68      B         A           14           CYS           98.03            90     90     54     3.429     3.429     2.405     0.9339      0.9339      0.9339      0.8766
69      B         A           15           ILE           98.28            90     90     54     3.429     3.429     2.405     0.9372      0.9372      0.9372      0.8830
70      B         A           16           PRO           97.31            90     90     54     3.429     3.429     2.405     0.9245      0.9245      0.9245      0.8610
71      B         A           17           CYS           98.06            90     90     54     3.429     3.429     2.405     0.9087      0.9087      0.9087      0.8354
72      B         A           18           GLN           96.55            90     90     54     3.429     3.429     2.405     0.8846      0.8846      0.8846      0.7994
73      B         A           19           LEU           98.25            90     90     54     3.429     3.429     2.405     0.9253      0.9253      0.9253      0.8652
74      B         A           20           ARG           97.54            90     90     54     3.429     3.429     2.405     0.8713      0.8713      0.8713      0.7796
75      B         A           21           CYS           94.91            90     90     54     3.429     3.429     2.405     0.7869      0.7869      0.7869      0.6558
76      B         A           22           SER           90.18            90     90     54     3.429     3.429     2.405     0.6167      0.6167      0.6167      0.4601
77      B         A           23           SER           90.91            90     90     54     3.429     3.429     2.405     0.5483      0.5483      0.5483      0.3932
78      B         A           24           ASN           87.47            90     90     54     3.429     3.429     2.405     0.4777      0.4777      0.4777      0.3272
79      B         A           25           THR           89.63            90     90     54     3.429     3.429     2.405     0.5343      0.5343      0.5343      0.3726
80      B         A           26           PRO           94.84            90     90     54     3.429     3.429     2.405     0.6772      0.6772      0.6772      0.5185
81      B         A           27           PRO           96.31            90     90     54     3.429     3.429     2.405     0.7883      0.7883      0.7883      0.6563
82      B         A           28           LEU           94.20            90     90     54     3.429     3.429     2.405     0.7322      0.7322      0.7322      0.5822
83      B         A           29           THR           94.10            90     90     54     3.429     3.429     2.405     0.7212      0.7212      0.7212      0.5688
84      B         A           30           CYS           97.41            90     90     54     3.429     3.429     2.405     0.8166      0.8166      0.8166      0.6928
85      B         A           31           GLN           95.64            90     90     54     3.429     3.429     2.405     0.7565      0.7565      0.7565      0.6102
86      B         A           32           ARG           93.58            90     90     54     3.429     3.429     2.405     0.6076      0.6076      0.6076      0.4391
87      B         A           33           TYR           96.38            90     90     54     3.429     3.429     2.405     0.7601      0.7601      0.7601      0.6181
88      B         A           34           CYS           96.46            90     90     54     3.429     3.429     2.405     0.6792      0.6792      0.6792      0.5210
89      B         A           35           ASN           92.07            90     90     54     3.429     3.429     2.405     0.4629      0.4629      0.4629      0.3026
90      B         A           36           ALA           77.35            90     90     10     3.429     3.429     1.001     0.0812      0.1361      0.1361      0.0133
