i   AlignChn ScoredChain  AlignResNum  AlignResType  AlignRespLDDT      n0chn  n0dom  n0res    d0chn     d0dom     d0res   ipTM_pae  ipSAE_d0chn ipSAE_d0dom    ipSAE 
1       A         B            1           SER           79.71            90     90     36     3.429     3.429     1.621     0.2312      0.2312      0.2312      0.0670
2       A         B            2           LYS           84.55            90     90     36     3.429     3.429     1.621     0.5272      0.5272      0.5272      0.2138
3       A         B            3           THR           89.61            90     90     36     3.429     3.429     1.621     0.5788      0.5788      0.5788      0.2513
4       A         B            4           ASP           92.86            90     90     36     3.429     3.429     1.621     0.6992      0.6992      0.6992      0.3653
5       A         B            5           TYR           94.65            90     90     36     3.429     3.429     1.621     0.7980      0.7980      0.7980      0.4923
6       A         B            6           GLN           92.95            90     90     36     3.429     3.429     1.621     0.7763      0.7763      0.7763      0.4553
7       A         B            7           ASN           94.14            90     90     36     3.429     3.429     1.621     0.7588      0.7588      0.7588      0.4356
8       A         B            8           GLU           95.54            90     90     36     3.429     3.429     1.621     0.8238      0.8238      0.8238      0.5361
9       A         B            9           MET           94.84            90     90     36     3.429     3.429     1.621     0.8512      0.8512      0.8512      0.5819
10      A         B           10           SER           93.10            90     90     36     3.429     3.429     1.621     0.8199      0.8199      0.8199      0.5303
11      A         B           11           LYS           94.72            90     90     36     3.429     3.429     1.621     0.8211      0.8211      0.8211      0.5321
12      A         B           12           TYR           93.92            90     90     36     3.429     3.429     1.621     0.8476      0.8476      0.8476      0.5762
13      A         B           13           ALA           93.97            90     90     36     3.429     3.429     1.621     0.8518      0.8518      0.8518      0.5810
14      A         B           14           ASN           93.64            90     90     36     3.429     3.429     1.621     0.8281      0.8281      0.8281      0.5409
15      A         B           15           GLU           92.36            90     90     36     3.429     3.429     1.621     0.8267      0.8267      0.8267      0.5371
16      A         B           16           ILE           93.75            90     90     36     3.429     3.429     1.621     0.8326      0.8326      0.8326      0.5406
17      A         B           17           THR           92.37            90     90     36     3.429     3.429     1.621     0.8028      0.8028      0.8028      0.4922
18      A         B           18           GLU           91.56            90     90     36     3.429     3.429     1.621     0.7308      0.7308      0.7308      0.3949
19      A         B           19           SER           85.83            90     90     36     3.429     3.429     1.621     0.4971      0.4971      0.4971      0.1924
20      A         B           20           ALA           88.00            90     90     36     3.429     3.429     1.621     0.4754      0.4754      0.4754      0.1746
21      A         B           21           MET           85.24            90     90     36     3.429     3.429     1.621     0.4265      0.4265      0.4265      0.1499
22      A         B           22           ASN           90.62            90     90     36     3.429     3.429     1.621     0.4583      0.4583      0.4583      0.1641
23      A         B           23           ASN           90.30            90     90     36     3.429     3.429     1.621     0.6486      0.6486      0.6486      0.3046
24      A         B           24           PRO           93.21            90     90     36     3.429     3.429     1.621     0.6957      0.6957      0.6957      0.3500
25      A         B           25           GLU           93.72            90     90     36     3.429     3.429     1.621     0.7398      0.7398      0.7398      0.4047
26      A         B           26           LEU           92.69            90     90     36     3.429     3.429     1.621     0.8709      0.8709      0.8709      0.6161
27      A         B           27           TYR           94.52            90     90     36     3.429     3.429     1.621     0.8777      0.8777      0.8777      0.6277
28      A         B           28           THR           93.88            90     90     36     3.429     3.429     1.621     0.8573      0.8573      0.8573      0.5869
29      A         B           29           ARG           93.42            90     90     36     3.429     3.429     1.621     0.8837      0.8837      0.8837      0.6457
30      A         B           30           VAL           94.86            90     90     36     3.429     3.429     1.621     0.9185      0.9185      0.9185      0.7275
31      A         B           31           SER           94.18            90     90     36     3.429     3.429     1.621     0.9009      0.9009      0.9009      0.6836
32      A         B           32           ARG           94.76            90     90     36     3.429     3.429     1.621     0.8871      0.8871      0.8871      0.6513
33      A         B           33           MET           95.76            90     90     36     3.429     3.429     1.621     0.9151      0.9151      0.9151      0.7221
34      A         B           34           LEU           96.19            90     90     36     3.429     3.429     1.621     0.9272      0.9272      0.9272      0.7512
35      A         B           35           ASN           93.94            90     90     36     3.429     3.429     1.621     0.8963      0.8963      0.8963      0.6740
36      A         B           36           THR           93.92            90     90     36     3.429     3.429     1.621     0.8804      0.8804      0.8804      0.6377
37      A         B           37           GLU           91.31            90     90     36     3.429     3.429     1.621     0.8404      0.8404      0.8404      0.5550
38      A         B           38           ASP           96.33            90     90     36     3.429     3.429     1.621     0.8214      0.8214      0.8214      0.5243
39      A         B           39           GLY           96.40            90     90     36     3.429     3.429     1.621     0.8681      0.8681      0.8681      0.6163
40      A         B           40           ARG           94.73            90     90     36     3.429     3.429     1.621     0.8988      0.8988      0.8988      0.6811
41      A         B           41           TYR           97.71            90     90     36     3.429     3.429     1.621     0.9010      0.9010      0.9010      0.6886
42      A         B           42           LYS           96.72            90     90     36     3.429     3.429     1.621     0.8759      0.8759      0.8759      0.6312
43      A         B           43           LEU           96.33            90     90     36     3.429     3.429     1.621     0.9048      0.9048      0.9048      0.6976
44      A         B           44           LYS           96.57            90     90     36     3.429     3.429     1.621     0.8937      0.8937      0.8937      0.6696
45      A         B           45           GLU           97.69            90     90     36     3.429     3.429     1.621     0.8768      0.8768      0.8768      0.6343
46      A         B           46           GLU           95.04            90     90     36     3.429     3.429     1.621     0.8735      0.8735      0.8735      0.6262
47      A         B           47           VAL           95.83            90     90     36     3.429     3.429     1.621     0.8673      0.8673      0.8673      0.6116
48      A         B           48           GLU           96.06            90     90     36     3.429     3.429     1.621     0.8651      0.8651      0.8651      0.6081
49      A         B           49           LYS           96.93            90     90     36     3.429     3.429     1.621     0.8038      0.8038      0.8038      0.5007
50      A         B           50           LYS           93.89            90     90     36     3.429     3.429     1.621     0.7789      0.7789      0.7789      0.4629
51      A         B           51           ILE           94.61            90     90     36     3.429     3.429     1.621     0.7488      0.7488      0.7488      0.4189
52      A         B           52           GLU           95.40            90     90     36     3.429     3.429     1.621     0.6973      0.6973      0.6973      0.3569
53      A         B           53           SER           95.58            90     90     36     3.429     3.429     1.621     0.4513      0.4513      0.4513      0.1684
54      A         B           54           SER           87.46            90     90     13     3.429     3.429     1.001     0.1083      0.1473      0.1473      0.0146
55      B         A            1           CYS           87.98            90     90     54     3.429     3.429     2.405     0.4778      0.4778      0.4778      0.3151
56      B         A            2           SER           86.97            90     90     54     3.429     3.429     2.405     0.6038      0.6038      0.6038      0.4342
57      B         A            3           GLN           86.96            90     90     54     3.429     3.429     2.405     0.4683      0.4683      0.4683      0.3073
58      B         A            4           ASN           89.44            90     90     54     3.429     3.429     2.405     0.7003      0.7003      0.7003      0.5442
59      B         A            5           GLU           94.08            90     90     54     3.429     3.429     2.405     0.8417      0.8417      0.8417      0.7289
60      B         A            6           TYR           94.79            90     90     54     3.429     3.429     2.405     0.8815      0.8815      0.8815      0.7891
61      B         A            7           PHE           94.72            90     90     54     3.429     3.429     2.405     0.8864      0.8864      0.8864      0.7977
62      B         A            8           ASP           95.15            90     90     54     3.429     3.429     2.405     0.8936      0.8936      0.8936      0.8094
63      B         A            9           SER           93.10            90     90     54     3.429     3.429     2.405     0.8123      0.8123      0.8123      0.6881
64      B         A           10           LEU           94.56            90     90     54     3.429     3.429     2.405     0.8901      0.8901      0.8901      0.8047
65      B         A           11           LEU           95.24            90     90     54     3.429     3.429     2.405     0.8996      0.8996      0.8996      0.8202
66      B         A           12           HIS           92.93            90     90     54     3.429     3.429     2.405     0.8735      0.8735      0.8735      0.7786
67      B         A           13           ALA           94.19            90     90     54     3.429     3.429     2.405     0.8555      0.8555      0.8555      0.7494
68      B         A           14           CYS           94.26            90     90     54     3.429     3.429     2.405     0.8920      0.8920      0.8920      0.8059
69      B         A           15           ILE           95.42            90     90     54     3.429     3.429     2.405     0.8976      0.8976      0.8976      0.8153
70      B         A           16           PRO           94.51            90     90     54     3.429     3.429     2.405     0.8903      0.8903      0.8903      0.8034
71      B         A           17           CYS           94.99            90     90     54     3.429     3.429     2.405     0.8828      0.8828      0.8828      0.7936
72      B         A           18           GLN           92.35            90     90     54     3.429     3.429     2.405     0.8427      0.8427      0.8427      0.7351
73      B         A           19           LEU           95.25            90     90     54     3.429     3.429     2.405     0.8845      0.8845      0.8845      0.7974
74      B         A           20           ARG           94.02            90     90     54     3.429     3.429     2.405     0.8248      0.8248      0.8248      0.7094
75      B         A           21           CYS           90.45            90     90     54     3.429     3.429     2.405     0.7266      0.7266      0.7266      0.5787
76      B         A           22           SER           84.37            90     90     54     3.429     3.429     2.405     0.5487      0.5487      0.5487      0.3880
77      B         A           23           SER           85.46            90     90     54     3.429     3.429     2.405     0.5116      0.5116      0.5116      0.3549
78      B         A           24           ASN           81.45            90     90     54     3.429     3.429     2.405     0.4155      0.4155      0.4155      0.2717
79      B         A           25           THR           82.79            90     90     54     3.429     3.429     2.405     0.4690      0.4690      0.4690      0.3130
80      B         A           26           PRO           89.61            90     90     54     3.429     3.429     2.405     0.6266      0.6266      0.6266      0.4625
81      B         A           27           PRO           90.83            90     90     54     3.429     3.429     2.405     0.7385      0.7385      0.7385      0.5912
82      B         A           28           LEU           89.35            90     90     54     3.429     3.429     2.405     0.6750      0.6750      0.6750      0.5146
83      B         A           29           THR           89.20            90     90     54     3.429     3.429     2.405     0.6760      0.6760      0.6760      0.5145
84      B         A           30           CYS           93.93            90     90     54     3.429     3.429     2.405     0.7624      0.7624      0.7624      0.6195
85      B         A           31           GLN           92.79            90     90     54     3.429     3.429     2.405     0.6954      0.6954      0.6954      0.5359
86      B         A           32           ARG           88.86            90     90     54     3.429     3.429     2.405     0.5403      0.5403      0.5403      0.3729
87      B         A           33           TYR           92.75            90     90     54     3.429     3.429     2.405     0.7067      0.7067      0.7067      0.5513
88      B         A           34           CYS           92.77            90     90     54     3.429     3.429     2.405     0.6409      0.6409      0.6409      0.4768
89      B         A           35           ASN           87.23            90     90     54     3.429     3.429     2.405     0.4296      0.4296      0.4296      0.2751
90      B         A           36           ALA           75.29            90     90     13     3.429     3.429     1.001     0.0891      0.1343      0.1343      0.0131
