i   AlignChn ScoredChain  AlignResNum  AlignResType  AlignRespLDDT      n0chn  n0dom  n0res    d0chn     d0dom     d0res   ipTM_pae  ipSAE_d0chn ipSAE_d0dom    ipSAE 
1       A         B            1           SER           80.13            90     90     36     3.429     3.429     1.621     0.3093      0.3093      0.3093      0.0979
2       A         B            2           LYS           84.75            90     90     36     3.429     3.429     1.621     0.6658      0.6658      0.6658      0.3308
3       A         B            3           THR           89.79            90     90     36     3.429     3.429     1.621     0.7080      0.7080      0.7080      0.3747
4       A         B            4           ASP           93.54            90     90     36     3.429     3.429     1.621     0.8001      0.8001      0.8001      0.4973
5       A         B            5           TYR           94.56            90     90     36     3.429     3.429     1.621     0.8742      0.8742      0.8742      0.6294
6       A         B            6           GLN           92.21            90     90     36     3.429     3.429     1.621     0.8584      0.8584      0.8584      0.5959
7       A         B            7           ASN           94.03            90     90     36     3.429     3.429     1.621     0.8512      0.8512      0.8512      0.5837
8       A         B            8           GLU           95.62            90     90     36     3.429     3.429     1.621     0.8909      0.8909      0.8909      0.6654
9       A         B            9           MET           94.27            90     90     36     3.429     3.429     1.621     0.9131      0.9131      0.9131      0.7181
10      A         B           10           SER           92.86            90     90     36     3.429     3.429     1.621     0.8842      0.8842      0.8842      0.6532
11      A         B           11           LYS           94.59            90     90     36     3.429     3.429     1.621     0.8883      0.8883      0.8883      0.6604
12      A         B           12           TYR           94.07            90     90     36     3.429     3.429     1.621     0.9089      0.9089      0.9089      0.7071
13      A         B           13           ALA           94.03            90     90     36     3.429     3.429     1.621     0.9055      0.9055      0.9055      0.6981
14      A         B           14           ASN           93.54            90     90     36     3.429     3.429     1.621     0.8934      0.8934      0.8934      0.6711
15      A         B           15           GLU           92.66            90     90     36     3.429     3.429     1.621     0.8849      0.8849      0.8849      0.6504
16      A         B           16           ILE           93.80            90     90     36     3.429     3.429     1.621     0.8940      0.8940      0.8940      0.6661
17      A         B           17           THR           92.00            90     90     36     3.429     3.429     1.621     0.8651      0.8651      0.8651      0.6047
18      A         B           18           GLU           91.69            90     90     36     3.429     3.429     1.621     0.8225      0.8225      0.8225      0.5273
19      A         B           19           SER           88.12            90     90     36     3.429     3.429     1.621     0.6493      0.6493      0.6493      0.3107
20      A         B           20           ALA           87.45            90     90     36     3.429     3.429     1.621     0.5777      0.5777      0.5777      0.2439
21      A         B           21           MET           84.56            90     90     36     3.429     3.429     1.621     0.5032      0.5032      0.5032      0.1948
22      A         B           22           ASN           90.36            90     90     36     3.429     3.429     1.621     0.5498      0.5498      0.5498      0.2221
23      A         B           23           ASN           90.76            90     90     36     3.429     3.429     1.621     0.7388      0.7388      0.7388      0.4017
24      A         B           24           PRO           92.94            90     90     36     3.429     3.429     1.621     0.7628      0.7628      0.7628      0.4315
25      A         B           25           GLU           94.00            90     90     36     3.429     3.429     1.621     0.8050      0.8050      0.8050      0.4965
26      A         B           26           LEU           92.98            90     90     36     3.429     3.429     1.621     0.9036      0.9036      0.9036      0.6905
27      A         B           27           TYR           94.29            90     90     36     3.429     3.429     1.621     0.9113      0.9113      0.9113      0.7073
28      A         B           28           THR           93.65            90     90     36     3.429     3.429     1.621     0.8924      0.8924      0.8924      0.6626
29      A         B           29           ARG           93.47            90     90     36     3.429     3.429     1.621     0.9104      0.9104      0.9104      0.7091
30      A         B           30           VAL           94.73            90     90     36     3.429     3.429     1.621     0.9352      0.9352      0.9352      0.7760
31      A         B           31           SER           93.61            90     90     36     3.429     3.429     1.621     0.9234      0.9234      0.9234      0.7425
32      A         B           32           ARG           94.55            90     90     36     3.429     3.429     1.621     0.9164      0.9164      0.9164      0.7230
33      A         B           33           MET           95.68            90     90     36     3.429     3.429     1.621     0.9370      0.9370      0.9370      0.7826
34      A         B           34           LEU           95.96            90     90     36     3.429     3.429     1.621     0.9472      0.9472      0.9472      0.8113
35      A         B           35           ASN           93.74            90     90     36     3.429     3.429     1.621     0.9251      0.9251      0.9251      0.7482
36      A         B           36           THR           93.81            90     90     36     3.429     3.429     1.621     0.9130      0.9130      0.9130      0.7155
37      A         B           37           GLU           91.37            90     90     36     3.429     3.429     1.621     0.8875      0.8875      0.8875      0.6526
38      A         B           38           ASP           96.15            90     90     36     3.429     3.429     1.621     0.8644      0.8644      0.8644      0.6048
39      A         B           39           GLY           96.22            90     90     36     3.429     3.429     1.621     0.8980      0.8980      0.8980      0.6822
40      A         B           40           ARG           94.52            90     90     36     3.429     3.429     1.621     0.9260      0.9260      0.9260      0.7517
41      A         B           41           TYR           97.57            90     90     36     3.429     3.429     1.621     0.9275      0.9275      0.9275      0.7566
42      A         B           42           LYS           96.62            90     90     36     3.429     3.429     1.621     0.9078      0.9078      0.9078      0.7050
43      A         B           43           LEU           96.28            90     90     36     3.429     3.429     1.621     0.9307      0.9307      0.9307      0.7652
44      A         B           44           LYS           96.45            90     90     36     3.429     3.429     1.621     0.9253      0.9253      0.9253      0.7497
45      A         B           45           GLU           97.64            90     90     36     3.429     3.429     1.621     0.9088      0.9088      0.9088      0.7079
46      A         B           46           GLU           95.16            90     90     36     3.429     3.429     1.621     0.9082      0.9082      0.9082      0.7052
47      A         B           47           VAL           96.06            90     90     36     3.429     3.429     1.621     0.9041      0.9041      0.9041      0.6933
48      A         B           48           GLU           96.15            90     90     36     3.429     3.429     1.621     0.9038      0.9038      0.9038      0.6935
49      A         B           49           LYS           97.10            90     90     36     3.429     3.429     1.621     0.8552      0.8552      0.8552      0.5903
50      A         B           50           LYS           94.42            90     90     36     3.429     3.429     1.621     0.8339      0.8339      0.8339      0.5495
51      A         B           51           ILE           95.02            90     90     36     3.429     3.429     1.621     0.8190      0.8190      0.8190      0.5213
52      A         B           52           GLU           95.81            90     90     36     3.429     3.429     1.621     0.7785      0.7785      0.7785      0.4586
53      A         B           53           SER           95.88            90     90     36     3.429     3.429     1.621     0.5501      0.5501      0.5501      0.2327
54      A         B           54           SER           87.99            90     90     30     3.429     3.429     1.258     0.1458      0.1564      0.1564      0.0248
55      B         A            1           CYS           87.55            90     89     54     3.429     3.406     2.405     0.5611      0.5611      0.5578      0.3919
56      B         A            2           SER           86.01            90     89     54     3.429     3.406     2.405     0.6926      0.6926      0.6898      0.5320
57      B         A            3           GLN           86.20            90     89     54     3.429     3.406     2.405     0.5691      0.5691      0.5659      0.4001
58      B         A            4           ASN           89.30            90     89     54     3.429     3.406     2.405     0.7823      0.7823      0.7801      0.6463
59      B         A            5           GLU           93.52            90     89     54     3.429     3.406     2.405     0.8836      0.8836      0.8822      0.7922
60      B         A            6           TYR           94.49            90     89     54     3.429     3.406     2.405     0.9168      0.9168      0.9158      0.8465
61      B         A            7           PHE           94.50            90     89     54     3.429     3.406     2.405     0.9193      0.9193      0.9183      0.8509
62      B         A            8           ASP           94.61            90     89     54     3.429     3.406     2.405     0.9237      0.9237      0.9227      0.8587
63      B         A            9           SER           92.81            90     89     54     3.429     3.406     2.405     0.8564      0.8564      0.8548      0.7518
64      B         A           10           LEU           94.14            90     89     54     3.429     3.406     2.405     0.9241      0.9241      0.9232      0.8600
65      B         A           11           LEU           94.94            90     89     54     3.429     3.406     2.405     0.9323      0.9323      0.9314      0.8739
66      B         A           12           HIS           92.41            90     89     54     3.429     3.406     2.405     0.9113      0.9113      0.9103      0.8387
67      B         A           13           ALA           93.73            90     89     54     3.429     3.406     2.405     0.8938      0.8938      0.8925      0.8089
68      B         A           14           CYS           93.75            90     89     54     3.429     3.406     2.405     0.9227      0.9227      0.9218      0.8565
69      B         A           15           ILE           95.08            90     89     54     3.429     3.406     2.405     0.9300      0.9300      0.9292      0.8691
70      B         A           16           PRO           93.95            90     89     54     3.429     3.406     2.405     0.9205      0.9205      0.9195      0.8527
71      B         A           17           CYS           94.40            90     89     54     3.429     3.406     2.405     0.9148      0.9148      0.9138      0.8443
72      B         A           18           GLN           91.37            90     89     54     3.429     3.406     2.405     0.8889      0.8889      0.8876      0.8035
73      B         A           19           LEU           94.63            90     89     54     3.429     3.406     2.405     0.9197      0.9197      0.9187      0.8532
74      B         A           20           ARG           93.62            90     89     54     3.429     3.406     2.405     0.8745      0.8745      0.8730      0.7813
75      B         A           21           CYS           89.75            90     89     54     3.429     3.406     2.405     0.7971      0.7971      0.7950      0.6687
76      B         A           22           SER           84.29            90     89     54     3.429     3.406     2.405     0.6516      0.6516      0.6487      0.4943
77      B         A           23           SER           85.44            90     89     54     3.429     3.406     2.405     0.6217      0.6217      0.6188      0.4639
78      B         A           24           ASN           81.22            90     89     54     3.429     3.406     2.405     0.5347      0.5347      0.5316      0.3773
79      B         A           25           THR           81.76            90     89     54     3.429     3.406     2.405     0.5667      0.5667      0.5636      0.4033
80      B         A           26           PRO           88.40            90     89     54     3.429     3.406     2.405     0.6993      0.6993      0.6966      0.5436
81      B         A           27           PRO           90.41            90     89     54     3.429     3.406     2.405     0.8007      0.8007      0.7986      0.6717
82      B         A           28           LEU           89.75            90     89     54     3.429     3.406     2.405     0.7575      0.7575      0.7550      0.6131
83      B         A           29           THR           89.22            90     89     54     3.429     3.406     2.405     0.7582      0.7582      0.7558      0.6137
84      B         A           30           CYS           93.36            90     89     54     3.429     3.406     2.405     0.8290      0.8290      0.8271      0.7098
85      B         A           31           GLN           91.84            90     89     54     3.429     3.406     2.405     0.7614      0.7614      0.7590      0.6164
86      B         A           32           ARG           88.45            90     89     54     3.429     3.406     2.405     0.6370      0.6370      0.6339      0.4698
87      B         A           33           TYR           92.13            90     89     54     3.429     3.406     2.405     0.7807      0.7807      0.7784      0.6437
88      B         A           34           CYS           91.69            90     89     54     3.429     3.406     2.405     0.6916      0.6916      0.6888      0.5339
89      B         A           35           ASN           85.41            90     89     54     3.429     3.406     2.405     0.4111      0.4111      0.4079      0.2603
90      B         A           36           ALA           63.52            90     89      0     3.429     3.406     1.001     0.0456      0.0000      0.0000      0.0000
