i   AlignChn ScoredChain  AlignResNum  AlignResType  AlignRespLDDT      n0chn  n0dom  n0res    d0chn     d0dom     d0res   ipTM_pae  ipSAE_d0chn ipSAE_d0dom    ipSAE 
1       A         B            1           SER           80.08            90     90     36     3.429     3.429     1.621     0.3048      0.3048      0.3048      0.0958
2       A         B            2           LYS           85.46            90     90     36     3.429     3.429     1.621     0.6242      0.6242      0.6242      0.2890
3       A         B            3           THR           89.88            90     90     36     3.429     3.429     1.621     0.6708      0.6708      0.6708      0.3322
4       A         B            4           ASP           93.17            90     90     36     3.429     3.429     1.621     0.7623      0.7623      0.7623      0.4410
5       A         B            5           TYR           94.71            90     90     36     3.429     3.429     1.621     0.8463      0.8463      0.8463      0.5715
6       A         B            6           GLN           92.83            90     90     36     3.429     3.429     1.621     0.8286      0.8286      0.8286      0.5371
7       A         B            7           ASN           94.11            90     90     36     3.429     3.429     1.621     0.8190      0.8190      0.8190      0.5239
8       A         B            8           GLU           95.81            90     90     36     3.429     3.429     1.621     0.8684      0.8684      0.8684      0.6158
9       A         B            9           MET           95.01            90     90     36     3.429     3.429     1.621     0.8929      0.8929      0.8929      0.6667
10      A         B           10           SER           93.30            90     90     36     3.429     3.429     1.621     0.8651      0.8651      0.8651      0.6109
11      A         B           11           LYS           94.91            90     90     36     3.429     3.429     1.621     0.8671      0.8671      0.8671      0.6140
12      A         B           12           TYR           94.57            90     90     36     3.429     3.429     1.621     0.8876      0.8876      0.8876      0.6558
13      A         B           13           ALA           94.41            90     90     36     3.429     3.429     1.621     0.8862      0.8862      0.8862      0.6502
14      A         B           14           ASN           93.87            90     90     36     3.429     3.429     1.621     0.8744      0.8744      0.8744      0.6267
15      A         B           15           GLU           93.45            90     90     36     3.429     3.429     1.621     0.8735      0.8735      0.8735      0.6237
16      A         B           16           ILE           94.68            90     90     36     3.429     3.429     1.621     0.8795      0.8795      0.8795      0.6310
17      A         B           17           THR           92.91            90     90     36     3.429     3.429     1.621     0.8488      0.8488      0.8488      0.5700
18      A         B           18           GLU           93.09            90     90     36     3.429     3.429     1.621     0.8285      0.8285      0.8285      0.5350
19      A         B           19           SER           91.98            90     90     36     3.429     3.429     1.621     0.7360      0.7360      0.7360      0.4006
20      A         B           20           ALA           90.31            90     90     36     3.429     3.429     1.621     0.5810      0.5810      0.5810      0.2453
21      A         B           21           MET           86.65            90     90     36     3.429     3.429     1.621     0.4947      0.4947      0.4947      0.1898
22      A         B           22           ASN           92.42            90     90     36     3.429     3.429     1.621     0.5132      0.5132      0.5132      0.1962
23      A         B           23           ASN           92.63            90     90     36     3.429     3.429     1.621     0.7289      0.7289      0.7289      0.3890
24      A         B           24           PRO           94.05            90     90     36     3.429     3.429     1.621     0.7488      0.7488      0.7488      0.4126
25      A         B           25           GLU           94.69            90     90     36     3.429     3.429     1.621     0.7843      0.7843      0.7843      0.4635
26      A         B           26           LEU           94.31            90     90     36     3.429     3.429     1.621     0.8984      0.8984      0.8984      0.6752
27      A         B           27           TYR           95.37            90     90     36     3.429     3.429     1.621     0.9069      0.9069      0.9069      0.6939
28      A         B           28           THR           94.61            90     90     36     3.429     3.429     1.621     0.8893      0.8893      0.8893      0.6530
29      A         B           29           ARG           94.28            90     90     36     3.429     3.429     1.621     0.9049      0.9049      0.9049      0.6923
30      A         B           30           VAL           95.32            90     90     36     3.429     3.429     1.621     0.9318      0.9318      0.9318      0.7620
31      A         B           31           SER           94.76            90     90     36     3.429     3.429     1.621     0.9200      0.9200      0.9200      0.7298
32      A         B           32           ARG           95.12            90     90     36     3.429     3.429     1.621     0.9091      0.9091      0.9091      0.7018
33      A         B           33           MET           95.97            90     90     36     3.429     3.429     1.621     0.9315      0.9315      0.9315      0.7634
34      A         B           34           LEU           96.36            90     90     36     3.429     3.429     1.621     0.9402      0.9402      0.9402      0.7864
35      A         B           35           ASN           94.41            90     90     36     3.429     3.429     1.621     0.9176      0.9176      0.9176      0.7242
36      A         B           36           THR           94.13            90     90     36     3.429     3.429     1.621     0.9014      0.9014      0.9014      0.6840
37      A         B           37           GLU           91.41            90     90     36     3.429     3.429     1.621     0.8734      0.8734      0.8734      0.6192
38      A         B           38           ASP           96.26            90     90     36     3.429     3.429     1.621     0.8478      0.8478      0.8478      0.5699
39      A         B           39           GLY           96.45            90     90     36     3.429     3.429     1.621     0.8824      0.8824      0.8824      0.6438
40      A         B           40           ARG           94.71            90     90     36     3.429     3.429     1.621     0.9174      0.9174      0.9174      0.7247
41      A         B           41           TYR           97.66            90     90     36     3.429     3.429     1.621     0.9195      0.9195      0.9195      0.7313
42      A         B           42           LYS           96.84            90     90     36     3.429     3.429     1.621     0.8975      0.8975      0.8975      0.6767
43      A         B           43           LEU           96.47            90     90     36     3.429     3.429     1.621     0.9206      0.9206      0.9206      0.7342
44      A         B           44           LYS           96.58            90     90     36     3.429     3.429     1.621     0.9116      0.9116      0.9116      0.7098
45      A         B           45           GLU           97.72            90     90     36     3.429     3.429     1.621     0.8988      0.8988      0.8988      0.6805
46      A         B           46           GLU           95.39            90     90     36     3.429     3.429     1.621     0.8979      0.8979      0.8979      0.6779
47      A         B           47           VAL           96.08            90     90     36     3.429     3.429     1.621     0.8914      0.8914      0.8914      0.6615
48      A         B           48           GLU           96.07            90     90     36     3.429     3.429     1.621     0.8886      0.8886      0.8886      0.6551
49      A         B           49           LYS           97.02            90     90     36     3.429     3.429     1.621     0.8362      0.8362      0.8362      0.5529
50      A         B           50           LYS           94.37            90     90     36     3.429     3.429     1.621     0.8169      0.8169      0.8169      0.5187
51      A         B           51           ILE           94.90            90     90     36     3.429     3.429     1.621     0.7936      0.7936      0.7936      0.4794
52      A         B           52           GLU           95.77            90     90     36     3.429     3.429     1.621     0.7453      0.7453      0.7453      0.4127
53      A         B           53           SER           95.25            90     90     36     3.429     3.429     1.621     0.4999      0.4999      0.4999      0.1977
54      A         B           54           SER           87.50            90     90     18     3.429     3.429     1.001     0.1208      0.1500      0.1500      0.0150
55      B         A            1           CYS           87.33            90     90     54     3.429     3.429     2.405     0.4805      0.4805      0.4805      0.3177
56      B         A            2           SER           84.15            90     90     54     3.429     3.429     2.405     0.5550      0.5550      0.5550      0.3869
57      B         A            3           GLN           86.95            90     90     54     3.429     3.429     2.405     0.4919      0.4919      0.4919      0.3280
58      B         A            4           ASN           89.67            90     90     54     3.429     3.429     2.405     0.7493      0.7493      0.7493      0.6038
59      B         A            5           GLU           93.69            90     90     54     3.429     3.429     2.405     0.8617      0.8617      0.8617      0.7582
60      B         A            6           TYR           94.46            90     90     54     3.429     3.429     2.405     0.9011      0.9011      0.9011      0.8204
61      B         A            7           PHE           94.34            90     90     54     3.429     3.429     2.405     0.9078      0.9078      0.9078      0.8318
62      B         A            8           ASP           94.65            90     90     54     3.429     3.429     2.405     0.9104      0.9104      0.9104      0.8364
63      B         A            9           SER           92.81            90     90     54     3.429     3.429     2.405     0.8364      0.8364      0.8364      0.7222
64      B         A           10           LEU           94.17            90     90     54     3.429     3.429     2.405     0.9100      0.9100      0.9100      0.8365
65      B         A           11           LEU           95.03            90     90     54     3.429     3.429     2.405     0.9178      0.9178      0.9178      0.8496
66      B         A           12           HIS           92.47            90     90     54     3.429     3.429     2.405     0.8937      0.8937      0.8937      0.8102
67      B         A           13           ALA           94.06            90     90     54     3.429     3.429     2.405     0.8759      0.8759      0.8759      0.7806
68      B         A           14           CYS           94.00            90     90     54     3.429     3.429     2.405     0.9100      0.9100      0.9100      0.8350
69      B         A           15           ILE           95.30            90     90     54     3.429     3.429     2.405     0.9176      0.9176      0.9176      0.8481
70      B         A           16           PRO           94.49            90     90     54     3.429     3.429     2.405     0.9089      0.9089      0.9089      0.8334
71      B         A           17           CYS           94.85            90     90     54     3.429     3.429     2.405     0.9001      0.9001      0.9001      0.8204
72      B         A           18           GLN           92.92            90     90     54     3.429     3.429     2.405     0.8790      0.8790      0.8790      0.7885
73      B         A           19           LEU           95.38            90     90     54     3.429     3.429     2.405     0.9106      0.9106      0.9106      0.8386
74      B         A           20           ARG           94.10            90     90     54     3.429     3.429     2.405     0.8699      0.8699      0.8699      0.7744
75      B         A           21           CYS           91.04            90     90     54     3.429     3.429     2.405     0.7933      0.7933      0.7933      0.6636
76      B         A           22           SER           85.40            90     90     54     3.429     3.429     2.405     0.6433      0.6433      0.6433      0.4856
77      B         A           23           SER           86.04            90     90     54     3.429     3.429     2.405     0.6049      0.6049      0.6049      0.4467
78      B         A           24           ASN           81.56            90     90     54     3.429     3.429     2.405     0.5148      0.5148      0.5148      0.3591
79      B         A           25           THR           82.96            90     90     54     3.429     3.429     2.405     0.5505      0.5505      0.5505      0.3875
80      B         A           26           PRO           89.22            90     90     54     3.429     3.429     2.405     0.6885      0.6885      0.6885      0.5308
81      B         A           27           PRO           90.94            90     90     54     3.429     3.429     2.405     0.7858      0.7858      0.7858      0.6517
82      B         A           28           LEU           89.12            90     90     54     3.429     3.429     2.405     0.7372      0.7372      0.7372      0.5879
83      B         A           29           THR           88.79            90     90     54     3.429     3.429     2.405     0.7369      0.7369      0.7369      0.5868
84      B         A           30           CYS           93.71            90     90     54     3.429     3.429     2.405     0.8072      0.8072      0.8072      0.6793
85      B         A           31           GLN           92.98            90     90     54     3.429     3.429     2.405     0.7502      0.7502      0.7502      0.6025
86      B         A           32           ARG           89.25            90     90     54     3.429     3.429     2.405     0.6070      0.6070      0.6070      0.4385
87      B         A           33           TYR           92.65            90     90     54     3.429     3.429     2.405     0.7578      0.7578      0.7578      0.6142
88      B         A           34           CYS           92.61            90     90     54     3.429     3.429     2.405     0.6968      0.6968      0.6968      0.5401
89      B         A           35           ASN           87.12            90     90     54     3.429     3.429     2.405     0.5025      0.5025      0.5025      0.3374
90      B         A           36           ALA           76.48            90     90     30     3.429     3.429     1.258     0.1169      0.1441      0.1441      0.0224
