i   AlignChn ScoredChain  AlignResNum  AlignResType  AlignRespLDDT      n0chn  n0dom  n0res    d0chn     d0dom     d0res   ipTM_pae  ipSAE_d0chn ipSAE_d0dom    ipSAE 
1       A         B            1           SER           80.29            90     90     36     3.429     3.429     1.621     0.2630      0.2630      0.2630      0.0790
2       A         B            2           LYS           85.18            90     90     36     3.429     3.429     1.621     0.5886      0.5886      0.5886      0.2602
3       A         B            3           THR           90.02            90     90     36     3.429     3.429     1.621     0.6395      0.6395      0.6395      0.3023
4       A         B            4           ASP           93.34            90     90     36     3.429     3.429     1.621     0.7350      0.7350      0.7350      0.4076
5       A         B            5           TYR           95.05            90     90     36     3.429     3.429     1.621     0.8301      0.8301      0.8301      0.5446
6       A         B            6           GLN           93.47            90     90     36     3.429     3.429     1.621     0.8098      0.8098      0.8098      0.5074
7       A         B            7           ASN           94.13            90     90     36     3.429     3.429     1.621     0.7900      0.7900      0.7900      0.4803
8       A         B            8           GLU           95.81            90     90     36     3.429     3.429     1.621     0.8469      0.8469      0.8469      0.5763
9       A         B            9           MET           95.07            90     90     36     3.429     3.429     1.621     0.8752      0.8752      0.8752      0.6296
10      A         B           10           SER           93.62            90     90     36     3.429     3.429     1.621     0.8466      0.8466      0.8466      0.5765
11      A         B           11           LYS           94.93            90     90     36     3.429     3.429     1.621     0.8443      0.8443      0.8443      0.5722
12      A         B           12           TYR           94.24            90     90     36     3.429     3.429     1.621     0.8656      0.8656      0.8656      0.6104
13      A         B           13           ALA           94.53            90     90     36     3.429     3.429     1.621     0.8693      0.8693      0.8693      0.6143
14      A         B           14           ASN           93.91            90     90     36     3.429     3.429     1.621     0.8499      0.8499      0.8499      0.5787
15      A         B           15           GLU           93.10            90     90     36     3.429     3.429     1.621     0.8446      0.8446      0.8446      0.5686
16      A         B           16           ILE           94.17            90     90     36     3.429     3.429     1.621     0.8493      0.8493      0.8493      0.5704
17      A         B           17           THR           92.98            90     90     36     3.429     3.429     1.621     0.8254      0.8254      0.8254      0.5287
18      A         B           18           GLU           92.44            90     90     36     3.429     3.429     1.621     0.7694      0.7694      0.7694      0.4437
19      A         B           19           SER           89.28            90     90     36     3.429     3.429     1.621     0.5944      0.5944      0.5944      0.2621
20      A         B           20           ALA           89.16            90     90     36     3.429     3.429     1.621     0.5019      0.5019      0.5019      0.1902
21      A         B           21           MET           85.34            90     90     36     3.429     3.429     1.621     0.4221      0.4221      0.4221      0.1472
22      A         B           22           ASN           91.40            90     90     36     3.429     3.429     1.621     0.4511      0.4511      0.4511      0.1595
23      A         B           23           ASN           90.83            90     90     36     3.429     3.429     1.621     0.6531      0.6531      0.6531      0.3090
24      A         B           24           PRO           93.36            90     90     36     3.429     3.429     1.621     0.6956      0.6956      0.6956      0.3498
25      A         B           25           GLU           94.06            90     90     36     3.429     3.429     1.621     0.7430      0.7430      0.7430      0.4078
26      A         B           26           LEU           92.84            90     90     36     3.429     3.429     1.621     0.8692      0.8692      0.8692      0.6114
27      A         B           27           TYR           94.68            90     90     36     3.429     3.429     1.621     0.8786      0.8786      0.8786      0.6284
28      A         B           28           THR           93.92            90     90     36     3.429     3.429     1.621     0.8609      0.8609      0.8609      0.5929
29      A         B           29           ARG           93.06            90     90     36     3.429     3.429     1.621     0.8807      0.8807      0.8807      0.6379
30      A         B           30           VAL           94.53            90     90     36     3.429     3.429     1.621     0.9147      0.9147      0.9147      0.7163
31      A         B           31           SER           93.94            90     90     36     3.429     3.429     1.621     0.9008      0.9008      0.9008      0.6822
32      A         B           32           ARG           94.60            90     90     36     3.429     3.429     1.621     0.8875      0.8875      0.8875      0.6516
33      A         B           33           MET           95.67            90     90     36     3.429     3.429     1.621     0.9188      0.9188      0.9188      0.7300
34      A         B           34           LEU           96.17            90     90     36     3.429     3.429     1.621     0.9301      0.9301      0.9301      0.7582
35      A         B           35           ASN           94.12            90     90     36     3.429     3.429     1.621     0.9039      0.9039      0.9039      0.6908
36      A         B           36           THR           94.00            90     90     36     3.429     3.429     1.621     0.8866      0.8866      0.8866      0.6508
37      A         B           37           GLU           91.50            90     90     36     3.429     3.429     1.621     0.8532      0.8532      0.8532      0.5789
38      A         B           38           ASP           96.19            90     90     36     3.429     3.429     1.621     0.8315      0.8315      0.8315      0.5413
39      A         B           39           GLY           96.36            90     90     36     3.429     3.429     1.621     0.8760      0.8760      0.8760      0.6312
40      A         B           40           ARG           94.78            90     90     36     3.429     3.429     1.621     0.9052      0.9052      0.9052      0.6952
41      A         B           41           TYR           97.72            90     90     36     3.429     3.429     1.621     0.9089      0.9089      0.9089      0.7062
42      A         B           42           LYS           96.71            90     90     36     3.429     3.429     1.621     0.8855      0.8855      0.8855      0.6511
43      A         B           43           LEU           96.17            90     90     36     3.429     3.429     1.621     0.9102      0.9102      0.9102      0.7093
44      A         B           44           LYS           96.68            90     90     36     3.429     3.429     1.621     0.8993      0.8993      0.8993      0.6812
45      A         B           45           GLU           97.68            90     90     36     3.429     3.429     1.621     0.8815      0.8815      0.8815      0.6432
46      A         B           46           GLU           94.88            90     90     36     3.429     3.429     1.621     0.8784      0.8784      0.8784      0.6359
47      A         B           47           VAL           95.98            90     90     36     3.429     3.429     1.621     0.8764      0.8764      0.8764      0.6297
48      A         B           48           GLU           96.28            90     90     36     3.429     3.429     1.621     0.8741      0.8741      0.8741      0.6252
49      A         B           49           LYS           96.94            90     90     36     3.429     3.429     1.621     0.8119      0.8119      0.8119      0.5134
50      A         B           50           LYS           93.93            90     90     36     3.429     3.429     1.621     0.7844      0.7844      0.7844      0.4703
51      A         B           51           ILE           94.65            90     90     36     3.429     3.429     1.621     0.7666      0.7666      0.7666      0.4419
52      A         B           52           GLU           95.68            90     90     36     3.429     3.429     1.621     0.7130      0.7130      0.7130      0.3746
53      A         B           53           SER           95.88            90     90     36     3.429     3.429     1.621     0.4557      0.4557      0.4557      0.1708
54      A         B           54           SER           87.34            90     90     12     3.429     3.429     1.001     0.1067      0.1497      0.1497      0.0149
55      B         A            1           CYS           88.16            90     90     54     3.429     3.429     2.405     0.4756      0.4756      0.4756      0.3135
56      B         A            2           SER           86.14            90     90     54     3.429     3.429     2.405     0.5641      0.5641      0.5641      0.3954
57      B         A            3           GLN           86.86            90     90     54     3.429     3.429     2.405     0.4534      0.4534      0.4534      0.2943
58      B         A            4           ASN           90.01            90     90     54     3.429     3.429     2.405     0.7159      0.7159      0.7159      0.5628
59      B         A            5           GLU           94.12            90     90     54     3.429     3.429     2.405     0.8471      0.8471      0.8471      0.7363
60      B         A            6           TYR           94.91            90     90     54     3.429     3.429     2.405     0.8901      0.8901      0.8901      0.8026
61      B         A            7           PHE           94.93            90     90     54     3.429     3.429     2.405     0.8978      0.8978      0.8978      0.8158
62      B         A            8           ASP           95.33            90     90     54     3.429     3.429     2.405     0.9042      0.9042      0.9042      0.8264
63      B         A            9           SER           93.14            90     90     54     3.429     3.429     2.405     0.8217      0.8217      0.8217      0.7013
64      B         A           10           LEU           94.82            90     90     54     3.429     3.429     2.405     0.9003      0.9003      0.9003      0.8211
65      B         A           11           LEU           95.50            90     90     54     3.429     3.429     2.405     0.9094      0.9094      0.9094      0.8359
66      B         A           12           HIS           93.51            90     90     54     3.429     3.429     2.405     0.8849      0.8849      0.8849      0.7965
67      B         A           13           ALA           94.64            90     90     54     3.429     3.429     2.405     0.8675      0.8675      0.8675      0.7678
68      B         A           14           CYS           94.52            90     90     54     3.429     3.429     2.405     0.9001      0.9001      0.9001      0.8187
69      B         A           15           ILE           95.58            90     90     54     3.429     3.429     2.405     0.9040      0.9040      0.9040      0.8254
70      B         A           16           PRO           94.69            90     90     54     3.429     3.429     2.405     0.8964      0.8964      0.8964      0.8130
71      B         A           17           CYS           95.06            90     90     54     3.429     3.429     2.405     0.8884      0.8884      0.8884      0.8020
72      B         A           18           GLN           92.81            90     90     54     3.429     3.429     2.405     0.8559      0.8559      0.8559      0.7536
73      B         A           19           LEU           95.25            90     90     54     3.429     3.429     2.405     0.8922      0.8922      0.8922      0.8090
74      B         A           20           ARG           94.24            90     90     54     3.429     3.429     2.405     0.8445      0.8445      0.8445      0.7368
75      B         A           21           CYS           90.92            90     90     54     3.429     3.429     2.405     0.7559      0.7559      0.7559      0.6149
76      B         A           22           SER           85.34            90     90     54     3.429     3.429     2.405     0.5982      0.5982      0.5982      0.4379
77      B         A           23           SER           85.76            90     90     54     3.429     3.429     2.405     0.5492      0.5492      0.5492      0.3906
78      B         A           24           ASN           81.60            90     90     54     3.429     3.429     2.405     0.4692      0.4692      0.4692      0.3180
79      B         A           25           THR           82.91            90     90     54     3.429     3.429     2.405     0.4977      0.4977      0.4977      0.3383
80      B         A           26           PRO           89.28            90     90     54     3.429     3.429     2.405     0.6474      0.6474      0.6474      0.4845
81      B         A           27           PRO           91.21            90     90     54     3.429     3.429     2.405     0.7525      0.7525      0.7525      0.6084
82      B         A           28           LEU           89.19            90     90     54     3.429     3.429     2.405     0.6962      0.6962      0.6962      0.5383
83      B         A           29           THR           89.34            90     90     54     3.429     3.429     2.405     0.6919      0.6919      0.6919      0.5322
84      B         A           30           CYS           94.00            90     90     54     3.429     3.429     2.405     0.7776      0.7776      0.7776      0.6390
85      B         A           31           GLN           92.94            90     90     54     3.429     3.429     2.405     0.7102      0.7102      0.7102      0.5530
86      B         A           32           ARG           89.50            90     90     54     3.429     3.429     2.405     0.5676      0.5676      0.5676      0.3985
87      B         A           33           TYR           92.92            90     90     54     3.429     3.429     2.405     0.7200      0.7200      0.7200      0.5669
88      B         A           34           CYS           92.80            90     90     54     3.429     3.429     2.405     0.6666      0.6666      0.6666      0.5047
89      B         A           35           ASN           87.63            90     90     54     3.429     3.429     2.405     0.4588      0.4588      0.4588      0.2992
90      B         A           36           ALA           76.09            90     90     17     3.429     3.429     1.001     0.0966      0.1375      0.1375      0.0135
