i   AlignChn ScoredChain  AlignResNum  AlignResType  AlignRespLDDT      n0chn  n0dom  n0res    d0chn     d0dom     d0res   ipTM_pae  ipSAE_d0chn ipSAE_d0dom    ipSAE 
1       A         B            1           SER           79.80            90     90     36     3.429     3.429     1.621     0.2455      0.2455      0.2455      0.0723
2       A         B            2           LYS           84.40            90     90     36     3.429     3.429     1.621     0.5632      0.5632      0.5632      0.2403
3       A         B            3           THR           89.99            90     90     36     3.429     3.429     1.621     0.6179      0.6179      0.6179      0.2832
4       A         B            4           ASP           93.59            90     90     36     3.429     3.429     1.621     0.7252      0.7252      0.7252      0.3947
5       A         B            5           TYR           94.60            90     90     36     3.429     3.429     1.621     0.8150      0.8150      0.8150      0.5182
6       A         B            6           GLN           92.57            90     90     36     3.429     3.429     1.621     0.7955      0.7955      0.7955      0.4848
7       A         B            7           ASN           93.88            90     90     36     3.429     3.429     1.621     0.7783      0.7783      0.7783      0.4628
8       A         B            8           GLU           95.88            90     90     36     3.429     3.429     1.621     0.8484      0.8484      0.8484      0.5791
9       A         B            9           MET           94.97            90     90     36     3.429     3.429     1.621     0.8741      0.8741      0.8741      0.6261
10      A         B           10           SER           93.03            90     90     36     3.429     3.429     1.621     0.8387      0.8387      0.8387      0.5635
11      A         B           11           LYS           94.65            90     90     36     3.429     3.429     1.621     0.8387      0.8387      0.8387      0.5611
12      A         B           12           TYR           94.38            90     90     36     3.429     3.429     1.621     0.8687      0.8687      0.8687      0.6157
13      A         B           13           ALA           94.21            90     90     36     3.429     3.429     1.621     0.8645      0.8645      0.8645      0.6056
14      A         B           14           ASN           93.65            90     90     36     3.429     3.429     1.621     0.8476      0.8476      0.8476      0.5742
15      A         B           15           GLU           92.95            90     90     36     3.429     3.429     1.621     0.8391      0.8391      0.8391      0.5583
16      A         B           16           ILE           94.31            90     90     36     3.429     3.429     1.621     0.8498      0.8498      0.8498      0.5708
17      A         B           17           THR           92.34            90     90     36     3.429     3.429     1.621     0.8091      0.8091      0.8091      0.5013
18      A         B           18           GLU           91.70            90     90     36     3.429     3.429     1.621     0.7592      0.7592      0.7592      0.4303
19      A         B           19           SER           88.80            90     90     36     3.429     3.429     1.621     0.5685      0.5685      0.5685      0.2412
20      A         B           20           ALA           88.79            90     90     36     3.429     3.429     1.621     0.5004      0.5004      0.5004      0.1896
21      A         B           21           MET           86.25            90     90     36     3.429     3.429     1.621     0.4413      0.4413      0.4413      0.1570
22      A         B           22           ASN           91.34            90     90     36     3.429     3.429     1.621     0.4469      0.4469      0.4469      0.1571
23      A         B           23           ASN           91.08            90     90     36     3.429     3.429     1.621     0.6576      0.6576      0.6576      0.3129
24      A         B           24           PRO           93.96            90     90     36     3.429     3.429     1.621     0.7118      0.7118      0.7118      0.3679
25      A         B           25           GLU           94.44            90     90     36     3.429     3.429     1.621     0.7538      0.7538      0.7538      0.4218
26      A         B           26           LEU           93.29            90     90     36     3.429     3.429     1.621     0.8765      0.8765      0.8765      0.6266
27      A         B           27           TYR           95.05            90     90     36     3.429     3.429     1.621     0.8873      0.8873      0.8873      0.6476
28      A         B           28           THR           94.46            90     90     36     3.429     3.429     1.621     0.8665      0.8665      0.8665      0.6047
29      A         B           29           ARG           94.07            90     90     36     3.429     3.429     1.621     0.8869      0.8869      0.8869      0.6517
30      A         B           30           VAL           95.23            90     90     36     3.429     3.429     1.621     0.9208      0.9208      0.9208      0.7326
31      A         B           31           SER           94.34            90     90     36     3.429     3.429     1.621     0.9048      0.9048      0.9048      0.6922
32      A         B           32           ARG           95.09            90     90     36     3.429     3.429     1.621     0.8968      0.8968      0.8968      0.6730
33      A         B           33           MET           95.92            90     90     36     3.429     3.429     1.621     0.9186      0.9186      0.9186      0.7302
34      A         B           34           LEU           96.36            90     90     36     3.429     3.429     1.621     0.9326      0.9326      0.9326      0.7649
35      A         B           35           ASN           94.86            90     90     36     3.429     3.429     1.621     0.9118      0.9118      0.9118      0.7103
36      A         B           36           THR           94.45            90     90     36     3.429     3.429     1.621     0.8977      0.8977      0.8977      0.6754
37      A         B           37           GLU           91.70            90     90     36     3.429     3.429     1.621     0.8633      0.8633      0.8633      0.5985
38      A         B           38           ASP           95.92            90     90     36     3.429     3.429     1.621     0.8423      0.8423      0.8423      0.5601
39      A         B           39           GLY           96.50            90     90     36     3.429     3.429     1.621     0.8841      0.8841      0.8841      0.6481
40      A         B           40           ARG           94.81            90     90     36     3.429     3.429     1.621     0.9106      0.9106      0.9106      0.7087
41      A         B           41           TYR           97.67            90     90     36     3.429     3.429     1.621     0.9144      0.9144      0.9144      0.7190
42      A         B           42           LYS           96.81            90     90     36     3.429     3.429     1.621     0.8904      0.8904      0.8904      0.6617
43      A         B           43           LEU           96.57            90     90     36     3.429     3.429     1.621     0.9147      0.9147      0.9147      0.7201
44      A         B           44           LYS           96.51            90     90     36     3.429     3.429     1.621     0.9089      0.9089      0.9089      0.7046
45      A         B           45           GLU           97.74            90     90     36     3.429     3.429     1.621     0.8891      0.8891      0.8891      0.6596
46      A         B           46           GLU           95.45            90     90     36     3.429     3.429     1.621     0.8856      0.8856      0.8856      0.6506
47      A         B           47           VAL           96.20            90     90     36     3.429     3.429     1.621     0.8779      0.8779      0.8779      0.6319
48      A         B           48           GLU           96.13            90     90     36     3.429     3.429     1.621     0.8761      0.8761      0.8761      0.6288
49      A         B           49           LYS           97.06            90     90     36     3.429     3.429     1.621     0.8199      0.8199      0.8199      0.5257
50      A         B           50           LYS           94.37            90     90     36     3.429     3.429     1.621     0.7919      0.7919      0.7919      0.4800
51      A         B           51           ILE           95.03            90     90     36     3.429     3.429     1.621     0.7715      0.7715      0.7715      0.4484
52      A         B           52           GLU           95.52            90     90     36     3.429     3.429     1.621     0.7247      0.7247      0.7247      0.3869
53      A         B           53           SER           95.92            90     90     36     3.429     3.429     1.621     0.4763      0.4763      0.4763      0.1828
54      A         B           54           SER           88.19            90     90     13     3.429     3.429     1.001     0.1110      0.1507      0.1507      0.0151
55      B         A            1           CYS           87.84            90     90     54     3.429     3.429     2.405     0.4686      0.4686      0.4686      0.3072
56      B         A            2           SER           84.45            90     90     54     3.429     3.429     2.405     0.5126      0.5126      0.5126      0.3472
57      B         A            3           GLN           87.07            90     90     54     3.429     3.429     2.405     0.4272      0.4272      0.4272      0.2729
58      B         A            4           ASN           89.43            90     90     54     3.429     3.429     2.405     0.7020      0.7020      0.7020      0.5461
59      B         A            5           GLU           93.73            90     90     54     3.429     3.429     2.405     0.8391      0.8391      0.8391      0.7250
60      B         A            6           TYR           94.62            90     90     54     3.429     3.429     2.405     0.8864      0.8864      0.8864      0.7971
61      B         A            7           PHE           94.35            90     90     54     3.429     3.429     2.405     0.8925      0.8925      0.8925      0.8073
62      B         A            8           ASP           94.79            90     90     54     3.429     3.429     2.405     0.8995      0.8995      0.8995      0.8188
63      B         A            9           SER           92.98            90     90     54     3.429     3.429     2.405     0.8198      0.8198      0.8198      0.6988
64      B         A           10           LEU           94.32            90     90     54     3.429     3.429     2.405     0.8981      0.8981      0.8981      0.8175
65      B         A           11           LEU           95.08            90     90     54     3.429     3.429     2.405     0.9064      0.9064      0.9064      0.8312
66      B         A           12           HIS           92.44            90     90     54     3.429     3.429     2.405     0.8797      0.8797      0.8797      0.7884
67      B         A           13           ALA           93.86            90     90     54     3.429     3.429     2.405     0.8599      0.8599      0.8599      0.7563
68      B         A           14           CYS           93.93            90     90     54     3.429     3.429     2.405     0.8953      0.8953      0.8953      0.8112
69      B         A           15           ILE           95.22            90     90     54     3.429     3.429     2.405     0.8982      0.8982      0.8982      0.8162
70      B         A           16           PRO           94.41            90     90     54     3.429     3.429     2.405     0.8927      0.8927      0.8927      0.8072
71      B         A           17           CYS           94.85            90     90     54     3.429     3.429     2.405     0.8858      0.8858      0.8858      0.7980
72      B         A           18           GLN           92.48            90     90     54     3.429     3.429     2.405     0.8545      0.8545      0.8545      0.7518
73      B         A           19           LEU           95.15            90     90     54     3.429     3.429     2.405     0.8929      0.8929      0.8929      0.8102
74      B         A           20           ARG           94.13            90     90     54     3.429     3.429     2.405     0.8469      0.8469      0.8469      0.7406
75      B         A           21           CYS           91.21            90     90     54     3.429     3.429     2.405     0.7676      0.7676      0.7676      0.6302
76      B         A           22           SER           86.40            90     90     54     3.429     3.429     2.405     0.6161      0.6161      0.6161      0.4572
77      B         A           23           SER           85.86            90     90     54     3.429     3.429     2.405     0.5509      0.5509      0.5509      0.3925
78      B         A           24           ASN           81.98            90     90     54     3.429     3.429     2.405     0.4827      0.4827      0.4827      0.3297
79      B         A           25           THR           83.08            90     90     54     3.429     3.429     2.405     0.4995      0.4995      0.4995      0.3404
80      B         A           26           PRO           89.12            90     90     54     3.429     3.429     2.405     0.6391      0.6391      0.6391      0.4759
81      B         A           27           PRO           90.95            90     90     54     3.429     3.429     2.405     0.7498      0.7498      0.7498      0.6054
82      B         A           28           LEU           89.30            90     90     54     3.429     3.429     2.405     0.6940      0.6940      0.6940      0.5361
83      B         A           29           THR           89.02            90     90     54     3.429     3.429     2.405     0.6910      0.6910      0.6910      0.5317
84      B         A           30           CYS           93.85            90     90     54     3.429     3.429     2.405     0.7817      0.7817      0.7817      0.6448
85      B         A           31           GLN           93.01            90     90     54     3.429     3.429     2.405     0.7202      0.7202      0.7202      0.5652
86      B         A           32           ARG           89.24            90     90     54     3.429     3.429     2.405     0.5778      0.5778      0.5778      0.4091
87      B         A           33           TYR           92.86            90     90     54     3.429     3.429     2.405     0.7374      0.7374      0.7374      0.5884
88      B         A           34           CYS           92.84            90     90     54     3.429     3.429     2.405     0.6679      0.6679      0.6679      0.5064
89      B         A           35           ASN           87.50            90     90     54     3.429     3.429     2.405     0.4636      0.4636      0.4636      0.3037
90      B         A           36           ALA           76.49            90     90     21     3.429     3.429     1.001     0.1053      0.1438      0.1438      0.0142
