i   AlignChn ScoredChain  AlignResNum  AlignResType  AlignRespLDDT      n0chn  n0dom  n0res    d0chn     d0dom     d0res   ipTM_pae  ipSAE_d0chn ipSAE_d0dom    ipSAE 
1       A         B            1           SER           94.61            90     90     36     3.429     3.429     1.621     0.2502      0.2502      0.2502      0.0741
2       A         B            2           GLU           95.07            90     90     36     3.429     3.429     1.621     0.6308      0.6308      0.6308      0.3021
3       A         B            3           GLU           96.52            90     90     36     3.429     3.429     1.621     0.6260      0.6260      0.6260      0.2989
4       A         B            4           GLU           95.77            90     90     36     3.429     3.429     1.621     0.7059      0.7059      0.7059      0.3762
5       A         B            5           TYR           94.94            90     90     36     3.429     3.429     1.621     0.8334      0.8334      0.8334      0.5517
6       A         B            6           GLN           95.33            90     90     36     3.429     3.429     1.621     0.8303      0.8303      0.8303      0.5497
7       A         B            7           LYS           97.09            90     90     36     3.429     3.429     1.621     0.8403      0.8403      0.8403      0.5662
8       A         B            8           LYS           96.79            90     90     36     3.429     3.429     1.621     0.8692      0.8692      0.8692      0.6210
9       A         B            9           MET           96.89            90     90     36     3.429     3.429     1.621     0.9074      0.9074      0.9074      0.7032
10      A         B           10           SER           97.55            90     90     36     3.429     3.429     1.621     0.9072      0.9072      0.9072      0.7042
11      A         B           11           GLU           97.79            90     90     36     3.429     3.429     1.621     0.9115      0.9115      0.9115      0.7146
12      A         B           12           GLU           98.20            90     90     36     3.429     3.429     1.621     0.9326      0.9326      0.9326      0.7683
13      A         B           13           ALA           98.60            90     90     36     3.429     3.429     1.621     0.9478      0.9478      0.9478      0.8118
14      A         B           14           ASN           97.90            90     90     36     3.429     3.429     1.621     0.9310      0.9310      0.9310      0.7644
15      A         B           15           LYS           98.00            90     90     36     3.429     3.429     1.621     0.9304      0.9304      0.9304      0.7618
16      A         B           16           VAL           98.45            90     90     36     3.429     3.429     1.621     0.9421      0.9421      0.9421      0.7932
17      A         B           17           THR           97.55            90     90     36     3.429     3.429     1.621     0.9371      0.9371      0.9371      0.7788
18      A         B           18           GLU           97.03            90     90     36     3.429     3.429     1.621     0.9183      0.9183      0.9183      0.7314
19      A         B           19           ASN           97.77            90     90     36     3.429     3.429     1.621     0.9158      0.9158      0.9158      0.7210
20      A         B           20           ALA           98.00            90     90     36     3.429     3.429     1.621     0.9054      0.9054      0.9054      0.6931
21      A         B           21           MET           96.86            90     90     36     3.429     3.429     1.621     0.8935      0.8935      0.8935      0.6640
22      A         B           22           LYS           97.99            90     90     36     3.429     3.429     1.621     0.8753      0.8753      0.8753      0.6266
23      A         B           23           ASN           97.70            90     90     36     3.429     3.429     1.621     0.8346      0.8346      0.8346      0.5421
24      A         B           24           PRO           98.16            90     90     36     3.429     3.429     1.621     0.7997      0.7997      0.7997      0.4845
25      A         B           25           GLU           98.31            90     90     36     3.429     3.429     1.621     0.8086      0.8086      0.8086      0.4995
26      A         B           26           GLU           98.06            90     90     36     3.429     3.429     1.621     0.9304      0.9304      0.9304      0.7564
27      A         B           27           TYR           98.30            90     90     36     3.429     3.429     1.621     0.9389      0.9389      0.9389      0.7802
28      A         B           28           LYS           97.63            90     90     36     3.429     3.429     1.621     0.9145      0.9145      0.9145      0.7133
29      A         B           29           ARG           98.12            90     90     36     3.429     3.429     1.621     0.9343      0.9343      0.9343      0.7687
30      A         B           30           VAL           98.61            90     90     36     3.429     3.429     1.621     0.9610      0.9610      0.9610      0.8515
31      A         B           31           SER           98.05            90     90     36     3.429     3.429     1.621     0.9483      0.9483      0.9483      0.8102
32      A         B           32           GLU           97.37            90     90     36     3.429     3.429     1.621     0.9323      0.9323      0.9323      0.7624
33      A         B           33           MET           98.40            90     90     36     3.429     3.429     1.621     0.9533      0.9533      0.9533      0.8275
34      A         B           34           LEU           98.23            90     90     36     3.429     3.429     1.621     0.9631      0.9631      0.9631      0.8581
35      A         B           35           ASN           97.06            90     90     36     3.429     3.429     1.621     0.9447      0.9447      0.9447      0.7995
36      A         B           36           THR           96.31            90     90     36     3.429     3.429     1.621     0.9252      0.9252      0.9252      0.7430
37      A         B           37           GLU           94.53            90     90     36     3.429     3.429     1.621     0.9086      0.9086      0.9086      0.6987
38      A         B           38           GLU           97.40            90     90     36     3.429     3.429     1.621     0.8784      0.8784      0.8784      0.6301
39      A         B           39           GLY           97.86            90     90     36     3.429     3.429     1.621     0.9186      0.9186      0.9186      0.7278
40      A         B           40           ARG           96.30            90     90     36     3.429     3.429     1.621     0.9411      0.9411      0.9411      0.7888
41      A         B           41           TYR           98.60            90     90     36     3.429     3.429     1.621     0.9468      0.9468      0.9468      0.8065
42      A         B           42           LYS           98.38            90     90     36     3.429     3.429     1.621     0.9258      0.9258      0.9258      0.7461
43      A         B           43           LEU           98.44            90     90     36     3.429     3.429     1.621     0.9461      0.9461      0.9461      0.8051
44      A         B           44           LYS           98.23            90     90     36     3.429     3.429     1.621     0.9457      0.9457      0.9457      0.8039
45      A         B           45           GLU           98.56            90     90     36     3.429     3.429     1.621     0.9304      0.9304      0.9304      0.7597
46      A         B           46           ILE           98.24            90     90     36     3.429     3.429     1.621     0.9358      0.9358      0.9358      0.7739
47      A         B           47           VAL           98.49            90     90     36     3.429     3.429     1.621     0.9344      0.9344      0.9344      0.7710
48      A         B           48           LEU           97.76            90     90     36     3.429     3.429     1.621     0.9298      0.9298      0.9298      0.7579
49      A         B           49           LYS           98.09            90     90     36     3.429     3.429     1.621     0.8858      0.8858      0.8858      0.6498
50      A         B           50           ARG           97.39            90     90     36     3.429     3.429     1.621     0.8893      0.8893      0.8893      0.6559
51      A         B           51           ILE           96.51            90     90     36     3.429     3.429     1.621     0.8683      0.8683      0.8683      0.6094
52      A         B           52           GLU           96.79            90     90     36     3.429     3.429     1.621     0.8219      0.8219      0.8219      0.5251
53      A         B           53           GLU           94.91            90     90     36     3.429     3.429     1.621     0.6191      0.6191      0.6191      0.2844
54      A         B           54           LYS           70.28            90     90     36     3.429     3.429     1.621     0.1958      0.1958      0.1958      0.0526
55      B         A            1           CYS           93.93            90     90     54     3.429     3.429     2.405     0.5612      0.5612      0.5612      0.3916
56      B         A            2           SER           89.76            90     90     54     3.429     3.429     2.405     0.6240      0.6240      0.6240      0.4562
57      B         A            3           GLN           91.84            90     90     54     3.429     3.429     2.405     0.5009      0.5009      0.5009      0.3360
58      B         A            4           ASN           94.11            90     90     54     3.429     3.429     2.405     0.7731      0.7731      0.7731      0.6358
59      B         A            5           GLU           97.05            90     90     54     3.429     3.429     2.405     0.9015      0.9015      0.9015      0.8214
60      B         A            6           TYR           97.10            90     90     54     3.429     3.429     2.405     0.9346      0.9346      0.9346      0.8771
61      B         A            7           PHE           97.03            90     90     54     3.429     3.429     2.405     0.9438      0.9438      0.9438      0.8933
62      B         A            8           ASP           97.81            90     90     54     3.429     3.429     2.405     0.9516      0.9516      0.9516      0.9075
63      B         A            9           SER           95.36            90     90     54     3.429     3.429     2.405     0.8999      0.8999      0.8999      0.8188
64      B         A           10           LEU           97.14            90     90     54     3.429     3.429     2.405     0.9522      0.9522      0.9522      0.9087
65      B         A           11           LEU           98.02            90     90     54     3.429     3.429     2.405     0.9577      0.9577      0.9577      0.9188
66      B         A           12           HIS           97.05            90     90     54     3.429     3.429     2.405     0.9441      0.9441      0.9441      0.8943
67      B         A           13           ALA           97.65            90     90     54     3.429     3.429     2.405     0.9266      0.9266      0.9266      0.8633
68      B         A           14           CYS           97.54            90     90     54     3.429     3.429     2.405     0.9428      0.9428      0.9428      0.8915
69      B         A           15           ILE           98.03            90     90     54     3.429     3.429     2.405     0.9481      0.9481      0.9481      0.9012
70      B         A           16           PRO           97.02            90     90     54     3.429     3.429     2.405     0.9384      0.9384      0.9384      0.8841
71      B         A           17           CYS           97.86            90     90     54     3.429     3.429     2.405     0.9218      0.9218      0.9218      0.8565
72      B         A           18           GLN           96.44            90     90     54     3.429     3.429     2.405     0.9017      0.9017      0.9017      0.8255
73      B         A           19           LEU           98.20            90     90     54     3.429     3.429     2.405     0.9400      0.9400      0.9400      0.8890
74      B         A           20           ARG           97.36            90     90     54     3.429     3.429     2.405     0.8985      0.8985      0.8985      0.8211
75      B         A           21           CYS           94.96            90     90     54     3.429     3.429     2.405     0.8314      0.8314      0.8314      0.7164
76      B         A           22           SER           90.66            90     90     54     3.429     3.429     2.405     0.6824      0.6824      0.6824      0.5319
77      B         A           23           SER           91.02            90     90     54     3.429     3.429     2.405     0.6401      0.6401      0.6401      0.4874
78      B         A           24           ASN           88.13            90     90     54     3.429     3.429     2.405     0.5592      0.5592      0.5592      0.4034
79      B         A           25           THR           90.09            90     90     54     3.429     3.429     2.405     0.6145      0.6145      0.6145      0.4519
80      B         A           26           PRO           95.04            90     90     54     3.429     3.429     2.405     0.7476      0.7476      0.7476      0.6025
81      B         A           27           PRO           95.68            90     90     54     3.429     3.429     2.405     0.8306      0.8306      0.8306      0.7149
82      B         A           28           LEU           93.19            90     90     54     3.429     3.429     2.405     0.7822      0.7822      0.7822      0.6459
83      B         A           29           THR           92.79            90     90     54     3.429     3.429     2.405     0.7681      0.7681      0.7681      0.6277
84      B         A           30           CYS           97.01            90     90     54     3.429     3.429     2.405     0.8518      0.8518      0.8518      0.7435
85      B         A           31           GLN           95.83            90     90     54     3.429     3.429     2.405     0.8044      0.8044      0.8044      0.6738
86      B         A           32           ARG           92.81            90     90     54     3.429     3.429     2.405     0.6544      0.6544      0.6544      0.4889
87      B         A           33           TYR           95.43            90     90     54     3.429     3.429     2.405     0.7960      0.7960      0.7960      0.6655
88      B         A           34           CYS           96.06            90     90     54     3.429     3.429     2.405     0.7485      0.7485      0.7485      0.6039
89      B         A           35           ASN           92.70            90     90     54     3.429     3.429     2.405     0.5653      0.5653      0.5653      0.3967
90      B         A           36           ALA           84.95            90     90     38     3.429     3.429     1.726     0.1415      0.1654      0.1654      0.0487
