i   AlignChn ScoredChain  AlignResNum  AlignResType  AlignRespLDDT      n0chn  n0dom  n0res    d0chn     d0dom     d0res   ipTM_pae  ipSAE_d0chn ipSAE_d0dom    ipSAE 
1       A         B            1           SER           94.86            90     90     36     3.429     3.429     1.621     0.2833      0.2833      0.2833      0.0875
2       A         B            2           GLU           95.09            90     90     36     3.429     3.429     1.621     0.6663      0.6663      0.6663      0.3360
3       A         B            3           GLU           96.69            90     90     36     3.429     3.429     1.621     0.6626      0.6626      0.6626      0.3340
4       A         B            4           GLU           96.05            90     90     36     3.429     3.429     1.621     0.7261      0.7261      0.7261      0.4003
5       A         B            5           TYR           95.05            90     90     36     3.429     3.429     1.621     0.8430      0.8430      0.8430      0.5683
6       A         B            6           GLN           95.47            90     90     36     3.429     3.429     1.621     0.8435      0.8435      0.8435      0.5731
7       A         B            7           LYS           97.23            90     90     36     3.429     3.429     1.621     0.8515      0.8515      0.8515      0.5870
8       A         B            8           LYS           96.93            90     90     36     3.429     3.429     1.621     0.8787      0.8787      0.8787      0.6400
9       A         B            9           MET           96.97            90     90     36     3.429     3.429     1.621     0.9138      0.9138      0.9138      0.7187
10      A         B           10           SER           97.72            90     90     36     3.429     3.429     1.621     0.9169      0.9169      0.9169      0.7278
11      A         B           11           GLU           97.76            90     90     36     3.429     3.429     1.621     0.9173      0.9173      0.9173      0.7288
12      A         B           12           GLU           98.20            90     90     36     3.429     3.429     1.621     0.9370      0.9370      0.9370      0.7807
13      A         B           13           ALA           98.58            90     90     36     3.429     3.429     1.621     0.9498      0.9498      0.9498      0.8184
14      A         B           14           ASN           97.81            90     90     36     3.429     3.429     1.621     0.9354      0.9354      0.9354      0.7770
15      A         B           15           LYS           97.71            90     90     36     3.429     3.429     1.621     0.9316      0.9316      0.9316      0.7653
16      A         B           16           VAL           98.20            90     90     36     3.429     3.429     1.621     0.9397      0.9397      0.9397      0.7866
17      A         B           17           THR           97.29            90     90     36     3.429     3.429     1.621     0.9353      0.9353      0.9353      0.7736
18      A         B           18           GLU           96.90            90     90     36     3.429     3.429     1.621     0.9221      0.9221      0.9221      0.7411
19      A         B           19           ASN           97.49            90     90     36     3.429     3.429     1.621     0.9190      0.9190      0.9190      0.7290
20      A         B           20           ALA           97.79            90     90     36     3.429     3.429     1.621     0.9042      0.9042      0.9042      0.6904
21      A         B           21           MET           96.89            90     90     36     3.429     3.429     1.621     0.8955      0.8955      0.8955      0.6688
22      A         B           22           LYS           97.94            90     90     36     3.429     3.429     1.621     0.8801      0.8801      0.8801      0.6364
23      A         B           23           ASN           97.66            90     90     36     3.429     3.429     1.621     0.8451      0.8451      0.8451      0.5607
24      A         B           24           PRO           98.16            90     90     36     3.429     3.429     1.621     0.8059      0.8059      0.8059      0.4941
25      A         B           25           GLU           98.29            90     90     36     3.429     3.429     1.621     0.8095      0.8095      0.8095      0.5006
26      A         B           26           GLU           97.83            90     90     36     3.429     3.429     1.621     0.9288      0.9288      0.9288      0.7522
27      A         B           27           TYR           98.25            90     90     36     3.429     3.429     1.621     0.9391      0.9391      0.9391      0.7810
28      A         B           28           LYS           97.62            90     90     36     3.429     3.429     1.621     0.9139      0.9139      0.9139      0.7118
29      A         B           29           ARG           97.94            90     90     36     3.429     3.429     1.621     0.9336      0.9336      0.9336      0.7671
30      A         B           30           VAL           98.58            90     90     36     3.429     3.429     1.621     0.9615      0.9615      0.9615      0.8536
31      A         B           31           SER           98.03            90     90     36     3.429     3.429     1.621     0.9495      0.9495      0.9495      0.8141
32      A         B           32           GLU           97.36            90     90     36     3.429     3.429     1.621     0.9333      0.9333      0.9333      0.7653
33      A         B           33           MET           98.32            90     90     36     3.429     3.429     1.621     0.9523      0.9523      0.9523      0.8247
34      A         B           34           LEU           98.19            90     90     36     3.429     3.429     1.621     0.9625      0.9625      0.9625      0.8562
35      A         B           35           ASN           96.72            90     90     36     3.429     3.429     1.621     0.9413      0.9413      0.9413      0.7897
36      A         B           36           THR           96.11            90     90     36     3.429     3.429     1.621     0.9258      0.9258      0.9258      0.7451
37      A         B           37           GLU           94.42            90     90     36     3.429     3.429     1.621     0.9101      0.9101      0.9101      0.7029
38      A         B           38           GLU           97.30            90     90     36     3.429     3.429     1.621     0.8808      0.8808      0.8808      0.6355
39      A         B           39           GLY           97.79            90     90     36     3.429     3.429     1.621     0.9181      0.9181      0.9181      0.7271
40      A         B           40           ARG           96.25            90     90     36     3.429     3.429     1.621     0.9411      0.9411      0.9411      0.7894
41      A         B           41           TYR           98.56            90     90     36     3.429     3.429     1.621     0.9465      0.9465      0.9465      0.8060
42      A         B           42           LYS           98.26            90     90     36     3.429     3.429     1.621     0.9263      0.9263      0.9263      0.7479
43      A         B           43           LEU           98.41            90     90     36     3.429     3.429     1.621     0.9464      0.9464      0.9464      0.8064
44      A         B           44           LYS           98.20            90     90     36     3.429     3.429     1.621     0.9486      0.9486      0.9486      0.8132
45      A         B           45           GLU           98.50            90     90     36     3.429     3.429     1.621     0.9311      0.9311      0.9311      0.7620
46      A         B           46           ILE           98.05            90     90     36     3.429     3.429     1.621     0.9386      0.9386      0.9386      0.7822
47      A         B           47           VAL           98.49            90     90     36     3.429     3.429     1.621     0.9377      0.9377      0.9377      0.7808
48      A         B           48           LEU           97.78            90     90     36     3.429     3.429     1.621     0.9332      0.9332      0.9332      0.7676
49      A         B           49           LYS           97.99            90     90     36     3.429     3.429     1.621     0.8903      0.8903      0.8903      0.6600
50      A         B           50           ARG           97.20            90     90     36     3.429     3.429     1.621     0.8948      0.8948      0.8948      0.6687
51      A         B           51           ILE           96.77            90     90     36     3.429     3.429     1.621     0.8799      0.8799      0.8799      0.6339
52      A         B           52           GLU           96.90            90     90     36     3.429     3.429     1.621     0.8351      0.8351      0.8351      0.5478
53      A         B           53           GLU           95.00            90     90     36     3.429     3.429     1.621     0.6481      0.6481      0.6481      0.3107
54      A         B           54           LYS           71.07            90     90     36     3.429     3.429     1.621     0.2243      0.2243      0.2243      0.0621
55      B         A            1           CYS           93.74            90     90     54     3.429     3.429     2.405     0.5394      0.5394      0.5394      0.3708
56      B         A            2           SER           89.67            90     90     54     3.429     3.429     2.405     0.6119      0.6119      0.6119      0.4439
57      B         A            3           GLN           92.02            90     90     54     3.429     3.429     2.405     0.5140      0.5140      0.5140      0.3480
58      B         A            4           ASN           94.38            90     90     54     3.429     3.429     2.405     0.7831      0.7831      0.7831      0.6488
59      B         A            5           GLU           97.06            90     90     54     3.429     3.429     2.405     0.9020      0.9020      0.9020      0.8219
60      B         A            6           TYR           97.27            90     90     54     3.429     3.429     2.405     0.9364      0.9364      0.9364      0.8800
61      B         A            7           PHE           97.17            90     90     54     3.429     3.429     2.405     0.9454      0.9454      0.9454      0.8960
62      B         A            8           ASP           97.82            90     90     54     3.429     3.429     2.405     0.9516      0.9516      0.9516      0.9074
63      B         A            9           SER           95.44            90     90     54     3.429     3.429     2.405     0.8909      0.8909      0.8909      0.8041
64      B         A           10           LEU           97.12            90     90     54     3.429     3.429     2.405     0.9530      0.9530      0.9530      0.9101
65      B         A           11           LEU           98.01            90     90     54     3.429     3.429     2.405     0.9583      0.9583      0.9583      0.9197
66      B         A           12           HIS           96.94            90     90     54     3.429     3.429     2.405     0.9424      0.9424      0.9424      0.8913
67      B         A           13           ALA           97.77            90     90     54     3.429     3.429     2.405     0.9296      0.9296      0.9296      0.8683
68      B         A           14           CYS           97.60            90     90     54     3.429     3.429     2.405     0.9440      0.9440      0.9440      0.8934
69      B         A           15           ILE           98.17            90     90     54     3.429     3.429     2.405     0.9507      0.9507      0.9507      0.9059
70      B         A           16           PRO           97.07            90     90     54     3.429     3.429     2.405     0.9403      0.9403      0.9403      0.8874
71      B         A           17           CYS           97.91            90     90     54     3.429     3.429     2.405     0.9251      0.9251      0.9251      0.8619
72      B         A           18           GLN           96.55            90     90     54     3.429     3.429     2.405     0.9051      0.9051      0.9051      0.8306
73      B         A           19           LEU           98.14            90     90     54     3.429     3.429     2.405     0.9416      0.9416      0.9416      0.8916
74      B         A           20           ARG           97.27            90     90     54     3.429     3.429     2.405     0.8978      0.8978      0.8978      0.8198
75      B         A           21           CYS           94.93            90     90     54     3.429     3.429     2.405     0.8321      0.8321      0.8321      0.7172
76      B         A           22           SER           90.50            90     90     54     3.429     3.429     2.405     0.6804      0.6804      0.6804      0.5291
77      B         A           23           SER           91.46            90     90     54     3.429     3.429     2.405     0.6429      0.6429      0.6429      0.4895
78      B         A           24           ASN           88.48            90     90     54     3.429     3.429     2.405     0.5403      0.5403      0.5403      0.3846
79      B         A           25           THR           89.53            90     90     54     3.429     3.429     2.405     0.6094      0.6094      0.6094      0.4462
80      B         A           26           PRO           94.79            90     90     54     3.429     3.429     2.405     0.7372      0.7372      0.7372      0.5892
81      B         A           27           PRO           95.77            90     90     54     3.429     3.429     2.405     0.8289      0.8289      0.8289      0.7119
82      B         A           28           LEU           93.64            90     90     54     3.429     3.429     2.405     0.7807      0.7807      0.7807      0.6439
83      B         A           29           THR           92.91            90     90     54     3.429     3.429     2.405     0.7649      0.7649      0.7649      0.6230
84      B         A           30           CYS           97.07            90     90     54     3.429     3.429     2.405     0.8543      0.8543      0.8543      0.7470
85      B         A           31           GLN           95.77            90     90     54     3.429     3.429     2.405     0.8075      0.8075      0.8075      0.6781
86      B         A           32           ARG           93.24            90     90     54     3.429     3.429     2.405     0.6646      0.6646      0.6646      0.5003
87      B         A           33           TYR           95.64            90     90     54     3.429     3.429     2.405     0.8014      0.8014      0.8014      0.6725
88      B         A           34           CYS           96.01            90     90     54     3.429     3.429     2.405     0.7462      0.7462      0.7462      0.6003
89      B         A           35           ASN           93.05            90     90     54     3.429     3.429     2.405     0.5612      0.5612      0.5612      0.3924
90      B         A           36           ALA           84.60            90     90     33     3.429     3.429     1.450     0.1303      0.1601      0.1601      0.0334
