i   AlignChn ScoredChain  AlignResNum  AlignResType  AlignRespLDDT      n0chn  n0dom  n0res    d0chn     d0dom     d0res   ipTM_pae  ipSAE_d0chn ipSAE_d0dom    ipSAE 
1       A         B            1           SER           95.09            90     90     36     3.429     3.429     1.621     0.2489      0.2489      0.2489      0.0738
2       A         B            2           GLU           95.28            90     90     36     3.429     3.429     1.621     0.6164      0.6164      0.6164      0.2891
3       A         B            3           GLU           96.68            90     90     36     3.429     3.429     1.621     0.6247      0.6247      0.6247      0.2982
4       A         B            4           GLU           95.96            90     90     36     3.429     3.429     1.621     0.6936      0.6936      0.6936      0.3635
5       A         B            5           TYR           95.24            90     90     36     3.429     3.429     1.621     0.8171      0.8171      0.8171      0.5257
6       A         B            6           GLN           95.64            90     90     36     3.429     3.429     1.621     0.8146      0.8146      0.8146      0.5242
7       A         B            7           LYS           97.24            90     90     36     3.429     3.429     1.621     0.8252      0.8252      0.8252      0.5410
8       A         B            8           LYS           96.99            90     90     36     3.429     3.429     1.621     0.8586      0.8586      0.8586      0.6008
9       A         B            9           MET           97.02            90     90     36     3.429     3.429     1.621     0.8934      0.8934      0.8934      0.6719
10      A         B           10           SER           97.72            90     90     36     3.429     3.429     1.621     0.8986      0.8986      0.8986      0.6849
11      A         B           11           GLU           97.83            90     90     36     3.429     3.429     1.621     0.9017      0.9017      0.9017      0.6926
12      A         B           12           GLU           98.27            90     90     36     3.429     3.429     1.621     0.9272      0.9272      0.9272      0.7547
13      A         B           13           ALA           98.63            90     90     36     3.429     3.429     1.621     0.9407      0.9407      0.9407      0.7926
14      A         B           14           ASN           97.94            90     90     36     3.429     3.429     1.621     0.9239      0.9239      0.9239      0.7467
15      A         B           15           LYS           97.98            90     90     36     3.429     3.429     1.621     0.9226      0.9226      0.9226      0.7424
16      A         B           16           VAL           98.49            90     90     36     3.429     3.429     1.621     0.9361      0.9361      0.9361      0.7771
17      A         B           17           THR           97.62            90     90     36     3.429     3.429     1.621     0.9302      0.9302      0.9302      0.7602
18      A         B           18           GLU           97.15            90     90     36     3.429     3.429     1.621     0.9117      0.9117      0.9117      0.7159
19      A         B           19           ASN           97.82            90     90     36     3.429     3.429     1.621     0.9088      0.9088      0.9088      0.7042
20      A         B           20           ALA           98.14            90     90     36     3.429     3.429     1.621     0.8980      0.8980      0.8980      0.6761
21      A         B           21           MET           97.17            90     90     36     3.429     3.429     1.621     0.8822      0.8822      0.8822      0.6394
22      A         B           22           LYS           98.07            90     90     36     3.429     3.429     1.621     0.8683      0.8683      0.8683      0.6131
23      A         B           23           ASN           97.97            90     90     36     3.429     3.429     1.621     0.8441      0.8441      0.8441      0.5592
24      A         B           24           PRO           98.29            90     90     36     3.429     3.429     1.621     0.7996      0.7996      0.7996      0.4843
25      A         B           25           GLU           98.43            90     90     36     3.429     3.429     1.621     0.8252      0.8252      0.8252      0.5269
26      A         B           26           GLU           98.04            90     90     36     3.429     3.429     1.621     0.9252      0.9252      0.9252      0.7429
27      A         B           27           TYR           98.38            90     90     36     3.429     3.429     1.621     0.9334      0.9334      0.9334      0.7649
28      A         B           28           LYS           97.82            90     90     36     3.429     3.429     1.621     0.9058      0.9058      0.9058      0.6919
29      A         B           29           ARG           98.10            90     90     36     3.429     3.429     1.621     0.9261      0.9261      0.9261      0.7471
30      A         B           30           VAL           98.65            90     90     36     3.429     3.429     1.621     0.9555      0.9555      0.9555      0.8347
31      A         B           31           SER           98.14            90     90     36     3.429     3.429     1.621     0.9423      0.9423      0.9423      0.7928
32      A         B           32           GLU           97.41            90     90     36     3.429     3.429     1.621     0.9236      0.9236      0.9236      0.7394
33      A         B           33           MET           98.43            90     90     36     3.429     3.429     1.621     0.9475      0.9475      0.9475      0.8105
34      A         B           34           LEU           98.25            90     90     36     3.429     3.429     1.621     0.9568      0.9568      0.9568      0.8381
35      A         B           35           ASN           97.18            90     90     36     3.429     3.429     1.621     0.9364      0.9364      0.9364      0.7757
36      A         B           36           THR           96.39            90     90     36     3.429     3.429     1.621     0.9155      0.9155      0.9155      0.7178
37      A         B           37           GLU           94.54            90     90     36     3.429     3.429     1.621     0.8958      0.8958      0.8958      0.6680
38      A         B           38           GLU           97.30            90     90     36     3.429     3.429     1.621     0.8705      0.8705      0.8705      0.6134
39      A         B           39           GLY           97.87            90     90     36     3.429     3.429     1.621     0.9076      0.9076      0.9076      0.7009
40      A         B           40           ARG           96.36            90     90     36     3.429     3.429     1.621     0.9311      0.9311      0.9311      0.7611
41      A         B           41           TYR           98.61            90     90     36     3.429     3.429     1.621     0.9389      0.9389      0.9389      0.7838
42      A         B           42           LYS           98.38            90     90     36     3.429     3.429     1.621     0.9164      0.9164      0.9164      0.7225
43      A         B           43           LEU           98.49            90     90     36     3.429     3.429     1.621     0.9391      0.9391      0.9391      0.7856
44      A         B           44           LYS           98.27            90     90     36     3.429     3.429     1.621     0.9400      0.9400      0.9400      0.7883
45      A         B           45           GLU           98.58            90     90     36     3.429     3.429     1.621     0.9209      0.9209      0.9209      0.7355
46      A         B           46           ILE           98.32            90     90     36     3.429     3.429     1.621     0.9293      0.9293      0.9293      0.7565
47      A         B           47           VAL           98.54            90     90     36     3.429     3.429     1.621     0.9257      0.9257      0.9257      0.7484
48      A         B           48           LEU           97.77            90     90     36     3.429     3.429     1.621     0.9218      0.9218      0.9218      0.7375
49      A         B           49           LYS           98.13            90     90     36     3.429     3.429     1.621     0.8710      0.8710      0.8710      0.6197
50      A         B           50           ARG           97.45            90     90     36     3.429     3.429     1.621     0.8766      0.8766      0.8766      0.6289
51      A         B           51           ILE           96.73            90     90     36     3.429     3.429     1.621     0.8553      0.8553      0.8553      0.5842
52      A         B           52           GLU           96.82            90     90     36     3.429     3.429     1.621     0.8008      0.8008      0.8008      0.4916
53      A         B           53           GLU           95.06            90     90     36     3.429     3.429     1.621     0.5768      0.5768      0.5768      0.2503
54      A         B           54           LYS           70.53            90     90     34     3.429     3.429     1.509     0.1651      0.1689      0.1689      0.0384
55      B         A            1           CYS           94.07            90     90     54     3.429     3.429     2.405     0.5356      0.5356      0.5356      0.3673
56      B         A            2           SER           89.97            90     90     54     3.429     3.429     2.405     0.5973      0.5973      0.5973      0.4288
57      B         A            3           GLN           91.90            90     90     54     3.429     3.429     2.405     0.4625      0.4625      0.4625      0.3024
58      B         A            4           ASN           94.27            90     90     54     3.429     3.429     2.405     0.7520      0.7520      0.7520      0.6084
59      B         A            5           GLU           97.09            90     90     54     3.429     3.429     2.405     0.8900      0.8900      0.8900      0.8029
60      B         A            6           TYR           97.22            90     90     54     3.429     3.429     2.405     0.9281      0.9281      0.9281      0.8659
61      B         A            7           PHE           97.11            90     90     54     3.429     3.429     2.405     0.9386      0.9386      0.9386      0.8842
62      B         A            8           ASP           97.86            90     90     54     3.429     3.429     2.405     0.9467      0.9467      0.9467      0.8987
63      B         A            9           SER           95.54            90     90     54     3.429     3.429     2.405     0.8926      0.8926      0.8926      0.8069
64      B         A           10           LEU           97.20            90     90     54     3.429     3.429     2.405     0.9475      0.9475      0.9475      0.9004
65      B         A           11           LEU           98.13            90     90     54     3.429     3.429     2.405     0.9533      0.9533      0.9533      0.9108
66      B         A           12           HIS           97.11            90     90     54     3.429     3.429     2.405     0.9358      0.9358      0.9358      0.8797
67      B         A           13           ALA           97.69            90     90     54     3.429     3.429     2.405     0.9191      0.9191      0.9191      0.8505
68      B         A           14           CYS           97.65            90     90     54     3.429     3.429     2.405     0.9378      0.9378      0.9378      0.8828
69      B         A           15           ILE           98.14            90     90     54     3.429     3.429     2.405     0.9424      0.9424      0.9424      0.8913
70      B         A           16           PRO           97.20            90     90     54     3.429     3.429     2.405     0.9316      0.9316      0.9316      0.8725
71      B         A           17           CYS           97.94            90     90     54     3.429     3.429     2.405     0.9172      0.9172      0.9172      0.8489
72      B         A           18           GLN           96.77            90     90     54     3.429     3.429     2.405     0.8928      0.8928      0.8928      0.8115
73      B         A           19           LEU           98.29            90     90     54     3.429     3.429     2.405     0.9336      0.9336      0.9336      0.8785
74      B         A           20           ARG           97.43            90     90     54     3.429     3.429     2.405     0.8855      0.8855      0.8855      0.8014
75      B         A           21           CYS           94.91            90     90     54     3.429     3.429     2.405     0.8073      0.8073      0.8073      0.6830
76      B         A           22           SER           90.30            90     90     54     3.429     3.429     2.405     0.6298      0.6298      0.6298      0.4746
77      B         A           23           SER           90.96            90     90     54     3.429     3.429     2.405     0.5837      0.5837      0.5837      0.4286
78      B         A           24           ASN           88.26            90     90     54     3.429     3.429     2.405     0.5092      0.5092      0.5092      0.3560
79      B         A           25           THR           89.30            90     90     54     3.429     3.429     2.405     0.5697      0.5697      0.5697      0.4069
80      B         A           26           PRO           94.84            90     90     54     3.429     3.429     2.405     0.7057      0.7057      0.7057      0.5522
81      B         A           27           PRO           95.62            90     90     54     3.429     3.429     2.405     0.8074      0.8074      0.8074      0.6825
82      B         A           28           LEU           93.29            90     90     54     3.429     3.429     2.405     0.7521      0.7521      0.7521      0.6068
83      B         A           29           THR           92.52            90     90     54     3.429     3.429     2.405     0.7325      0.7325      0.7325      0.5827
84      B         A           30           CYS           97.08            90     90     54     3.429     3.429     2.405     0.8326      0.8326      0.8326      0.7157
85      B         A           31           GLN           95.79            90     90     54     3.429     3.429     2.405     0.7819      0.7819      0.7819      0.6434
86      B         A           32           ARG           92.87            90     90     54     3.429     3.429     2.405     0.6250      0.6250      0.6250      0.4575
87      B         A           33           TYR           95.54            90     90     54     3.429     3.429     2.405     0.7733      0.7733      0.7733      0.6356
88      B         A           34           CYS           96.03            90     90     54     3.429     3.429     2.405     0.7045      0.7045      0.7045      0.5506
89      B         A           35           ASN           91.88            90     90     54     3.429     3.429     2.405     0.4903      0.4903      0.4903      0.3265
90      B         A           36           ALA           84.63            90     90     21     3.429     3.429     1.001     0.1070      0.1525      0.1525      0.0153
