i   AlignChn ScoredChain  AlignResNum  AlignResType  AlignRespLDDT      n0chn  n0dom  n0res    d0chn     d0dom     d0res   ipTM_pae  ipSAE_d0chn ipSAE_d0dom    ipSAE 
1       A         B            1           SER           94.93            90     90     36     3.429     3.429     1.621     0.2949      0.2949      0.2949      0.0925
2       A         B            2           GLU           95.34            90     90     36     3.429     3.429     1.621     0.6824      0.6824      0.6824      0.3532
3       A         B            3           GLU           96.75            90     90     36     3.429     3.429     1.621     0.6747      0.6747      0.6747      0.3466
4       A         B            4           GLU           95.97            90     90     36     3.429     3.429     1.621     0.7344      0.7344      0.7344      0.4110
5       A         B            5           TYR           95.26            90     90     36     3.429     3.429     1.621     0.8457      0.8457      0.8457      0.5740
6       A         B            6           GLN           95.84            90     90     36     3.429     3.429     1.621     0.8438      0.8438      0.8438      0.5740
7       A         B            7           LYS           97.26            90     90     36     3.429     3.429     1.621     0.8534      0.8534      0.8534      0.5906
8       A         B            8           LYS           96.85            90     90     36     3.429     3.429     1.621     0.8781      0.8781      0.8781      0.6388
9       A         B            9           MET           96.97            90     90     36     3.429     3.429     1.621     0.9110      0.9110      0.9110      0.7123
10      A         B           10           SER           97.76            90     90     36     3.429     3.429     1.621     0.9152      0.9152      0.9152      0.7239
11      A         B           11           GLU           97.69            90     90     36     3.429     3.429     1.621     0.9164      0.9164      0.9164      0.7270
12      A         B           12           GLU           98.20            90     90     36     3.429     3.429     1.621     0.9367      0.9367      0.9367      0.7799
13      A         B           13           ALA           98.58            90     90     36     3.429     3.429     1.621     0.9490      0.9490      0.9490      0.8161
14      A         B           14           ASN           97.83            90     90     36     3.429     3.429     1.621     0.9336      0.9336      0.9336      0.7721
15      A         B           15           LYS           97.69            90     90     36     3.429     3.429     1.621     0.9292      0.9292      0.9292      0.7590
16      A         B           16           VAL           98.27            90     90     36     3.429     3.429     1.621     0.9392      0.9392      0.9392      0.7850
17      A         B           17           THR           97.29            90     90     36     3.429     3.429     1.621     0.9340      0.9340      0.9340      0.7701
18      A         B           18           GLU           96.84            90     90     36     3.429     3.429     1.621     0.9192      0.9192      0.9192      0.7335
19      A         B           19           ASN           97.41            90     90     36     3.429     3.429     1.621     0.9137      0.9137      0.9137      0.7158
20      A         B           20           ALA           97.71            90     90     36     3.429     3.429     1.621     0.8996      0.8996      0.8996      0.6786
21      A         B           21           MET           96.61            90     90     36     3.429     3.429     1.621     0.8833      0.8833      0.8833      0.6412
22      A         B           22           LYS           97.83            90     90     36     3.429     3.429     1.621     0.8694      0.8694      0.8694      0.6145
23      A         B           23           ASN           97.71            90     90     36     3.429     3.429     1.621     0.8424      0.8424      0.8424      0.5555
24      A         B           24           PRO           98.18            90     90     36     3.429     3.429     1.621     0.8076      0.8076      0.8076      0.4965
25      A         B           25           GLU           98.35            90     90     36     3.429     3.429     1.621     0.8138      0.8138      0.8138      0.5072
26      A         B           26           GLU           97.90            90     90     36     3.429     3.429     1.621     0.9304      0.9304      0.9304      0.7564
27      A         B           27           TYR           98.30            90     90     36     3.429     3.429     1.621     0.9383      0.9383      0.9383      0.7785
28      A         B           28           LYS           97.90            90     90     36     3.429     3.429     1.621     0.9131      0.9131      0.9131      0.7099
29      A         B           29           ARG           98.00            90     90     36     3.429     3.429     1.621     0.9327      0.9327      0.9327      0.7645
30      A         B           30           VAL           98.56            90     90     36     3.429     3.429     1.621     0.9598      0.9598      0.9598      0.8480
31      A         B           31           SER           98.14            90     90     36     3.429     3.429     1.621     0.9494      0.9494      0.9494      0.8139
32      A         B           32           GLU           97.60            90     90     36     3.429     3.429     1.621     0.9330      0.9330      0.9330      0.7647
33      A         B           33           MET           98.37            90     90     36     3.429     3.429     1.621     0.9523      0.9523      0.9523      0.8244
34      A         B           34           LEU           98.30            90     90     36     3.429     3.429     1.621     0.9623      0.9623      0.9623      0.8555
35      A         B           35           ASN           97.43            90     90     36     3.429     3.429     1.621     0.9472      0.9472      0.9472      0.8073
36      A         B           36           THR           96.58            90     90     36     3.429     3.429     1.621     0.9295      0.9295      0.9295      0.7549
37      A         B           37           GLU           94.73            90     90     36     3.429     3.429     1.621     0.9112      0.9112      0.9112      0.7055
38      A         B           38           GLU           97.40            90     90     36     3.429     3.429     1.621     0.8831      0.8831      0.8831      0.6402
39      A         B           39           GLY           97.93            90     90     36     3.429     3.429     1.621     0.9208      0.9208      0.9208      0.7338
40      A         B           40           ARG           96.36            90     90     36     3.429     3.429     1.621     0.9435      0.9435      0.9435      0.7963
41      A         B           41           TYR           98.60            90     90     36     3.429     3.429     1.621     0.9488      0.9488      0.9488      0.8125
42      A         B           42           LYS           98.22            90     90     36     3.429     3.429     1.621     0.9282      0.9282      0.9282      0.7527
43      A         B           43           LEU           98.39            90     90     36     3.429     3.429     1.621     0.9461      0.9461      0.9461      0.8053
44      A         B           44           LYS           98.28            90     90     36     3.429     3.429     1.621     0.9477      0.9477      0.9477      0.8101
45      A         B           45           GLU           98.48            90     90     36     3.429     3.429     1.621     0.9321      0.9321      0.9321      0.7647
46      A         B           46           ILE           98.05            90     90     36     3.429     3.429     1.621     0.9397      0.9397      0.9397      0.7854
47      A         B           47           VAL           98.49            90     90     36     3.429     3.429     1.621     0.9377      0.9377      0.9377      0.7807
48      A         B           48           LEU           97.81            90     90     36     3.429     3.429     1.621     0.9334      0.9334      0.9334      0.7680
49      A         B           49           LYS           98.00            90     90     36     3.429     3.429     1.621     0.8893      0.8893      0.8893      0.6576
50      A         B           50           ARG           97.05            90     90     36     3.429     3.429     1.621     0.8887      0.8887      0.8887      0.6548
51      A         B           51           ILE           96.64            90     90     36     3.429     3.429     1.621     0.8752      0.8752      0.8752      0.6238
52      A         B           52           GLU           96.81            90     90     36     3.429     3.429     1.621     0.8255      0.8255      0.8255      0.5312
53      A         B           53           GLU           94.63            90     90     36     3.429     3.429     1.621     0.6126      0.6126      0.6126      0.2787
54      A         B           54           LYS           70.31            90     90     36     3.429     3.429     1.621     0.1797      0.1797      0.1797      0.0475
55      B         A            1           CYS           94.18            90     90     54     3.429     3.429     2.405     0.5613      0.5613      0.5613      0.3921
56      B         A            2           SER           90.08            90     90     54     3.429     3.429     2.405     0.6318      0.6318      0.6318      0.4648
57      B         A            3           GLN           92.15            90     90     54     3.429     3.429     2.405     0.5088      0.5088      0.5088      0.3430
58      B         A            4           ASN           94.17            90     90     54     3.429     3.429     2.405     0.7772      0.7772      0.7772      0.6408
59      B         A            5           GLU           97.07            90     90     54     3.429     3.429     2.405     0.9036      0.9036      0.9036      0.8247
60      B         A            6           TYR           97.19            90     90     54     3.429     3.429     2.405     0.9365      0.9365      0.9365      0.8803
61      B         A            7           PHE           97.16            90     90     54     3.429     3.429     2.405     0.9454      0.9454      0.9454      0.8962
62      B         A            8           ASP           97.85            90     90     54     3.429     3.429     2.405     0.9531      0.9531      0.9531      0.9102
63      B         A            9           SER           95.44            90     90     54     3.429     3.429     2.405     0.9006      0.9006      0.9006      0.8199
64      B         A           10           LEU           97.19            90     90     54     3.429     3.429     2.405     0.9536      0.9536      0.9536      0.9112
65      B         A           11           LEU           98.11            90     90     54     3.429     3.429     2.405     0.9602      0.9602      0.9602      0.9233
66      B         A           12           HIS           97.43            90     90     54     3.429     3.429     2.405     0.9484      0.9484      0.9484      0.9020
67      B         A           13           ALA           97.75            90     90     54     3.429     3.429     2.405     0.9318      0.9318      0.9318      0.8722
68      B         A           14           CYS           97.64            90     90     54     3.429     3.429     2.405     0.9458      0.9458      0.9458      0.8967
69      B         A           15           ILE           98.09            90     90     54     3.429     3.429     2.405     0.9495      0.9495      0.9495      0.9038
70      B         A           16           PRO           96.99            90     90     54     3.429     3.429     2.405     0.9390      0.9390      0.9390      0.8851
71      B         A           17           CYS           97.92            90     90     54     3.429     3.429     2.405     0.9224      0.9224      0.9224      0.8573
72      B         A           18           GLN           95.52            90     90     54     3.429     3.429     2.405     0.8612      0.8612      0.8612      0.7635
73      B         A           19           LEU           98.10            90     90     54     3.429     3.429     2.405     0.9384      0.9384      0.9384      0.8862
74      B         A           20           ARG           97.53            90     90     54     3.429     3.429     2.405     0.9052      0.9052      0.9052      0.8315
75      B         A           21           CYS           95.64            90     90     54     3.429     3.429     2.405     0.8485      0.8485      0.8485      0.7412
76      B         A           22           SER           91.61            90     90     54     3.429     3.429     2.405     0.6950      0.6950      0.6950      0.5474
77      B         A           23           SER           91.61            90     90     54     3.429     3.429     2.405     0.6542      0.6542      0.6542      0.5027
78      B         A           24           ASN           88.74            90     90     54     3.429     3.429     2.405     0.5664      0.5664      0.5664      0.4102
79      B         A           25           THR           90.47            90     90     54     3.429     3.429     2.405     0.6236      0.6236      0.6236      0.4614
80      B         A           26           PRO           95.23            90     90     54     3.429     3.429     2.405     0.7552      0.7552      0.7552      0.6123
81      B         A           27           PRO           95.82            90     90     54     3.429     3.429     2.405     0.8357      0.8357      0.8357      0.7220
82      B         A           28           LEU           93.03            90     90     54     3.429     3.429     2.405     0.7917      0.7917      0.7917      0.6590
83      B         A           29           THR           92.91            90     90     54     3.429     3.429     2.405     0.7714      0.7714      0.7714      0.6317
84      B         A           30           CYS           97.18            90     90     54     3.429     3.429     2.405     0.8560      0.8560      0.8560      0.7499
85      B         A           31           GLN           95.80            90     90     54     3.429     3.429     2.405     0.8158      0.8158      0.8158      0.6901
86      B         A           32           ARG           92.93            90     90     54     3.429     3.429     2.405     0.6587      0.6587      0.6587      0.4938
87      B         A           33           TYR           95.69            90     90     54     3.429     3.429     2.405     0.8015      0.8015      0.8015      0.6727
88      B         A           34           CYS           96.24            90     90     54     3.429     3.429     2.405     0.7432      0.7432      0.7432      0.5972
89      B         A           35           ASN           92.05            90     90     54     3.429     3.429     2.405     0.5304      0.5304      0.5304      0.3632
90      B         A           36           ALA           85.27            90     90     37     3.429     3.429     1.675     0.1368      0.1615      0.1615      0.0447
