i   AlignChn ScoredChain  AlignResNum  AlignResType  AlignRespLDDT      n0chn  n0dom  n0res    d0chn     d0dom     d0res   ipTM_pae  ipSAE_d0chn ipSAE_d0dom    ipSAE 
1       A         B            1           SER           94.67            90     90     33     3.429     3.429     1.450     0.1870      0.1951      0.1951      0.0439
2       A         B            2           GLU           95.07            90     90     36     3.429     3.429     1.621     0.5102      0.5102      0.5102      0.2083
3       A         B            3           GLU           96.60            90     90     36     3.429     3.429     1.621     0.5408      0.5408      0.5408      0.2303
4       A         B            4           GLU           95.84            90     90     36     3.429     3.429     1.621     0.6197      0.6197      0.6197      0.2911
5       A         B            5           TYR           94.98            90     90     36     3.429     3.429     1.621     0.7539      0.7539      0.7539      0.4339
6       A         B            6           GLN           95.44            90     90     36     3.429     3.429     1.621     0.7508      0.7508      0.7508      0.4333
7       A         B            7           LYS           97.29            90     90     36     3.429     3.429     1.621     0.7728      0.7728      0.7728      0.4615
8       A         B            8           LYS           96.93            90     90     36     3.429     3.429     1.621     0.8174      0.8174      0.8174      0.5293
9       A         B            9           MET           96.84            90     90     36     3.429     3.429     1.621     0.8536      0.8536      0.8536      0.5908
10      A         B           10           SER           97.66            90     90     36     3.429     3.429     1.621     0.8654      0.8654      0.8654      0.6151
11      A         B           11           GLU           97.79            90     90     36     3.429     3.429     1.621     0.8756      0.8756      0.8756      0.6362
12      A         B           12           GLU           98.24            90     90     36     3.429     3.429     1.621     0.9069      0.9069      0.9069      0.7053
13      A         B           13           ALA           98.60            90     90     36     3.429     3.429     1.621     0.9229      0.9229      0.9229      0.7467
14      A         B           14           ASN           97.91            90     90     36     3.429     3.429     1.621     0.9019      0.9019      0.9019      0.6935
15      A         B           15           LYS           97.91            90     90     36     3.429     3.429     1.621     0.9010      0.9010      0.9010      0.6912
16      A         B           16           VAL           98.34            90     90     36     3.429     3.429     1.621     0.9123      0.9123      0.9123      0.7154
17      A         B           17           THR           97.49            90     90     36     3.429     3.429     1.621     0.9082      0.9082      0.9082      0.7048
18      A         B           18           GLU           97.07            90     90     36     3.429     3.429     1.621     0.8870      0.8870      0.8870      0.6605
19      A         B           19           ASN           97.72            90     90     36     3.429     3.429     1.621     0.8846      0.8846      0.8846      0.6499
20      A         B           20           ALA           98.09            90     90     36     3.429     3.429     1.621     0.8697      0.8697      0.8697      0.6151
21      A         B           21           MET           97.18            90     90     36     3.429     3.429     1.621     0.8462      0.8462      0.8462      0.5684
22      A         B           22           LYS           98.03            90     90     36     3.429     3.429     1.621     0.8314      0.8314      0.8314      0.5452
23      A         B           23           ASN           97.79            90     90     36     3.429     3.429     1.621     0.7937      0.7937      0.7937      0.4755
24      A         B           24           PRO           98.24            90     90     36     3.429     3.429     1.621     0.7616      0.7616      0.7616      0.4299
25      A         B           25           GLU           98.42            90     90     36     3.429     3.429     1.621     0.7798      0.7798      0.7798      0.4559
26      A         B           26           GLU           97.96            90     90     36     3.429     3.429     1.621     0.9040      0.9040      0.9040      0.6893
27      A         B           27           TYR           98.37            90     90     36     3.429     3.429     1.621     0.9155      0.9155      0.9155      0.7173
28      A         B           28           LYS           97.77            90     90     36     3.429     3.429     1.621     0.8842      0.8842      0.8842      0.6424
29      A         B           29           ARG           98.06            90     90     36     3.429     3.429     1.621     0.9084      0.9084      0.9084      0.7027
30      A         B           30           VAL           98.62            90     90     36     3.429     3.429     1.621     0.9457      0.9457      0.9457      0.8057
31      A         B           31           SER           98.15            90     90     36     3.429     3.429     1.621     0.9279      0.9279      0.9279      0.7526
32      A         B           32           GLU           97.45            90     90     36     3.429     3.429     1.621     0.9076      0.9076      0.9076      0.6991
33      A         B           33           MET           98.39            90     90     36     3.429     3.429     1.621     0.9324      0.9324      0.9324      0.7677
34      A         B           34           LEU           98.27            90     90     36     3.429     3.429     1.621     0.9444      0.9444      0.9444      0.8005
35      A         B           35           ASN           97.11            90     90     36     3.429     3.429     1.621     0.9153      0.9153      0.9153      0.7190
36      A         B           36           THR           96.24            90     90     36     3.429     3.429     1.621     0.8930      0.8930      0.8930      0.6635
37      A         B           37           GLU           94.34            90     90     36     3.429     3.429     1.621     0.8667      0.8667      0.8667      0.6041
38      A         B           38           GLU           97.26            90     90     36     3.429     3.429     1.621     0.8273      0.8273      0.8273      0.5315
39      A         B           39           GLY           97.85            90     90     36     3.429     3.429     1.621     0.8827      0.8827      0.8827      0.6444
40      A         B           40           ARG           96.27            90     90     36     3.429     3.429     1.621     0.9052      0.9052      0.9052      0.6945
41      A         B           41           TYR           98.55            90     90     36     3.429     3.429     1.621     0.9203      0.9203      0.9203      0.7340
42      A         B           42           LYS           98.21            90     90     36     3.429     3.429     1.621     0.8914      0.8914      0.8914      0.6632
43      A         B           43           LEU           98.44            90     90     36     3.429     3.429     1.621     0.9199      0.9199      0.9199      0.7349
44      A         B           44           LYS           98.18            90     90     36     3.429     3.429     1.621     0.9193      0.9193      0.9193      0.7326
45      A         B           45           GLU           98.45            90     90     36     3.429     3.429     1.621     0.8958      0.8958      0.8958      0.6751
46      A         B           46           ILE           98.09            90     90     36     3.429     3.429     1.621     0.9089      0.9089      0.9089      0.7053
47      A         B           47           VAL           98.48            90     90     36     3.429     3.429     1.621     0.9038      0.9038      0.9038      0.6947
48      A         B           48           LEU           97.69            90     90     36     3.429     3.429     1.621     0.8983      0.8983      0.8983      0.6803
49      A         B           49           LYS           98.04            90     90     36     3.429     3.429     1.621     0.8379      0.8379      0.8379      0.5573
50      A         B           50           ARG           97.40            90     90     36     3.429     3.429     1.621     0.8381      0.8381      0.8381      0.5546
51      A         B           51           ILE           96.70            90     90     36     3.429     3.429     1.621     0.8120      0.8120      0.8120      0.5080
52      A         B           52           GLU           96.53            90     90     36     3.429     3.429     1.621     0.7412      0.7412      0.7412      0.4078
53      A         B           53           GLU           94.96            90     90     36     3.429     3.429     1.621     0.4643      0.4643      0.4643      0.1740
54      A         B           54           LYS           70.48            90     90     12     3.429     3.429     1.001     0.1048      0.1423      0.1423      0.0140
55      B         A            1           CYS           93.76            90     90     54     3.429     3.429     2.405     0.4866      0.4866      0.4866      0.3228
56      B         A            2           SER           90.85            90     90     54     3.429     3.429     2.405     0.6093      0.6093      0.6093      0.4409
57      B         A            3           GLN           92.20            90     90     54     3.429     3.429     2.405     0.4591      0.4591      0.4591      0.2998
58      B         A            4           ASN           94.08            90     90     54     3.429     3.429     2.405     0.7219      0.7219      0.7219      0.5720
59      B         A            5           GLU           97.16            90     90     54     3.429     3.429     2.405     0.8678      0.8678      0.8678      0.7690
60      B         A            6           TYR           97.10            90     90     54     3.429     3.429     2.405     0.9093      0.9093      0.9093      0.8347
61      B         A            7           PHE           97.09            90     90     54     3.429     3.429     2.405     0.9212      0.9212      0.9212      0.8546
62      B         A            8           ASP           97.83            90     90     54     3.429     3.429     2.405     0.9298      0.9298      0.9298      0.8696
63      B         A            9           SER           95.24            90     90     54     3.429     3.429     2.405     0.8612      0.8612      0.8612      0.7584
64      B         A           10           LEU           97.07            90     90     54     3.429     3.429     2.405     0.9285      0.9285      0.9285      0.8675
65      B         A           11           LEU           98.06            90     90     54     3.429     3.429     2.405     0.9363      0.9363      0.9363      0.8812
66      B         A           12           HIS           96.90            90     90     54     3.429     3.429     2.405     0.9140      0.9140      0.9140      0.8430
67      B         A           13           ALA           97.75            90     90     54     3.429     3.429     2.405     0.8989      0.8989      0.8989      0.8174
68      B         A           14           CYS           97.57            90     90     54     3.429     3.429     2.405     0.9214      0.9214      0.9214      0.8550
69      B         A           15           ILE           98.19            90     90     54     3.429     3.429     2.405     0.9256      0.9256      0.9256      0.8628
70      B         A           16           PRO           97.36            90     90     54     3.429     3.429     2.405     0.9160      0.9160      0.9160      0.8469
71      B         A           17           CYS           97.99            90     90     54     3.429     3.429     2.405     0.8977      0.8977      0.8977      0.8182
72      B         A           18           GLN           96.96            90     90     54     3.429     3.429     2.405     0.8712      0.8712      0.8712      0.7798
73      B         A           19           LEU           98.34            90     90     54     3.429     3.429     2.405     0.9168      0.9168      0.9168      0.8519
74      B         A           20           ARG           97.50            90     90     54     3.429     3.429     2.405     0.8550      0.8550      0.8550      0.7571
75      B         A           21           CYS           94.91            90     90     54     3.429     3.429     2.405     0.7619      0.7619      0.7619      0.6235
76      B         A           22           SER           90.65            90     90     54     3.429     3.429     2.405     0.5710      0.5710      0.5710      0.4135
77      B         A           23           SER           90.70            90     90     54     3.429     3.429     2.405     0.4948      0.4948      0.4948      0.3431
78      B         A           24           ASN           88.16            90     90     54     3.429     3.429     2.405     0.4225      0.4225      0.4225      0.2792
79      B         A           25           THR           89.88            90     90     54     3.429     3.429     2.405     0.4866      0.4866      0.4866      0.3291
80      B         A           26           PRO           94.92            90     90     54     3.429     3.429     2.405     0.6456      0.6456      0.6456      0.4841
81      B         A           27           PRO           95.64            90     90     54     3.429     3.429     2.405     0.7631      0.7631      0.7631      0.6238
82      B         A           28           LEU           93.40            90     90     54     3.429     3.429     2.405     0.7037      0.7037      0.7037      0.5482
83      B         A           29           THR           92.67            90     90     54     3.429     3.429     2.405     0.6912      0.6912      0.6912      0.5332
84      B         A           30           CYS           97.13            90     90     54     3.429     3.429     2.405     0.7905      0.7905      0.7905      0.6570
85      B         A           31           GLN           95.94            90     90     54     3.429     3.429     2.405     0.7344      0.7344      0.7344      0.5827
86      B         A           32           ARG           93.16            90     90     54     3.429     3.429     2.405     0.5767      0.5767      0.5767      0.4085
87      B         A           33           TYR           95.55            90     90     54     3.429     3.429     2.405     0.7233      0.7233      0.7233      0.5725
88      B         A           34           CYS           95.96            90     90     54     3.429     3.429     2.405     0.6522      0.6522      0.6522      0.4911
89      B         A           35           ASN           92.06            90     90     54     3.429     3.429     2.405     0.4304      0.4304      0.4304      0.2759
90      B         A           36           ALA           84.69            90     90     15     3.429     3.429     1.001     0.0901      0.1388      0.1388      0.0137
