i   AlignChn ScoredChain  AlignResNum  AlignResType  AlignRespLDDT      n0chn  n0dom  n0res    d0chn     d0dom     d0res   ipTM_pae  ipSAE_d0chn ipSAE_d0dom    ipSAE 
1       A         B            1           MET           75.92            90     90     31     3.429     3.429     1.325     0.1741      0.1887      0.1887      0.0344
2       A         B            2           LYS           89.57            90     90     36     3.429     3.429     1.621     0.5687      0.5687      0.5687      0.2379
3       A         B            3           ILE           96.97            90     90     36     3.429     3.429     1.621     0.8641      0.8641      0.8641      0.5967
4       A         B            4           SER           95.41            90     90     36     3.429     3.429     1.621     0.8964      0.8964      0.8964      0.6687
5       A         B            5           GLU           90.79            90     90     36     3.429     3.429     1.621     0.9089      0.9089      0.9089      0.6990
6       A         B            6           GLY           92.65            90     90     36     3.429     3.429     1.621     0.8966      0.8966      0.8966      0.6686
7       A         B            7           GLU           96.77            90     90     36     3.429     3.429     1.621     0.9204      0.9204      0.9204      0.7312
8       A         B            8           ALA           96.52            90     90     36     3.429     3.429     1.621     0.9414      0.9414      0.9414      0.7911
9       A         B            9           HIS           95.05            90     90     36     3.429     3.429     1.621     0.9477      0.9477      0.9477      0.8080
10      A         B           10           GLN           96.20            90     90     36     3.429     3.429     1.621     0.9388      0.9388      0.9388      0.7814
11      A         B           11           LYS           97.88            90     90     36     3.429     3.429     1.621     0.9473      0.9473      0.9473      0.8099
12      A         B           12           PHE           97.84            90     90     36     3.429     3.429     1.621     0.9607      0.9607      0.9607      0.8520
13      A         B           13           MET           96.36            90     90     36     3.429     3.429     1.621     0.9528      0.9528      0.9528      0.8263
14      A         B           14           GLU           98.40            90     90     36     3.429     3.429     1.621     0.9437      0.9437      0.9437      0.7975
15      A         B           15           ILE           98.69            90     90     36     3.429     3.429     1.621     0.9513      0.9513      0.9513      0.8226
16      A         B           16           LYS           97.73            90     90     36     3.429     3.429     1.621     0.9454      0.9454      0.9454      0.8046
17      A         B           17           GLU           98.16            90     90     36     3.429     3.429     1.621     0.9469      0.9469      0.9469      0.8081
18      A         B           18           GLU           98.64            90     90     36     3.429     3.429     1.621     0.9325      0.9325      0.9325      0.7657
19      A         B           19           PHE           98.80            90     90     36     3.429     3.429     1.621     0.9385      0.9385      0.9385      0.7849
20      A         B           20           ARG           97.84            90     90     36     3.429     3.429     1.621     0.9141      0.9141      0.9141      0.7194
21      A         B           21           ARG           98.53            90     90     36     3.429     3.429     1.621     0.9172      0.9172      0.9172      0.7238
22      A         B           22           LYS           98.60            90     90     36     3.429     3.429     1.621     0.8938      0.8938      0.8938      0.6673
23      A         B           23           ARG           97.85            90     90     36     3.429     3.429     1.621     0.8551      0.8551      0.8551      0.5886
24      A         B           24           LYS           98.11            90     90     36     3.429     3.429     1.621     0.8681      0.8681      0.8681      0.6142
25      A         B           25           GLU           97.93            90     90     36     3.429     3.429     1.621     0.8196      0.8196      0.8196      0.5185
26      A         B           26           ALA           97.90            90     90     36     3.429     3.429     1.621     0.7194      0.7194      0.7194      0.3821
27      A         B           27           GLU           96.08            90     90     36     3.429     3.429     1.621     0.6719      0.6719      0.6719      0.3300
28      A         B           28           PRO           97.73            90     90     36     3.429     3.429     1.621     0.6029      0.6029      0.6029      0.2664
29      A         B           29           LEU           92.72            90     90     36     3.429     3.429     1.621     0.6317      0.6317      0.6317      0.2925
30      A         B           30           GLY           97.26            90     90     36     3.429     3.429     1.621     0.5557      0.5557      0.5557      0.2379
31      A         B           31           GLU           96.51            90     90     36     3.429     3.429     1.621     0.6907      0.6907      0.6907      0.3579
32      A         B           32           GLU           98.25            90     90     36     3.429     3.429     1.621     0.7264      0.7264      0.7264      0.3969
33      A         B           33           GLU           98.03            90     90     36     3.429     3.429     1.621     0.8390      0.8390      0.8390      0.5586
34      A         B           34           ILE           98.26            90     90     36     3.429     3.429     1.621     0.8858      0.8858      0.8858      0.6541
35      A         B           35           GLU           98.34            90     90     36     3.429     3.429     1.621     0.8757      0.8757      0.8757      0.6329
36      A         B           36           LYS           98.57            90     90     36     3.429     3.429     1.621     0.8701      0.8701      0.8701      0.6212
37      A         B           37           LEU           98.73            90     90     36     3.429     3.429     1.621     0.9222      0.9222      0.9222      0.7412
38      A         B           38           ARG           98.50            90     90     36     3.429     3.429     1.621     0.9252      0.9252      0.9252      0.7498
39      A         B           39           GLU           98.58            90     90     36     3.429     3.429     1.621     0.9114      0.9114      0.9114      0.7144
40      A         B           40           GLU           98.56            90     90     36     3.429     3.429     1.621     0.9215      0.9215      0.9215      0.7386
41      A         B           41           ALA           98.86            90     90     36     3.429     3.429     1.621     0.9480      0.9480      0.9480      0.8140
42      A         B           42           LEU           98.60            90     90     36     3.429     3.429     1.621     0.9450      0.9450      0.9450      0.8039
43      A         B           43           GLU           98.79            90     90     36     3.429     3.429     1.621     0.9279      0.9279      0.9279      0.7571
44      A         B           44           LYS           98.79            90     90     36     3.429     3.429     1.621     0.9449      0.9449      0.9449      0.8031
45      A         B           45           VAL           98.46            90     90     36     3.429     3.429     1.621     0.9545      0.9545      0.9545      0.8332
46      A         B           46           LYS           97.89            90     90     36     3.429     3.429     1.621     0.9352      0.9352      0.9352      0.7761
47      A         B           47           GLU           97.97            90     90     36     3.429     3.429     1.621     0.9270      0.9270      0.9270      0.7523
48      A         B           48           ILE           97.84            90     90     36     3.429     3.429     1.621     0.9376      0.9376      0.9376      0.7788
49      A         B           49           TRP           97.58            90     90     36     3.429     3.429     1.621     0.9407      0.9407      0.9407      0.7877
50      A         B           50           GLN           97.59            90     90     36     3.429     3.429     1.621     0.9237      0.9237      0.9237      0.7445
51      A         B           51           GLN           97.42            90     90     36     3.429     3.429     1.621     0.9091      0.9091      0.9091      0.7006
52      A         B           52           TYR           96.64            90     90     36     3.429     3.429     1.621     0.9129      0.9129      0.9129      0.7081
53      A         B           53           GLN           94.78            90     90     36     3.429     3.429     1.621     0.8213      0.8213      0.8213      0.5211
54      A         B           54           LEU           91.75            90     90     36     3.429     3.429     1.621     0.6580      0.6580      0.6580      0.3157
55      B         A            1           CYS           94.09            90     90     54     3.429     3.429     2.405     0.5470      0.5470      0.5470      0.3763
56      B         A            2           SER           90.98            90     90     54     3.429     3.429     2.405     0.6674      0.6674      0.6674      0.5009
57      B         A            3           GLN           90.02            90     90     54     3.429     3.429     2.405     0.6042      0.6042      0.6042      0.4394
58      B         A            4           ASN           91.60            90     90     54     3.429     3.429     2.405     0.7914      0.7914      0.7914      0.6608
59      B         A            5           GLU           96.20            90     90     54     3.429     3.429     2.405     0.8916      0.8916      0.8916      0.8046
60      B         A            6           TYR           96.39            90     90     54     3.429     3.429     2.405     0.9286      0.9286      0.9286      0.8662
61      B         A            7           PHE           96.70            90     90     54     3.429     3.429     2.405     0.9382      0.9382      0.9382      0.8833
62      B         A            8           ASP           97.80            90     90     54     3.429     3.429     2.405     0.9483      0.9483      0.9483      0.9016
63      B         A            9           SER           95.71            90     90     54     3.429     3.429     2.405     0.9082      0.9082      0.9082      0.8328
64      B         A           10           LEU           97.47            90     90     54     3.429     3.429     2.405     0.9534      0.9534      0.9534      0.9117
65      B         A           11           LEU           98.48            90     90     54     3.429     3.429     2.405     0.9584      0.9584      0.9584      0.9205
66      B         A           12           HIS           97.42            90     90     54     3.429     3.429     2.405     0.9403      0.9403      0.9403      0.8882
67      B         A           13           ALA           97.79            90     90     54     3.429     3.429     2.405     0.9266      0.9266      0.9266      0.8632
68      B         A           14           CYS           97.58            90     90     54     3.429     3.429     2.405     0.9318      0.9318      0.9318      0.8722
69      B         A           15           ILE           97.54            90     90     54     3.429     3.429     2.405     0.9410      0.9410      0.9410      0.8886
70      B         A           16           PRO           96.38            90     90     54     3.429     3.429     2.405     0.9246      0.9246      0.9246      0.8604
71      B         A           17           CYS           96.16            90     90     54     3.429     3.429     2.405     0.9000      0.9000      0.9000      0.8211
72      B         A           18           GLN           93.93            90     90     54     3.429     3.429     2.405     0.8892      0.8892      0.8892      0.8062
73      B         A           19           LEU           96.55            90     90     54     3.429     3.429     2.405     0.9257      0.9257      0.9257      0.8639
74      B         A           20           ARG           95.15            90     90     54     3.429     3.429     2.405     0.8763      0.8763      0.8763      0.7860
75      B         A           21           CYS           90.76            90     90     54     3.429     3.429     2.405     0.8046      0.8046      0.8046      0.6817
76      B         A           22           SER           85.18            90     90     54     3.429     3.429     2.405     0.6601      0.6601      0.6601      0.5074
77      B         A           23           SER           89.31            90     90     54     3.429     3.429     2.405     0.6626      0.6626      0.6626      0.5090
78      B         A           24           ASN           86.02            90     90     54     3.429     3.429     2.405     0.5505      0.5505      0.5505      0.3940
79      B         A           25           THR           87.74            90     90     54     3.429     3.429     2.405     0.5823      0.5823      0.5823      0.4173
80      B         A           26           PRO           91.12            90     90     54     3.429     3.429     2.405     0.7069      0.7069      0.7069      0.5517
81      B         A           27           PRO           93.08            90     90     54     3.429     3.429     2.405     0.7984      0.7984      0.7984      0.6685
82      B         A           28           LEU           91.65            90     90     54     3.429     3.429     2.405     0.7618      0.7618      0.7618      0.6181
83      B         A           29           THR           90.66            90     90     54     3.429     3.429     2.405     0.7409      0.7409      0.7409      0.5926
84      B         A           30           CYS           94.75            90     90     54     3.429     3.429     2.405     0.8089      0.8089      0.8089      0.6813
85      B         A           31           GLN           92.56            90     90     54     3.429     3.429     2.405     0.7409      0.7409      0.7409      0.5895
86      B         A           32           ARG           89.80            90     90     54     3.429     3.429     2.405     0.5980      0.5980      0.5980      0.4275
87      B         A           33           TYR           90.77            90     90     54     3.429     3.429     2.405     0.7135      0.7135      0.7135      0.5597
88      B         A           34           CYS           91.85            90     90     54     3.429     3.429     2.405     0.6698      0.6698      0.6698      0.5114
89      B         A           35           ASN           86.48            90     90     54     3.429     3.429     2.405     0.4874      0.4874      0.4874      0.3251
90      B         A           36           ALA           73.77            90     90     33     3.429     3.429     1.450     0.1270      0.1526      0.1526      0.0315
