i   AlignChn ScoredChain  AlignResNum  AlignResType  AlignRespLDDT      n0chn  n0dom  n0res    d0chn     d0dom     d0res   ipTM_pae  ipSAE_d0chn ipSAE_d0dom    ipSAE 
1       A         B            1           MET           68.28            90     90     33     3.429     3.429     1.450     0.2166      0.2273      0.2273      0.0517
2       A         B            2           LYS           84.37            90     90     36     3.429     3.429     1.621     0.5916      0.5916      0.5916      0.2561
3       A         B            3           ILE           96.65            90     90     36     3.429     3.429     1.621     0.8917      0.8917      0.8917      0.6566
4       A         B            4           SER           95.87            90     90     36     3.429     3.429     1.621     0.9331      0.9331      0.9331      0.7638
5       A         B            5           GLU           92.26            90     90     36     3.429     3.429     1.621     0.9418      0.9418      0.9418      0.7889
6       A         B            6           GLY           94.87            90     90     36     3.429     3.429     1.621     0.9363      0.9363      0.9363      0.7722
7       A         B            7           GLU           97.13            90     90     36     3.429     3.429     1.621     0.9480      0.9480      0.9480      0.8080
8       A         B            8           ALA           96.86            90     90     36     3.429     3.429     1.621     0.9632      0.9632      0.9632      0.8582
9       A         B            9           HIS           95.99            90     90     36     3.429     3.429     1.621     0.9682      0.9682      0.9682      0.8747
10      A         B           10           GLN           96.48            90     90     36     3.429     3.429     1.621     0.9593      0.9593      0.9593      0.8437
11      A         B           11           LYS           97.93            90     90     36     3.429     3.429     1.621     0.9644      0.9644      0.9644      0.8629
12      A         B           12           PHE           97.83            90     90     36     3.429     3.429     1.621     0.9737      0.9737      0.9737      0.8953
13      A         B           13           MET           96.62            90     90     36     3.429     3.429     1.621     0.9695      0.9695      0.9695      0.8798
14      A         B           14           GLU           98.37            90     90     36     3.429     3.429     1.621     0.9619      0.9619      0.9619      0.8533
15      A         B           15           ILE           98.64            90     90     36     3.429     3.429     1.621     0.9659      0.9659      0.9659      0.8680
16      A         B           16           LYS           97.74            90     90     36     3.429     3.429     1.621     0.9617      0.9617      0.9617      0.8538
17      A         B           17           GLU           98.23            90     90     36     3.429     3.429     1.621     0.9644      0.9644      0.9644      0.8623
18      A         B           18           GLU           98.59            90     90     36     3.429     3.429     1.621     0.9523      0.9523      0.9523      0.8225
19      A         B           19           PHE           98.76            90     90     36     3.429     3.429     1.621     0.9561      0.9561      0.9561      0.8358
20      A         B           20           ARG           98.17            90     90     36     3.429     3.429     1.621     0.9479      0.9479      0.9479      0.8100
21      A         B           21           ARG           98.50            90     90     36     3.429     3.429     1.621     0.9422      0.9422      0.9422      0.7909
22      A         B           22           LYS           98.52            90     90     36     3.429     3.429     1.621     0.9215      0.9215      0.9215      0.7334
23      A         B           23           ARG           97.93            90     90     36     3.429     3.429     1.621     0.8953      0.8953      0.8953      0.6706
24      A         B           24           LYS           98.19            90     90     36     3.429     3.429     1.621     0.9072      0.9072      0.9072      0.6984
25      A         B           25           GLU           98.01            90     90     36     3.429     3.429     1.621     0.8709      0.8709      0.8709      0.6125
26      A         B           26           ALA           98.02            90     90     36     3.429     3.429     1.621     0.7977      0.7977      0.7977      0.4850
27      A         B           27           GLU           96.26            90     90     36     3.429     3.429     1.621     0.7636      0.7636      0.7636      0.4358
28      A         B           28           PRO           97.75            90     90     36     3.429     3.429     1.621     0.6966      0.6966      0.6966      0.3542
29      A         B           29           LEU           94.77            90     90     36     3.429     3.429     1.621     0.7468      0.7468      0.7468      0.4137
30      A         B           30           GLY           97.45            90     90     36     3.429     3.429     1.621     0.6584      0.6584      0.6584      0.3255
31      A         B           31           GLU           96.76            90     90     36     3.429     3.429     1.621     0.7886      0.7886      0.7886      0.4782
32      A         B           32           GLU           98.32            90     90     36     3.429     3.429     1.621     0.8065      0.8065      0.8065      0.5037
33      A         B           33           GLU           98.15            90     90     36     3.429     3.429     1.621     0.8851      0.8851      0.8851      0.6468
34      A         B           34           ILE           98.33            90     90     36     3.429     3.429     1.621     0.9250      0.9250      0.9250      0.7453
35      A         B           35           GLU           98.36            90     90     36     3.429     3.429     1.621     0.9132      0.9132      0.9132      0.7151
36      A         B           36           LYS           98.60            90     90     36     3.429     3.429     1.621     0.9067      0.9067      0.9067      0.6990
37      A         B           37           LEU           98.66            90     90     36     3.429     3.429     1.621     0.9458      0.9458      0.9458      0.8043
38      A         B           38           ARG           98.49            90     90     36     3.429     3.429     1.621     0.9483      0.9483      0.9483      0.8122
39      A         B           39           GLU           98.51            90     90     36     3.429     3.429     1.621     0.9367      0.9367      0.9367      0.7778
40      A         B           40           GLU           98.44            90     90     36     3.429     3.429     1.621     0.9426      0.9426      0.9426      0.7941
41      A         B           41           ALA           98.80            90     90     36     3.429     3.429     1.621     0.9629      0.9629      0.9629      0.8585
42      A         B           42           LEU           98.37            90     90     36     3.429     3.429     1.621     0.9593      0.9593      0.9593      0.8461
43      A         B           43           GLU           98.69            90     90     36     3.429     3.429     1.621     0.9477      0.9477      0.9477      0.8103
44      A         B           44           LYS           98.72            90     90     36     3.429     3.429     1.621     0.9615      0.9615      0.9615      0.8529
45      A         B           45           VAL           98.39            90     90     36     3.429     3.429     1.621     0.9678      0.9678      0.9678      0.8743
46      A         B           46           LYS           97.67            90     90     36     3.429     3.429     1.621     0.9533      0.9533      0.9533      0.8272
47      A         B           47           GLU           97.82            90     90     36     3.429     3.429     1.621     0.9466      0.9466      0.9466      0.8056
48      A         B           48           ILE           97.88            90     90     36     3.429     3.429     1.621     0.9591      0.9591      0.9591      0.8435
49      A         B           49           TRP           97.45            90     90     36     3.429     3.429     1.621     0.9573      0.9573      0.9573      0.8378
50      A         B           50           GLN           97.26            90     90     36     3.429     3.429     1.621     0.9435      0.9435      0.9435      0.7968
51      A         B           51           GLN           97.43            90     90     36     3.429     3.429     1.621     0.9330      0.9330      0.9330      0.7628
52      A         B           52           TYR           96.54            90     90     36     3.429     3.429     1.621     0.9367      0.9367      0.9367      0.7726
53      A         B           53           GLN           94.45            90     90     36     3.429     3.429     1.621     0.8622      0.8622      0.8622      0.5951
54      A         B           54           LEU           90.33            90     90     36     3.429     3.429     1.621     0.7002      0.7002      0.7002      0.3598
55      B         A            1           CYS           93.17            90     90     54     3.429     3.429     2.405     0.5717      0.5717      0.5717      0.4000
56      B         A            2           SER           89.64            90     90     54     3.429     3.429     2.405     0.7013      0.7013      0.7013      0.5394
57      B         A            3           GLN           89.68            90     90     54     3.429     3.429     2.405     0.6630      0.6630      0.6630      0.5027
58      B         A            4           ASN           91.61            90     90     54     3.429     3.429     2.405     0.8363      0.8363      0.8363      0.7226
59      B         A            5           GLU           95.95            90     90     54     3.429     3.429     2.405     0.9176      0.9176      0.9176      0.8473
60      B         A            6           TYR           96.15            90     90     54     3.429     3.429     2.405     0.9468      0.9468      0.9468      0.8984
61      B         A            7           PHE           96.75            90     90     54     3.429     3.429     2.405     0.9536      0.9536      0.9536      0.9109
62      B         A            8           ASP           97.77            90     90     54     3.429     3.429     2.405     0.9621      0.9621      0.9621      0.9267
63      B         A            9           SER           96.07            90     90     54     3.429     3.429     2.405     0.9290      0.9290      0.9290      0.8675
64      B         A           10           LEU           97.59            90     90     54     3.429     3.429     2.405     0.9644      0.9644      0.9644      0.9315
65      B         A           11           LEU           98.42            90     90     54     3.429     3.429     2.405     0.9688      0.9688      0.9688      0.9395
66      B         A           12           HIS           97.56            90     90     54     3.429     3.429     2.405     0.9560      0.9560      0.9560      0.9159
67      B         A           13           ALA           97.49            90     90     54     3.429     3.429     2.405     0.9415      0.9415      0.9415      0.8891
68      B         A           14           CYS           97.36            90     90     54     3.429     3.429     2.405     0.9470      0.9470      0.9470      0.8990
69      B         A           15           ILE           97.20            90     90     54     3.429     3.429     2.405     0.9555      0.9555      0.9555      0.9145
70      B         A           16           PRO           96.04            90     90     54     3.429     3.429     2.405     0.9421      0.9421      0.9421      0.8908
71      B         A           17           CYS           96.21            90     90     54     3.429     3.429     2.405     0.9291      0.9291      0.9291      0.8689
72      B         A           18           GLN           93.91            90     90     54     3.429     3.429     2.405     0.9228      0.9228      0.9228      0.8597
73      B         A           19           LEU           96.39            90     90     54     3.429     3.429     2.405     0.9466      0.9466      0.9466      0.8997
74      B         A           20           ARG           95.39            90     90     54     3.429     3.429     2.405     0.9169      0.9169      0.9169      0.8501
75      B         A           21           CYS           91.50            90     90     54     3.429     3.429     2.405     0.8716      0.8716      0.8716      0.7776
76      B         A           22           SER           88.39            90     90     54     3.429     3.429     2.405     0.7755      0.7755      0.7755      0.6470
77      B         A           23           SER           90.51            90     90     54     3.429     3.429     2.405     0.7721      0.7721      0.7721      0.6419
78      B         A           24           ASN           87.15            90     90     54     3.429     3.429     2.405     0.6575      0.6575      0.6575      0.5077
79      B         A           25           THR           88.62            90     90     54     3.429     3.429     2.405     0.6952      0.6952      0.6952      0.5400
80      B         A           26           PRO           91.98            90     90     54     3.429     3.429     2.405     0.7909      0.7909      0.7909      0.6580
81      B         A           27           PRO           92.94            90     90     54     3.429     3.429     2.405     0.8577      0.8577      0.8577      0.7534
82      B         A           28           LEU           92.05            90     90     54     3.429     3.429     2.405     0.8271      0.8271      0.8271      0.7064
83      B         A           29           THR           90.62            90     90     54     3.429     3.429     2.405     0.8145      0.8145      0.8145      0.6898
84      B         A           30           CYS           94.92            90     90     54     3.429     3.429     2.405     0.8672      0.8672      0.8672      0.7666
85      B         A           31           GLN           93.18            90     90     54     3.429     3.429     2.405     0.8220      0.8220      0.8220      0.6986
86      B         A           32           ARG           89.75            90     90     54     3.429     3.429     2.405     0.6886      0.6886      0.6886      0.5259
87      B         A           33           TYR           90.40            90     90     54     3.429     3.429     2.405     0.7962      0.7962      0.7962      0.6657
88      B         A           34           CYS           91.99            90     90     54     3.429     3.429     2.405     0.7528      0.7528      0.7528      0.6107
89      B         A           35           ASN           85.74            90     90     54     3.429     3.429     2.405     0.5835      0.5835      0.5835      0.4160
90      B         A           36           ALA           73.79            90     90     51     3.429     3.429     2.294     0.1907      0.1959      0.1959      0.0999
