i   AlignChn ScoredChain  AlignResNum  AlignResType  AlignRespLDDT      n0chn  n0dom  n0res    d0chn     d0dom     d0res   ipTM_pae  ipSAE_d0chn ipSAE_d0dom    ipSAE 
1       A         B            1           MET           80.41            90     90     26     3.429     3.429     1.001     0.1432      0.1667      0.1667      0.0171
2       A         B            2           LYS           90.18            90     90     36     3.429     3.429     1.621     0.5736      0.5736      0.5736      0.2439
3       A         B            3           ILE           97.10            90     90     36     3.429     3.429     1.621     0.8357      0.8357      0.8357      0.5432
4       A         B            4           SER           95.64            90     90     36     3.429     3.429     1.621     0.8883      0.8883      0.8883      0.6512
5       A         B            5           GLU           91.27            90     90     36     3.429     3.429     1.621     0.8939      0.8939      0.8939      0.6633
6       A         B            6           GLY           93.52            90     90     36     3.429     3.429     1.621     0.8896      0.8896      0.8896      0.6539
7       A         B            7           GLU           96.91            90     90     36     3.429     3.429     1.621     0.9107      0.9107      0.9107      0.7077
8       A         B            8           ALA           96.75            90     90     36     3.429     3.429     1.621     0.9307      0.9307      0.9307      0.7631
9       A         B            9           HIS           95.51            90     90     36     3.429     3.429     1.621     0.9380      0.9380      0.9380      0.7810
10      A         B           10           GLN           96.32            90     90     36     3.429     3.429     1.621     0.9275      0.9275      0.9275      0.7501
11      A         B           11           LYS           97.99            90     90     36     3.429     3.429     1.621     0.9368      0.9368      0.9368      0.7810
12      A         B           12           PHE           97.98            90     90     36     3.429     3.429     1.621     0.9513      0.9513      0.9513      0.8249
13      A         B           13           MET           96.54            90     90     36     3.429     3.429     1.621     0.9409      0.9409      0.9409      0.7930
14      A         B           14           GLU           98.44            90     90     36     3.429     3.429     1.621     0.9314      0.9314      0.9314      0.7643
15      A         B           15           ILE           98.73            90     90     36     3.429     3.429     1.621     0.9408      0.9408      0.9408      0.7936
16      A         B           16           LYS           97.83            90     90     36     3.429     3.429     1.621     0.9330      0.9330      0.9330      0.7711
17      A         B           17           GLU           98.23            90     90     36     3.429     3.429     1.621     0.9333      0.9333      0.9333      0.7708
18      A         B           18           GLU           98.64            90     90     36     3.429     3.429     1.621     0.9181      0.9181      0.9181      0.7291
19      A         B           19           PHE           98.82            90     90     36     3.429     3.429     1.621     0.9270      0.9270      0.9270      0.7555
20      A         B           20           ARG           98.15            90     90     36     3.429     3.429     1.621     0.9079      0.9079      0.9079      0.7060
21      A         B           21           ARG           98.56            90     90     36     3.429     3.429     1.621     0.9011      0.9011      0.9011      0.6859
22      A         B           22           LYS           98.63            90     90     36     3.429     3.429     1.621     0.8765      0.8765      0.8765      0.6313
23      A         B           23           ARG           97.95            90     90     36     3.429     3.429     1.621     0.8309      0.8309      0.8309      0.5452
24      A         B           24           LYS           98.17            90     90     36     3.429     3.429     1.621     0.8422      0.8422      0.8422      0.5657
25      A         B           25           GLU           97.79            90     90     36     3.429     3.429     1.621     0.7872      0.7872      0.7872      0.4680
26      A         B           26           ALA           97.87            90     90     36     3.429     3.429     1.621     0.6758      0.6758      0.6758      0.3350
27      A         B           27           GLU           95.93            90     90     36     3.429     3.429     1.621     0.5982      0.5982      0.5982      0.2629
28      A         B           28           PRO           97.78            90     90     36     3.429     3.429     1.621     0.5348      0.5348      0.5348      0.2152
29      A         B           29           LEU           92.74            90     90     36     3.429     3.429     1.621     0.5746      0.5746      0.5746      0.2458
30      A         B           30           GLY           97.42            90     90     36     3.429     3.429     1.621     0.5227      0.5227      0.5227      0.2146
31      A         B           31           GLU           96.48            90     90     36     3.429     3.429     1.621     0.6579      0.6579      0.6579      0.3259
32      A         B           32           GLU           98.28            90     90     36     3.429     3.429     1.621     0.6982      0.6982      0.6982      0.3659
33      A         B           33           GLU           98.00            90     90     36     3.429     3.429     1.621     0.8143      0.8143      0.8143      0.5181
34      A         B           34           ILE           98.38            90     90     36     3.429     3.429     1.621     0.8686      0.8686      0.8686      0.6202
35      A         B           35           GLU           98.47            90     90     36     3.429     3.429     1.621     0.8577      0.8577      0.8577      0.5988
36      A         B           36           LYS           98.60            90     90     36     3.429     3.429     1.621     0.8517      0.8517      0.8517      0.5876
37      A         B           37           LEU           98.73            90     90     36     3.429     3.429     1.621     0.9092      0.9092      0.9092      0.7109
38      A         B           38           ARG           98.57            90     90     36     3.429     3.429     1.621     0.9117      0.9117      0.9117      0.7183
39      A         B           39           GLU           98.68            90     90     36     3.429     3.429     1.621     0.8975      0.8975      0.8975      0.6836
40      A         B           40           GLU           98.53            90     90     36     3.429     3.429     1.621     0.9074      0.9074      0.9074      0.7052
41      A         B           41           ALA           98.88            90     90     36     3.429     3.429     1.621     0.9382      0.9382      0.9382      0.7883
42      A         B           42           LEU           98.71            90     90     36     3.429     3.429     1.621     0.9338      0.9338      0.9338      0.7746
43      A         B           43           GLU           98.83            90     90     36     3.429     3.429     1.621     0.9149      0.9149      0.9149      0.7259
44      A         B           44           LYS           98.81            90     90     36     3.429     3.429     1.621     0.9348      0.9348      0.9348      0.7763
45      A         B           45           VAL           98.58            90     90     36     3.429     3.429     1.621     0.9452      0.9452      0.9452      0.8080
46      A         B           46           LYS           98.06            90     90     36     3.429     3.429     1.621     0.9219      0.9219      0.9219      0.7425
47      A         B           47           GLU           98.18            90     90     36     3.429     3.429     1.621     0.9130      0.9130      0.9130      0.7181
48      A         B           48           ILE           98.02            90     90     36     3.429     3.429     1.621     0.9251      0.9251      0.9251      0.7456
49      A         B           49           TRP           97.78            90     90     36     3.429     3.429     1.621     0.9270      0.9270      0.9270      0.7509
50      A         B           50           GLN           97.95            90     90     36     3.429     3.429     1.621     0.9093      0.9093      0.9093      0.7104
51      A         B           51           GLN           98.00            90     90     36     3.429     3.429     1.621     0.9005      0.9005      0.9005      0.6811
52      A         B           52           TYR           96.83            90     90     36     3.429     3.429     1.621     0.8939      0.8939      0.8939      0.6631
53      A         B           53           GLN           95.05            90     90     36     3.429     3.429     1.621     0.7837      0.7837      0.7837      0.4633
54      A         B           54           LEU           92.01            90     90     36     3.429     3.429     1.621     0.6026      0.6026      0.6026      0.2676
55      B         A            1           CYS           93.84            90     90     54     3.429     3.429     2.405     0.4992      0.4992      0.4992      0.3323
56      B         A            2           SER           90.00            90     90     54     3.429     3.429     2.405     0.6011      0.6011      0.6011      0.4299
57      B         A            3           GLN           89.64            90     90     54     3.429     3.429     2.405     0.5539      0.5539      0.5539      0.3887
58      B         A            4           ASN           91.14            90     90     54     3.429     3.429     2.405     0.7537      0.7537      0.7537      0.6113
59      B         A            5           GLU           96.01            90     90     54     3.429     3.429     2.405     0.8680      0.8680      0.8680      0.7674
60      B         A            6           TYR           96.24            90     90     54     3.429     3.429     2.405     0.9157      0.9157      0.9157      0.8443
61      B         A            7           PHE           96.79            90     90     54     3.429     3.429     2.405     0.9294      0.9294      0.9294      0.8680
62      B         A            8           ASP           97.91            90     90     54     3.429     3.429     2.405     0.9402      0.9402      0.9402      0.8874
63      B         A            9           SER           96.01            90     90     54     3.429     3.429     2.405     0.8943      0.8943      0.8943      0.8104
64      B         A           10           LEU           97.66            90     90     54     3.429     3.429     2.405     0.9453      0.9453      0.9453      0.8973
65      B         A           11           LEU           98.58            90     90     54     3.429     3.429     2.405     0.9516      0.9516      0.9516      0.9086
66      B         A           12           HIS           97.74            90     90     54     3.429     3.429     2.405     0.9340      0.9340      0.9340      0.8775
67      B         A           13           ALA           97.97            90     90     54     3.429     3.429     2.405     0.9183      0.9183      0.9183      0.8491
68      B         A           14           CYS           97.54            90     90     54     3.429     3.429     2.405     0.9210      0.9210      0.9210      0.8538
69      B         A           15           ILE           97.63            90     90     54     3.429     3.429     2.405     0.9313      0.9313      0.9313      0.8717
70      B         A           16           PRO           96.62            90     90     54     3.429     3.429     2.405     0.9154      0.9154      0.9154      0.8451
71      B         A           17           CYS           96.28            90     90     54     3.429     3.429     2.405     0.8934      0.8934      0.8934      0.8106
72      B         A           18           GLN           94.22            90     90     54     3.429     3.429     2.405     0.8802      0.8802      0.8802      0.7925
73      B         A           19           LEU           96.85            90     90     54     3.429     3.429     2.405     0.9135      0.9135      0.9135      0.8439
74      B         A           20           ARG           95.37            90     90     54     3.429     3.429     2.405     0.8493      0.8493      0.8493      0.7469
75      B         A           21           CYS           90.88            90     90     54     3.429     3.429     2.405     0.7696      0.7696      0.7696      0.6358
76      B         A           22           SER           85.65            90     90     54     3.429     3.429     2.405     0.6160      0.6160      0.6160      0.4605
77      B         A           23           SER           89.51            90     90     54     3.429     3.429     2.405     0.6170      0.6170      0.6170      0.4600
78      B         A           24           ASN           86.15            90     90     54     3.429     3.429     2.405     0.5004      0.5004      0.5004      0.3473
79      B         A           25           THR           88.40            90     90     54     3.429     3.429     2.405     0.5429      0.5429      0.5429      0.3791
80      B         A           26           PRO           91.72            90     90     54     3.429     3.429     2.405     0.6742      0.6742      0.6742      0.5142
81      B         A           27           PRO           92.92            90     90     54     3.429     3.429     2.405     0.7705      0.7705      0.7705      0.6315
82      B         A           28           LEU           91.75            90     90     54     3.429     3.429     2.405     0.7295      0.7295      0.7295      0.5776
83      B         A           29           THR           90.06            90     90     54     3.429     3.429     2.405     0.6972      0.6972      0.6972      0.5397
84      B         A           30           CYS           94.77            90     90     54     3.429     3.429     2.405     0.7830      0.7830      0.7830      0.6463
85      B         A           31           GLN           93.21            90     90     54     3.429     3.429     2.405     0.7254      0.7254      0.7254      0.5715
86      B         A           32           ARG           88.78            90     90     54     3.429     3.429     2.405     0.5480      0.5480      0.5480      0.3780
87      B         A           33           TYR           89.64            90     90     54     3.429     3.429     2.405     0.6496      0.6496      0.6496      0.4865
88      B         A           34           CYS           91.96            90     90     54     3.429     3.429     2.405     0.6104      0.6104      0.6104      0.4478
89      B         A           35           ASN           84.27            90     90     54     3.429     3.429     2.405     0.3760      0.3760      0.3760      0.2328
90      B         A           36           ALA           70.69            90     90     10     3.429     3.429     1.001     0.0817      0.1262      0.1262      0.0122
