i   AlignChn ScoredChain  AlignResNum  AlignResType  AlignRespLDDT      n0chn  n0dom  n0res    d0chn     d0dom     d0res   ipTM_pae  ipSAE_d0chn ipSAE_d0dom    ipSAE 
1       A         B            1           MET           78.92            90     90     27     3.429     3.429     1.039     0.1502      0.1727      0.1727      0.0192
2       A         B            2           LYS           91.53            90     90     36     3.429     3.429     1.621     0.5621      0.5621      0.5621      0.2330
3       A         B            3           ILE           97.44            90     90     36     3.429     3.429     1.621     0.8508      0.8508      0.8508      0.5715
4       A         B            4           SER           96.23            90     90     36     3.429     3.429     1.621     0.8917      0.8917      0.8917      0.6591
5       A         B            5           GLU           92.39            90     90     36     3.429     3.429     1.621     0.8984      0.8984      0.8984      0.6735
6       A         B            6           GLY           94.80            90     90     36     3.429     3.429     1.621     0.8957      0.8957      0.8957      0.6676
7       A         B            7           GLU           97.34            90     90     36     3.429     3.429     1.621     0.9136      0.9136      0.9136      0.7145
8       A         B            8           ALA           97.19            90     90     36     3.429     3.429     1.621     0.9347      0.9347      0.9347      0.7732
9       A         B            9           HIS           96.13            90     90     36     3.429     3.429     1.621     0.9414      0.9414      0.9414      0.7905
10      A         B           10           GLN           96.86            90     90     36     3.429     3.429     1.621     0.9319      0.9319      0.9319      0.7625
11      A         B           11           LYS           98.15            90     90     36     3.429     3.429     1.621     0.9388      0.9388      0.9388      0.7862
12      A         B           12           PHE           98.10            90     90     36     3.429     3.429     1.621     0.9522      0.9522      0.9522      0.8259
13      A         B           13           MET           96.74            90     90     36     3.429     3.429     1.621     0.9409      0.9409      0.9409      0.7920
14      A         B           14           GLU           98.52            90     90     36     3.429     3.429     1.621     0.9301      0.9301      0.9301      0.7598
15      A         B           15           ILE           98.75            90     90     36     3.429     3.429     1.621     0.9390      0.9390      0.9390      0.7871
16      A         B           16           LYS           97.91            90     90     36     3.429     3.429     1.621     0.9301      0.9301      0.9301      0.7625
17      A         B           17           GLU           98.22            90     90     36     3.429     3.429     1.621     0.9319      0.9319      0.9319      0.7658
18      A         B           18           GLU           98.67            90     90     36     3.429     3.429     1.621     0.9151      0.9151      0.9151      0.7203
19      A         B           19           PHE           98.82            90     90     36     3.429     3.429     1.621     0.9228      0.9228      0.9228      0.7432
20      A         B           20           ARG           97.91            90     90     36     3.429     3.429     1.621     0.8934      0.8934      0.8934      0.6712
21      A         B           21           ARG           98.56            90     90     36     3.429     3.429     1.621     0.8960      0.8960      0.8960      0.6737
22      A         B           22           LYS           98.68            90     90     36     3.429     3.429     1.621     0.8714      0.8714      0.8714      0.6201
23      A         B           23           ARG           97.94            90     90     36     3.429     3.429     1.621     0.8218      0.8218      0.8218      0.5294
24      A         B           24           LYS           98.19            90     90     36     3.429     3.429     1.621     0.8337      0.8337      0.8337      0.5500
25      A         B           25           GLU           97.84            90     90     36     3.429     3.429     1.621     0.7813      0.7813      0.7813      0.4595
26      A         B           26           ALA           98.08            90     90     36     3.429     3.429     1.621     0.6812      0.6812      0.6812      0.3405
27      A         B           27           GLU           96.77            90     90     36     3.429     3.429     1.621     0.6312      0.6312      0.6312      0.2910
28      A         B           28           PRO           97.91            90     90     36     3.429     3.429     1.621     0.5592      0.5592      0.5592      0.2330
29      A         B           29           LEU           94.54            90     90     36     3.429     3.429     1.621     0.5847      0.5847      0.5847      0.2534
30      A         B           30           GLY           97.57            90     90     36     3.429     3.429     1.621     0.4970      0.4970      0.4970      0.1972
31      A         B           31           GLU           96.65            90     90     36     3.429     3.429     1.621     0.6299      0.6299      0.6299      0.2986
32      A         B           32           GLU           98.33            90     90     36     3.429     3.429     1.621     0.6754      0.6754      0.6754      0.3415
33      A         B           33           GLU           98.11            90     90     36     3.429     3.429     1.621     0.8074      0.8074      0.8074      0.5065
34      A         B           34           ILE           98.46            90     90     36     3.429     3.429     1.621     0.8594      0.8594      0.8594      0.6011
35      A         B           35           GLU           98.45            90     90     36     3.429     3.429     1.621     0.8490      0.8490      0.8490      0.5812
36      A         B           36           LYS           98.61            90     90     36     3.429     3.429     1.621     0.8458      0.8458      0.8458      0.5757
37      A         B           37           LEU           98.76            90     90     36     3.429     3.429     1.621     0.9038      0.9038      0.9038      0.6974
38      A         B           38           ARG           98.59            90     90     36     3.429     3.429     1.621     0.9076      0.9076      0.9076      0.7067
39      A         B           39           GLU           98.65            90     90     36     3.429     3.429     1.621     0.8904      0.8904      0.8904      0.6665
40      A         B           40           GLU           98.56            90     90     36     3.429     3.429     1.621     0.9030      0.9030      0.9030      0.6938
41      A         B           41           ALA           98.88            90     90     36     3.429     3.429     1.621     0.9341      0.9341      0.9341      0.7757
42      A         B           42           LEU           98.61            90     90     36     3.429     3.429     1.621     0.9285      0.9285      0.9285      0.7587
43      A         B           43           GLU           98.80            90     90     36     3.429     3.429     1.621     0.9087      0.9087      0.9087      0.7095
44      A         B           44           LYS           98.82            90     90     36     3.429     3.429     1.621     0.9331      0.9331      0.9331      0.7706
45      A         B           45           VAL           98.58            90     90     36     3.429     3.429     1.621     0.9442      0.9442      0.9442      0.8032
46      A         B           46           LYS           98.01            90     90     36     3.429     3.429     1.621     0.9171      0.9171      0.9171      0.7290
47      A         B           47           GLU           98.11            90     90     36     3.429     3.429     1.621     0.9080      0.9080      0.9080      0.7042
48      A         B           48           ILE           98.18            90     90     36     3.429     3.429     1.621     0.9267      0.9267      0.9267      0.7484
49      A         B           49           TRP           97.96            90     90     36     3.429     3.429     1.621     0.9258      0.9258      0.9258      0.7463
50      A         B           50           GLN           97.96            90     90     36     3.429     3.429     1.621     0.9053      0.9053      0.9053      0.6994
51      A         B           51           GLN           97.88            90     90     36     3.429     3.429     1.621     0.8893      0.8893      0.8893      0.6539
52      A         B           52           TYR           97.18            90     90     36     3.429     3.429     1.621     0.8906      0.8906      0.8906      0.6546
53      A         B           53           GLN           95.30            90     90     36     3.429     3.429     1.621     0.7692      0.7692      0.7692      0.4416
54      A         B           54           LEU           92.41            90     90     36     3.429     3.429     1.621     0.5817      0.5817      0.5817      0.2508
55      B         A            1           CYS           93.34            90     90     54     3.429     3.429     2.405     0.4490      0.4490      0.4490      0.2886
56      B         A            2           SER           90.08            90     90     54     3.429     3.429     2.405     0.5810      0.5810      0.5810      0.4091
57      B         A            3           GLN           89.48            90     90     54     3.429     3.429     2.405     0.5178      0.5178      0.5178      0.3550
58      B         A            4           ASN           91.30            90     90     54     3.429     3.429     2.405     0.7364      0.7364      0.7364      0.5889
59      B         A            5           GLU           95.97            90     90     54     3.429     3.429     2.405     0.8650      0.8650      0.8650      0.7626
60      B         A            6           TYR           96.09            90     90     54     3.429     3.429     2.405     0.9134      0.9134      0.9134      0.8403
61      B         A            7           PHE           96.81            90     90     54     3.429     3.429     2.405     0.9271      0.9271      0.9271      0.8639
62      B         A            8           ASP           97.82            90     90     54     3.429     3.429     2.405     0.9374      0.9374      0.9374      0.8825
63      B         A            9           SER           95.94            90     90     54     3.429     3.429     2.405     0.8897      0.8897      0.8897      0.8027
64      B         A           10           LEU           97.64            90     90     54     3.429     3.429     2.405     0.9418      0.9418      0.9418      0.8912
65      B         A           11           LEU           98.54            90     90     54     3.429     3.429     2.405     0.9491      0.9491      0.9491      0.9040
66      B         A           12           HIS           97.70            90     90     54     3.429     3.429     2.405     0.9285      0.9285      0.9285      0.8680
67      B         A           13           ALA           97.71            90     90     54     3.429     3.429     2.405     0.9064      0.9064      0.9064      0.8289
68      B         A           14           CYS           97.43            90     90     54     3.429     3.429     2.405     0.9158      0.9158      0.9158      0.8449
69      B         A           15           ILE           97.52            90     90     54     3.429     3.429     2.405     0.9259      0.9259      0.9259      0.8624
70      B         A           16           PRO           96.70            90     90     54     3.429     3.429     2.405     0.9123      0.9123      0.9123      0.8399
71      B         A           17           CYS           96.43            90     90     54     3.429     3.429     2.405     0.8926      0.8926      0.8926      0.8095
72      B         A           18           GLN           94.60            90     90     54     3.429     3.429     2.405     0.8821      0.8821      0.8821      0.7955
73      B         A           19           LEU           97.05            90     90     54     3.429     3.429     2.405     0.9156      0.9156      0.9156      0.8476
74      B         A           20           ARG           95.71            90     90     54     3.429     3.429     2.405     0.8574      0.8574      0.8574      0.7591
75      B         A           21           CYS           91.29            90     90     54     3.429     3.429     2.405     0.7773      0.7773      0.7773      0.6461
76      B         A           22           SER           87.02            90     90     54     3.429     3.429     2.405     0.6195      0.6195      0.6195      0.4653
77      B         A           23           SER           89.81            90     90     54     3.429     3.429     2.405     0.6030      0.6030      0.6030      0.4471
78      B         A           24           ASN           86.24            90     90     54     3.429     3.429     2.405     0.4820      0.4820      0.4820      0.3316
79      B         A           25           THR           88.04            90     90     54     3.429     3.429     2.405     0.5212      0.5212      0.5212      0.3592
80      B         A           26           PRO           91.65            90     90     54     3.429     3.429     2.405     0.6587      0.6587      0.6587      0.4975
81      B         A           27           PRO           92.59            90     90     54     3.429     3.429     2.405     0.7601      0.7601      0.7601      0.6183
82      B         A           28           LEU           91.42            90     90     54     3.429     3.429     2.405     0.7103      0.7103      0.7103      0.5544
83      B         A           29           THR           89.76            90     90     54     3.429     3.429     2.405     0.6880      0.6880      0.6880      0.5293
84      B         A           30           CYS           94.59            90     90     54     3.429     3.429     2.405     0.7698      0.7698      0.7698      0.6291
85      B         A           31           GLN           92.91            90     90     54     3.429     3.429     2.405     0.7049      0.7049      0.7049      0.5466
86      B         A           32           ARG           89.19            90     90     54     3.429     3.429     2.405     0.5540      0.5540      0.5540      0.3840
87      B         A           33           TYR           89.99            90     90     54     3.429     3.429     2.405     0.6592      0.6592      0.6592      0.4979
88      B         A           34           CYS           91.69            90     90     54     3.429     3.429     2.405     0.6112      0.6112      0.6112      0.4485
89      B         A           35           ASN           85.41            90     90     54     3.429     3.429     2.405     0.4102      0.4102      0.4102      0.2595
90      B         A           36           ALA           72.16            90     90     20     3.429     3.429     1.001     0.1023      0.1409      0.1409      0.0139
