i   AlignChn ScoredChain  AlignResNum  AlignResType  AlignRespLDDT      n0chn  n0dom  n0res    d0chn     d0dom     d0res   ipTM_pae  ipSAE_d0chn ipSAE_d0dom    ipSAE 
1       A         B            1           MET           80.20            90     90     32     3.429     3.429     1.388     0.1829      0.1954      0.1954      0.0393
2       A         B            2           LYS           92.40            90     90     36     3.429     3.429     1.621     0.6518      0.6518      0.6518      0.3082
3       A         B            3           ILE           97.45            90     90     36     3.429     3.429     1.621     0.8848      0.8848      0.8848      0.6414
4       A         B            4           SER           96.07            90     90     36     3.429     3.429     1.621     0.9126      0.9126      0.9126      0.7096
5       A         B            5           GLU           92.33            90     90     36     3.429     3.429     1.621     0.9200      0.9200      0.9200      0.7282
6       A         B            6           GLY           94.76            90     90     36     3.429     3.429     1.621     0.9133      0.9133      0.9133      0.7104
7       A         B            7           GLU           97.26            90     90     36     3.429     3.429     1.621     0.9322      0.9322      0.9322      0.7632
8       A         B            8           ALA           97.05            90     90     36     3.429     3.429     1.621     0.9493      0.9493      0.9493      0.8150
9       A         B            9           HIS           96.04            90     90     36     3.429     3.429     1.621     0.9552      0.9552      0.9552      0.8322
10      A         B           10           GLN           96.57            90     90     36     3.429     3.429     1.621     0.9445      0.9445      0.9445      0.7980
11      A         B           11           LYS           98.03            90     90     36     3.429     3.429     1.621     0.9517      0.9517      0.9517      0.8233
12      A         B           12           PHE           97.91            90     90     36     3.429     3.429     1.621     0.9627      0.9627      0.9627      0.8585
13      A         B           13           MET           96.60            90     90     36     3.429     3.429     1.621     0.9559      0.9559      0.9559      0.8361
14      A         B           14           GLU           98.45            90     90     36     3.429     3.429     1.621     0.9477      0.9477      0.9477      0.8096
15      A         B           15           ILE           98.67            90     90     36     3.429     3.429     1.621     0.9525      0.9525      0.9525      0.8262
16      A         B           16           LYS           97.80            90     90     36     3.429     3.429     1.621     0.9463      0.9463      0.9463      0.8073
17      A         B           17           GLU           98.24            90     90     36     3.429     3.429     1.621     0.9490      0.9490      0.9490      0.8141
18      A         B           18           GLU           98.66            90     90     36     3.429     3.429     1.621     0.9349      0.9349      0.9349      0.7724
19      A         B           19           PHE           98.79            90     90     36     3.429     3.429     1.621     0.9399      0.9399      0.9399      0.7882
20      A         B           20           ARG           98.18            90     90     36     3.429     3.429     1.621     0.9267      0.9267      0.9267      0.7516
21      A         B           21           ARG           98.54            90     90     36     3.429     3.429     1.621     0.9190      0.9190      0.9190      0.7282
22      A         B           22           LYS           98.65            90     90     36     3.429     3.429     1.621     0.8957      0.8957      0.8957      0.6716
23      A         B           23           ARG           98.06            90     90     36     3.429     3.429     1.621     0.8579      0.8579      0.8579      0.5933
24      A         B           24           LYS           98.27            90     90     36     3.429     3.429     1.621     0.8696      0.8696      0.8696      0.6162
25      A         B           25           GLU           97.98            90     90     36     3.429     3.429     1.621     0.8190      0.8190      0.8190      0.5176
26      A         B           26           ALA           98.06            90     90     36     3.429     3.429     1.621     0.7285      0.7285      0.7285      0.3925
27      A         B           27           GLU           96.28            90     90     36     3.429     3.429     1.621     0.6758      0.6758      0.6758      0.3335
28      A         B           28           PRO           97.82            90     90     36     3.429     3.429     1.621     0.6052      0.6052      0.6052      0.2682
29      A         B           29           LEU           94.29            90     90     36     3.429     3.429     1.621     0.6461      0.6461      0.6461      0.3052
30      A         B           30           GLY           97.52            90     90     36     3.429     3.429     1.621     0.5538      0.5538      0.5538      0.2366
31      A         B           31           GLU           96.66            90     90     36     3.429     3.429     1.621     0.6934      0.6934      0.6934      0.3602
32      A         B           32           GLU           98.33            90     90     36     3.429     3.429     1.621     0.7268      0.7268      0.7268      0.3972
33      A         B           33           GLU           98.05            90     90     36     3.429     3.429     1.621     0.8399      0.8399      0.8399      0.5595
34      A         B           34           ILE           98.36            90     90     36     3.429     3.429     1.621     0.8884      0.8884      0.8884      0.6590
35      A         B           35           GLU           98.35            90     90     36     3.429     3.429     1.621     0.8765      0.8765      0.8765      0.6337
36      A         B           36           LYS           98.59            90     90     36     3.429     3.429     1.621     0.8694      0.8694      0.8694      0.6189
37      A         B           37           LEU           98.71            90     90     36     3.429     3.429     1.621     0.9236      0.9236      0.9236      0.7440
38      A         B           38           ARG           98.52            90     90     36     3.429     3.429     1.621     0.9255      0.9255      0.9255      0.7495
39      A         B           39           GLU           98.52            90     90     36     3.429     3.429     1.621     0.9102      0.9102      0.9102      0.7104
40      A         B           40           GLU           98.56            90     90     36     3.429     3.429     1.621     0.9228      0.9228      0.9228      0.7411
41      A         B           41           ALA           98.83            90     90     36     3.429     3.429     1.621     0.9483      0.9483      0.9483      0.8141
42      A         B           42           LEU           98.42            90     90     36     3.429     3.429     1.621     0.9439      0.9439      0.9439      0.7999
43      A         B           43           GLU           98.77            90     90     36     3.429     3.429     1.621     0.9277      0.9277      0.9277      0.7555
44      A         B           44           LYS           98.78            90     90     36     3.429     3.429     1.621     0.9476      0.9476      0.9476      0.8104
45      A         B           45           VAL           98.41            90     90     36     3.429     3.429     1.621     0.9553      0.9553      0.9553      0.8347
46      A         B           46           LYS           97.82            90     90     36     3.429     3.429     1.621     0.9357      0.9357      0.9357      0.7771
47      A         B           47           GLU           98.19            90     90     36     3.429     3.429     1.621     0.9316      0.9316      0.9316      0.7640
48      A         B           48           ILE           97.97            90     90     36     3.429     3.429     1.621     0.9423      0.9423      0.9423      0.7921
49      A         B           49           TRP           97.67            90     90     36     3.429     3.429     1.621     0.9425      0.9425      0.9425      0.7930
50      A         B           50           GLN           97.98            90     90     36     3.429     3.429     1.621     0.9282      0.9282      0.9282      0.7560
51      A         B           51           GLN           98.25            90     90     36     3.429     3.429     1.621     0.9243      0.9243      0.9243      0.7401
52      A         B           52           TYR           97.02            90     90     36     3.429     3.429     1.621     0.9192      0.9192      0.9192      0.7249
53      A         B           53           GLN           95.29            90     90     36     3.429     3.429     1.621     0.8348      0.8348      0.8348      0.5449
54      A         B           54           LEU           93.02            90     90     36     3.429     3.429     1.621     0.6785      0.6785      0.6785      0.3361
55      B         A            1           CYS           94.19            90     90     54     3.429     3.429     2.405     0.5249      0.5249      0.5249      0.3555
56      B         A            2           SER           90.83            90     90     54     3.429     3.429     2.405     0.6367      0.6367      0.6367      0.4671
57      B         A            3           GLN           90.71            90     90     54     3.429     3.429     2.405     0.5521      0.5521      0.5521      0.3869
58      B         A            4           ASN           91.61            90     90     54     3.429     3.429     2.405     0.7649      0.7649      0.7649      0.6249
59      B         A            5           GLU           96.07            90     90     54     3.429     3.429     2.405     0.8826      0.8826      0.8826      0.7900
60      B         A            6           TYR           96.53            90     90     54     3.429     3.429     2.405     0.9253      0.9253      0.9253      0.8606
61      B         A            7           PHE           97.17            90     90     54     3.429     3.429     2.405     0.9373      0.9373      0.9373      0.8816
62      B         A            8           ASP           97.85            90     90     54     3.429     3.429     2.405     0.9476      0.9476      0.9476      0.9003
63      B         A            9           SER           96.10            90     90     54     3.429     3.429     2.405     0.8989      0.8989      0.8989      0.8170
64      B         A           10           LEU           97.65            90     90     54     3.429     3.429     2.405     0.9527      0.9527      0.9527      0.9103
65      B         A           11           LEU           98.46            90     90     54     3.429     3.429     2.405     0.9575      0.9575      0.9575      0.9189
66      B         A           12           HIS           97.63            90     90     54     3.429     3.429     2.405     0.9406      0.9406      0.9406      0.8886
67      B         A           13           ALA           97.47            90     90     54     3.429     3.429     2.405     0.9180      0.9180      0.9180      0.8485
68      B         A           14           CYS           97.57            90     90     54     3.429     3.429     2.405     0.9277      0.9277      0.9277      0.8649
69      B         A           15           ILE           97.38            90     90     54     3.429     3.429     2.405     0.9360      0.9360      0.9360      0.8798
70      B         A           16           PRO           96.38            90     90     54     3.429     3.429     2.405     0.9189      0.9189      0.9189      0.8508
71      B         A           17           CYS           96.56            90     90     54     3.429     3.429     2.405     0.9009      0.9009      0.9009      0.8227
72      B         A           18           GLN           94.35            90     90     54     3.429     3.429     2.405     0.8889      0.8889      0.8889      0.8061
73      B         A           19           LEU           96.66            90     90     54     3.429     3.429     2.405     0.9231      0.9231      0.9231      0.8598
74      B         A           20           ARG           95.41            90     90     54     3.429     3.429     2.405     0.8773      0.8773      0.8773      0.7885
75      B         A           21           CYS           91.55            90     90     54     3.429     3.429     2.405     0.8196      0.8196      0.8196      0.7026
76      B         A           22           SER           87.75            90     90     54     3.429     3.429     2.405     0.6895      0.6895      0.6895      0.5432
77      B         A           23           SER           90.52            90     90     54     3.429     3.429     2.405     0.6932      0.6932      0.6932      0.5456
78      B         A           24           ASN           87.43            90     90     54     3.429     3.429     2.405     0.5791      0.5791      0.5791      0.4247
79      B         A           25           THR           88.94            90     90     54     3.429     3.429     2.405     0.6104      0.6104      0.6104      0.4471
80      B         A           26           PRO           92.62            90     90     54     3.429     3.429     2.405     0.7281      0.7281      0.7281      0.5787
81      B         A           27           PRO           93.47            90     90     54     3.429     3.429     2.405     0.8129      0.8129      0.8129      0.6891
82      B         A           28           LEU           92.51            90     90     54     3.429     3.429     2.405     0.7653      0.7653      0.7653      0.6227
83      B         A           29           THR           91.24            90     90     54     3.429     3.429     2.405     0.7453      0.7453      0.7453      0.5985
84      B         A           30           CYS           95.27            90     90     54     3.429     3.429     2.405     0.8224      0.8224      0.8224      0.7007
85      B         A           31           GLN           93.58            90     90     54     3.429     3.429     2.405     0.7661      0.7661      0.7661      0.6226
86      B         A           32           ARG           90.14            90     90     54     3.429     3.429     2.405     0.6207      0.6207      0.6207      0.4515
87      B         A           33           TYR           90.82            90     90     54     3.429     3.429     2.405     0.7156      0.7156      0.7156      0.5632
88      B         A           34           CYS           92.54            90     90     54     3.429     3.429     2.405     0.6807      0.6807      0.6807      0.5244
89      B         A           35           ASN           86.04            90     90     54     3.429     3.429     2.405     0.4716      0.4716      0.4716      0.3113
90      B         A           36           ALA           73.13            90     90     35     3.429     3.429     1.566     0.1338      0.1587      0.1587      0.0383
