i   AlignChn ScoredChain  AlignResNum  AlignResType  AlignRespLDDT      n0chn  n0dom  n0res    d0chn     d0dom     d0res   ipTM_pae  ipSAE_d0chn ipSAE_d0dom    ipSAE 
1       A         B            1           SER           81.45            90     90     35     3.429     3.429     1.566     0.1942      0.1971      0.1971      0.0515
2       A         B            2           MET           94.72            90     90     36     3.429     3.429     1.621     0.5578      0.5578      0.5578      0.2423
3       A         B            3           GLU           96.57            90     90     36     3.429     3.429     1.621     0.6582      0.6582      0.6582      0.3308
4       A         B            4           GLU           96.56            90     90     36     3.429     3.429     1.621     0.7656      0.7656      0.7656      0.4505
5       A         B            5           TYR           97.55            90     90     36     3.429     3.429     1.621     0.8863      0.8863      0.8863      0.6538
6       A         B            6           GLN           97.36            90     90     36     3.429     3.429     1.621     0.8757      0.8757      0.8757      0.6339
7       A         B            7           LYS           97.99            90     90     36     3.429     3.429     1.621     0.8745      0.8745      0.8745      0.6305
8       A         B            8           LYS           98.26            90     90     36     3.429     3.429     1.621     0.9028      0.9028      0.9028      0.6931
9       A         B            9           MET           98.37            90     90     36     3.429     3.429     1.621     0.9356      0.9356      0.9356      0.7770
10      A         B           10           SER           98.22            90     90     36     3.429     3.429     1.621     0.9256      0.9256      0.9256      0.7497
11      A         B           11           GLU           98.37            90     90     36     3.429     3.429     1.621     0.9210      0.9210      0.9210      0.7379
12      A         B           12           PHE           98.63            90     90     36     3.429     3.429     1.621     0.9373      0.9373      0.9373      0.7801
13      A         B           13           ALA           98.63            90     90     36     3.429     3.429     1.621     0.9502      0.9502      0.9502      0.8189
14      A         B           14           ASN           97.96            90     90     36     3.429     3.429     1.621     0.9322      0.9322      0.9322      0.7673
15      A         B           15           GLU           98.10            90     90     36     3.429     3.429     1.621     0.9323      0.9323      0.9323      0.7664
16      A         B           16           ILE           98.23            90     90     36     3.429     3.429     1.621     0.9440      0.9440      0.9440      0.7983
17      A         B           17           THR           96.96            90     90     36     3.429     3.429     1.621     0.9149      0.9149      0.9149      0.7192
18      A         B           18           GLU           97.13            90     90     36     3.429     3.429     1.621     0.9204      0.9204      0.9204      0.7363
19      A         B           19           GLU           96.97            90     90     36     3.429     3.429     1.621     0.9087      0.9087      0.9087      0.7035
20      A         B           20           ALA           98.13            90     90     36     3.429     3.429     1.621     0.9115      0.9115      0.9115      0.7072
21      A         B           21           MET           97.02            90     90     36     3.429     3.429     1.621     0.8968      0.8968      0.8968      0.6720
22      A         B           22           LYS           97.90            90     90     36     3.429     3.429     1.621     0.8893      0.8893      0.8893      0.6558
23      A         B           23           ASP           98.25            90     90     36     3.429     3.429     1.621     0.8691      0.8691      0.8691      0.6071
24      A         B           24           PRO           98.02            90     90     36     3.429     3.429     1.621     0.8131      0.8131      0.8131      0.5048
25      A         B           25           GLU           98.30            90     90     36     3.429     3.429     1.621     0.8407      0.8407      0.8407      0.5525
26      A         B           26           LYS           98.03            90     90     36     3.429     3.429     1.621     0.9232      0.9232      0.9232      0.7369
27      A         B           27           TYR           98.29            90     90     36     3.429     3.429     1.621     0.9428      0.9428      0.9428      0.7913
28      A         B           28           LYS           97.92            90     90     36     3.429     3.429     1.621     0.9188      0.9188      0.9188      0.7241
29      A         B           29           GLU           98.05            90     90     36     3.429     3.429     1.621     0.9400      0.9400      0.9400      0.7850
30      A         B           30           VAL           98.59            90     90     36     3.429     3.429     1.621     0.9640      0.9640      0.9640      0.8615
31      A         B           31           SER           98.10            90     90     36     3.429     3.429     1.621     0.9518      0.9518      0.9518      0.8207
32      A         B           32           TRP           97.86            90     90     36     3.429     3.429     1.621     0.9519      0.9519      0.9519      0.8209
33      A         B           33           MET           98.40            90     90     36     3.429     3.429     1.621     0.9578      0.9578      0.9578      0.8410
34      A         B           34           LEU           98.18            90     90     36     3.429     3.429     1.621     0.9653      0.9653      0.9653      0.8654
35      A         B           35           ASN           97.39            90     90     36     3.429     3.429     1.621     0.9497      0.9497      0.9497      0.8146
36      A         B           36           THR           96.67            90     90     36     3.429     3.429     1.621     0.9351      0.9351      0.9351      0.7696
37      A         B           37           GLU           94.36            90     90     36     3.429     3.429     1.621     0.8848      0.8848      0.8848      0.6429
38      A         B           38           GLU           96.55            90     90     36     3.429     3.429     1.621     0.8577      0.8577      0.8577      0.5867
39      A         B           39           GLY           97.80            90     90     36     3.429     3.429     1.621     0.9032      0.9032      0.9032      0.6886
40      A         B           40           ARG           95.73            90     90     36     3.429     3.429     1.621     0.9205      0.9205      0.9205      0.7308
41      A         B           41           TYR           97.43            90     90     36     3.429     3.429     1.621     0.9215      0.9215      0.9215      0.7327
42      A         B           42           LYS           98.09            90     90     36     3.429     3.429     1.621     0.9205      0.9205      0.9205      0.7312
43      A         B           43           LEU           98.25            90     90     36     3.429     3.429     1.621     0.9440      0.9440      0.9440      0.7978
44      A         B           44           LYS           98.21            90     90     36     3.429     3.429     1.621     0.9418      0.9418      0.9418      0.7911
45      A         B           45           GLU           98.55            90     90     36     3.429     3.429     1.621     0.9275      0.9275      0.9275      0.7509
46      A         B           46           ILE           98.40            90     90     36     3.429     3.429     1.621     0.9382      0.9382      0.9382      0.7799
47      A         B           47           VAL           98.58            90     90     36     3.429     3.429     1.621     0.9373      0.9373      0.9373      0.7783
48      A         B           48           GLU           98.31            90     90     36     3.429     3.429     1.621     0.9327      0.9327      0.9327      0.7647
49      A         B           49           LYS           98.60            90     90     36     3.429     3.429     1.621     0.8842      0.8842      0.8842      0.6448
50      A         B           50           LYS           98.00            90     90     36     3.429     3.429     1.621     0.8838      0.8838      0.8838      0.6433
51      A         B           51           ILE           98.09            90     90     36     3.429     3.429     1.621     0.8821      0.8821      0.8821      0.6382
52      A         B           52           LYS           97.91            90     90     36     3.429     3.429     1.621     0.8356      0.8356      0.8356      0.5487
53      A         B           53           GLU           97.29            90     90     36     3.429     3.429     1.621     0.6881      0.6881      0.6881      0.3490
54      A         B           54           SER           90.66            90     90     36     3.429     3.429     1.621     0.2756      0.2756      0.2756      0.0813
55      B         A            1           CYS           95.35            90     90     54     3.429     3.429     2.405     0.5828      0.5828      0.5828      0.4133
56      B         A            2           SER           91.46            90     90     54     3.429     3.429     2.405     0.6757      0.6757      0.6757      0.5128
57      B         A            3           GLN           91.89            90     90     54     3.429     3.429     2.405     0.5298      0.5298      0.5298      0.3623
58      B         A            4           ASN           94.00            90     90     54     3.429     3.429     2.405     0.7842      0.7842      0.7842      0.6504
59      B         A            5           GLU           97.34            90     90     54     3.429     3.429     2.405     0.9049      0.9049      0.9049      0.8265
60      B         A            6           TYR           97.53            90     90     54     3.429     3.429     2.405     0.9376      0.9376      0.9376      0.8821
61      B         A            7           PHE           97.60            90     90     54     3.429     3.429     2.405     0.9470      0.9470      0.9470      0.8989
62      B         A            8           ASP           97.88            90     90     54     3.429     3.429     2.405     0.9537      0.9537      0.9537      0.9110
63      B         A            9           SER           95.67            90     90     54     3.429     3.429     2.405     0.9036      0.9036      0.9036      0.8244
64      B         A           10           LEU           97.24            90     90     54     3.429     3.429     2.405     0.9529      0.9529      0.9529      0.9100
65      B         A           11           LEU           98.32            90     90     54     3.429     3.429     2.405     0.9602      0.9602      0.9602      0.9233
66      B         A           12           HIS           97.99            90     90     54     3.429     3.429     2.405     0.9514      0.9514      0.9514      0.9072
67      B         A           13           ALA           98.04            90     90     54     3.429     3.429     2.405     0.9336      0.9336      0.9336      0.8752
68      B         A           14           CYS           98.05            90     90     54     3.429     3.429     2.405     0.9459      0.9459      0.9459      0.8970
69      B         A           15           ILE           98.09            90     90     54     3.429     3.429     2.405     0.9495      0.9495      0.9495      0.9037
70      B         A           16           PRO           97.05            90     90     54     3.429     3.429     2.405     0.9377      0.9377      0.9377      0.8826
71      B         A           17           CYS           97.88            90     90     54     3.429     3.429     2.405     0.9269      0.9269      0.9269      0.8648
72      B         A           18           GLN           96.50            90     90     54     3.429     3.429     2.405     0.9082      0.9082      0.9082      0.8356
73      B         A           19           LEU           98.22            90     90     54     3.429     3.429     2.405     0.9416      0.9416      0.9416      0.8917
74      B         A           20           ARG           97.50            90     90     54     3.429     3.429     2.405     0.9112      0.9112      0.9112      0.8407
75      B         A           21           CYS           96.02            90     90     54     3.429     3.429     2.405     0.8605      0.8605      0.8605      0.7592
76      B         A           22           SER           92.25            90     90     54     3.429     3.429     2.405     0.7378      0.7378      0.7378      0.5986
77      B         A           23           SER           91.48            90     90     54     3.429     3.429     2.405     0.6791      0.6791      0.6791      0.5310
78      B         A           24           ASN           87.72            90     90     54     3.429     3.429     2.405     0.5929      0.5929      0.5929      0.4373
79      B         A           25           THR           89.88            90     90     54     3.429     3.429     2.405     0.6454      0.6454      0.6454      0.4846
80      B         A           26           PRO           95.10            90     90     54     3.429     3.429     2.405     0.7643      0.7643      0.7643      0.6235
81      B         A           27           PRO           95.65            90     90     54     3.429     3.429     2.405     0.8371      0.8371      0.8371      0.7236
82      B         A           28           LEU           93.97            90     90     54     3.429     3.429     2.405     0.7866      0.7866      0.7866      0.6512
83      B         A           29           THR           92.44            90     90     54     3.429     3.429     2.405     0.7615      0.7615      0.7615      0.6190
84      B         A           30           CYS           97.01            90     90     54     3.429     3.429     2.405     0.8525      0.8525      0.8525      0.7443
85      B         A           31           GLN           95.89            90     90     54     3.429     3.429     2.405     0.8136      0.8136      0.8136      0.6865
86      B         A           32           ARG           93.53            90     90     54     3.429     3.429     2.405     0.6685      0.6685      0.6685      0.5051
87      B         A           33           TYR           96.01            90     90     54     3.429     3.429     2.405     0.8114      0.8114      0.8114      0.6865
88      B         A           34           CYS           96.50            90     90     54     3.429     3.429     2.405     0.7592      0.7592      0.7592      0.6176
89      B         A           35           ASN           92.20            90     90     54     3.429     3.429     2.405     0.5628      0.5628      0.5628      0.3941
90      B         A           36           ALA           85.14            90     90     39     3.429     3.429     1.777     0.1504      0.1744      0.1744      0.0545
