i   AlignChn ScoredChain  AlignResNum  AlignResType  AlignRespLDDT      n0chn  n0dom  n0res    d0chn     d0dom     d0res   ipTM_pae  ipSAE_d0chn ipSAE_d0dom    ipSAE 
1       A         B            1           SER           83.43            90     90     36     3.429     3.429     1.621     0.2621      0.2621      0.2621      0.0791
2       A         B            2           MET           94.87            90     90     36     3.429     3.429     1.621     0.6159      0.6159      0.6159      0.2878
3       A         B            3           GLU           96.48            90     90     36     3.429     3.429     1.621     0.6294      0.6294      0.6294      0.3034
4       A         B            4           GLU           96.48            90     90     36     3.429     3.429     1.621     0.7568      0.7568      0.7568      0.4386
5       A         B            5           TYR           97.51            90     90     36     3.429     3.429     1.621     0.8815      0.8815      0.8815      0.6432
6       A         B            6           GLN           96.85            90     90     36     3.429     3.429     1.621     0.8692      0.8692      0.8692      0.6206
7       A         B            7           LYS           97.82            90     90     36     3.429     3.429     1.621     0.8663      0.8663      0.8663      0.6146
8       A         B            8           LYS           98.17            90     90     36     3.429     3.429     1.621     0.8945      0.8945      0.8945      0.6739
9       A         B            9           MET           98.29            90     90     36     3.429     3.429     1.621     0.9317      0.9317      0.9317      0.7657
10      A         B           10           SER           98.00            90     90     36     3.429     3.429     1.621     0.9185      0.9185      0.9185      0.7314
11      A         B           11           GLU           98.31            90     90     36     3.429     3.429     1.621     0.9163      0.9163      0.9163      0.7261
12      A         B           12           PHE           98.64            90     90     36     3.429     3.429     1.621     0.9375      0.9375      0.9375      0.7807
13      A         B           13           ALA           98.59            90     90     36     3.429     3.429     1.621     0.9482      0.9482      0.9482      0.8125
14      A         B           14           ASN           97.71            90     90     36     3.429     3.429     1.621     0.9302      0.9302      0.9302      0.7619
15      A         B           15           GLU           98.14            90     90     36     3.429     3.429     1.621     0.9301      0.9301      0.9301      0.7608
16      A         B           16           ILE           98.28            90     90     36     3.429     3.429     1.621     0.9428      0.9428      0.9428      0.7950
17      A         B           17           THR           96.88            90     90     36     3.429     3.429     1.621     0.9155      0.9155      0.9155      0.7214
18      A         B           18           GLU           96.97            90     90     36     3.429     3.429     1.621     0.9167      0.9167      0.9167      0.7276
19      A         B           19           GLU           96.93            90     90     36     3.429     3.429     1.621     0.9061      0.9061      0.9061      0.6977
20      A         B           20           ALA           98.09            90     90     36     3.429     3.429     1.621     0.9076      0.9076      0.9076      0.6982
21      A         B           21           MET           96.83            90     90     36     3.429     3.429     1.621     0.8884      0.8884      0.8884      0.6531
22      A         B           22           LYS           97.81            90     90     36     3.429     3.429     1.621     0.8801      0.8801      0.8801      0.6360
23      A         B           23           ASP           98.29            90     90     36     3.429     3.429     1.621     0.8636      0.8636      0.8636      0.5962
24      A         B           24           PRO           98.07            90     90     36     3.429     3.429     1.621     0.8085      0.8085      0.8085      0.4983
25      A         B           25           GLU           98.32            90     90     36     3.429     3.429     1.621     0.8375      0.8375      0.8375      0.5475
26      A         B           26           LYS           98.07            90     90     36     3.429     3.429     1.621     0.9269      0.9269      0.9269      0.7470
27      A         B           27           TYR           98.26            90     90     36     3.429     3.429     1.621     0.9418      0.9418      0.9418      0.7886
28      A         B           28           LYS           97.92            90     90     36     3.429     3.429     1.621     0.9178      0.9178      0.9178      0.7218
29      A         B           29           GLU           97.95            90     90     36     3.429     3.429     1.621     0.9377      0.9377      0.9377      0.7788
30      A         B           30           VAL           98.58            90     90     36     3.429     3.429     1.621     0.9634      0.9634      0.9634      0.8595
31      A         B           31           SER           98.09            90     90     36     3.429     3.429     1.621     0.9516      0.9516      0.9516      0.8202
32      A         B           32           TRP           97.84            90     90     36     3.429     3.429     1.621     0.9512      0.9512      0.9512      0.8188
33      A         B           33           MET           98.35            90     90     36     3.429     3.429     1.621     0.9578      0.9578      0.9578      0.8412
34      A         B           34           LEU           98.15            90     90     36     3.429     3.429     1.621     0.9657      0.9657      0.9657      0.8668
35      A         B           35           ASN           97.36            90     90     36     3.429     3.429     1.621     0.9508      0.9508      0.9508      0.8181
36      A         B           36           THR           96.69            90     90     36     3.429     3.429     1.621     0.9366      0.9366      0.9366      0.7742
37      A         B           37           GLU           94.40            90     90     36     3.429     3.429     1.621     0.8917      0.8917      0.8917      0.6587
38      A         B           38           GLU           96.41            90     90     36     3.429     3.429     1.621     0.8620      0.8620      0.8620      0.5957
39      A         B           39           GLY           97.77            90     90     36     3.429     3.429     1.621     0.9056      0.9056      0.9056      0.6940
40      A         B           40           ARG           95.55            90     90     36     3.429     3.429     1.621     0.9215      0.9215      0.9215      0.7333
41      A         B           41           TYR           97.06            90     90     36     3.429     3.429     1.621     0.9177      0.9177      0.9177      0.7228
42      A         B           42           LYS           98.01            90     90     36     3.429     3.429     1.621     0.9181      0.9181      0.9181      0.7246
43      A         B           43           LEU           98.12            90     90     36     3.429     3.429     1.621     0.9421      0.9421      0.9421      0.7919
44      A         B           44           LYS           97.92            90     90     36     3.429     3.429     1.621     0.9385      0.9385      0.9385      0.7810
45      A         B           45           GLU           98.47            90     90     36     3.429     3.429     1.621     0.9248      0.9248      0.9248      0.7433
46      A         B           46           ILE           98.39            90     90     36     3.429     3.429     1.621     0.9358      0.9358      0.9358      0.7730
47      A         B           47           VAL           98.52            90     90     36     3.429     3.429     1.621     0.9345      0.9345      0.9345      0.7705
48      A         B           48           GLU           98.23            90     90     36     3.429     3.429     1.621     0.9306      0.9306      0.9306      0.7590
49      A         B           49           LYS           98.58            90     90     36     3.429     3.429     1.621     0.8831      0.8831      0.8831      0.6427
50      A         B           50           LYS           97.90            90     90     36     3.429     3.429     1.621     0.8833      0.8833      0.8833      0.6427
51      A         B           51           ILE           98.05            90     90     36     3.429     3.429     1.621     0.8808      0.8808      0.8808      0.6355
52      A         B           52           LYS           98.02            90     90     36     3.429     3.429     1.621     0.8385      0.8385      0.8385      0.5535
53      A         B           53           GLU           96.80            90     90     36     3.429     3.429     1.621     0.6965      0.6965      0.6965      0.3581
54      A         B           54           SER           90.80            90     90     36     3.429     3.429     1.621     0.2898      0.2898      0.2898      0.0869
55      B         A            1           CYS           95.05            90     90     54     3.429     3.429     2.405     0.5563      0.5563      0.5563      0.3869
56      B         A            2           SER           90.70            90     90     54     3.429     3.429     2.405     0.6420      0.6420      0.6420      0.4760
57      B         A            3           GLN           91.75            90     90     54     3.429     3.429     2.405     0.5198      0.5198      0.5198      0.3531
58      B         A            4           ASN           93.54            90     90     54     3.429     3.429     2.405     0.7741      0.7741      0.7741      0.6366
59      B         A            5           GLU           97.21            90     90     54     3.429     3.429     2.405     0.8971      0.8971      0.8971      0.8135
60      B         A            6           TYR           97.35            90     90     54     3.429     3.429     2.405     0.9334      0.9334      0.9334      0.8746
61      B         A            7           PHE           97.49            90     90     54     3.429     3.429     2.405     0.9433      0.9433      0.9433      0.8921
62      B         A            8           ASP           97.79            90     90     54     3.429     3.429     2.405     0.9512      0.9512      0.9512      0.9065
63      B         A            9           SER           95.54            90     90     54     3.429     3.429     2.405     0.8986      0.8986      0.8986      0.8161
64      B         A           10           LEU           97.04            90     90     54     3.429     3.429     2.405     0.9508      0.9508      0.9508      0.9059
65      B         A           11           LEU           98.19            90     90     54     3.429     3.429     2.405     0.9578      0.9578      0.9578      0.9186
66      B         A           12           HIS           97.71            90     90     54     3.429     3.429     2.405     0.9477      0.9477      0.9477      0.9004
67      B         A           13           ALA           97.90            90     90     54     3.429     3.429     2.405     0.9284      0.9284      0.9284      0.8659
68      B         A           14           CYS           97.86            90     90     54     3.429     3.429     2.405     0.9411      0.9411      0.9411      0.8883
69      B         A           15           ILE           97.99            90     90     54     3.429     3.429     2.405     0.9464      0.9464      0.9464      0.8979
70      B         A           16           PRO           96.76            90     90     54     3.429     3.429     2.405     0.9326      0.9326      0.9326      0.8735
71      B         A           17           CYS           97.83            90     90     54     3.429     3.429     2.405     0.9226      0.9226      0.9226      0.8573
72      B         A           18           GLN           96.14            90     90     54     3.429     3.429     2.405     0.9001      0.9001      0.9001      0.8226
73      B         A           19           LEU           98.10            90     90     54     3.429     3.429     2.405     0.9385      0.9385      0.9385      0.8860
74      B         A           20           ARG           97.49            90     90     54     3.429     3.429     2.405     0.9075      0.9075      0.9075      0.8346
75      B         A           21           CYS           95.86            90     90     54     3.429     3.429     2.405     0.8555      0.8555      0.8555      0.7516
76      B         A           22           SER           92.43            90     90     54     3.429     3.429     2.405     0.7407      0.7407      0.7407      0.6022
77      B         A           23           SER           91.81            90     90     54     3.429     3.429     2.405     0.6820      0.6820      0.6820      0.5341
78      B         A           24           ASN           87.76            90     90     54     3.429     3.429     2.405     0.5905      0.5905      0.5905      0.4355
79      B         A           25           THR           89.93            90     90     54     3.429     3.429     2.405     0.6448      0.6448      0.6448      0.4838
80      B         A           26           PRO           95.09            90     90     54     3.429     3.429     2.405     0.7690      0.7690      0.7690      0.6293
81      B         A           27           PRO           95.47            90     90     54     3.429     3.429     2.405     0.8364      0.8364      0.8364      0.7226
82      B         A           28           LEU           94.14            90     90     54     3.429     3.429     2.405     0.7858      0.7858      0.7858      0.6501
83      B         A           29           THR           93.18            90     90     54     3.429     3.429     2.405     0.7820      0.7820      0.7820      0.6459
84      B         A           30           CYS           97.19            90     90     54     3.429     3.429     2.405     0.8588      0.8588      0.8588      0.7538
85      B         A           31           GLN           96.01            90     90     54     3.429     3.429     2.405     0.8179      0.8179      0.8179      0.6926
86      B         A           32           ARG           93.84            90     90     54     3.429     3.429     2.405     0.6795      0.6795      0.6795      0.5171
87      B         A           33           TYR           95.90            90     90     54     3.429     3.429     2.405     0.8120      0.8120      0.8120      0.6871
88      B         A           34           CYS           96.54            90     90     54     3.429     3.429     2.405     0.7622      0.7622      0.7622      0.6208
89      B         A           35           ASN           92.62            90     90     54     3.429     3.429     2.405     0.5891      0.5891      0.5891      0.4203
90      B         A           36           ALA           84.88            90     90     39     3.429     3.429     1.777     0.1476      0.1705      0.1705      0.0532
