i   AlignChn ScoredChain  AlignResNum  AlignResType  AlignRespLDDT      n0chn  n0dom  n0res    d0chn     d0dom     d0res   ipTM_pae  ipSAE_d0chn ipSAE_d0dom    ipSAE 
1       A         B            1           SER           83.47            90     90     36     3.429     3.429     1.621     0.2956      0.2956      0.2956      0.0931
2       A         B            2           MET           95.26            90     90     36     3.429     3.429     1.621     0.6433      0.6433      0.6433      0.3127
3       A         B            3           GLU           96.77            90     90     36     3.429     3.429     1.621     0.6640      0.6640      0.6640      0.3363
4       A         B            4           GLU           96.75            90     90     36     3.429     3.429     1.621     0.7613      0.7613      0.7613      0.4456
5       A         B            5           TYR           97.53            90     90     36     3.429     3.429     1.621     0.8839      0.8839      0.8839      0.6485
6       A         B            6           GLN           97.20            90     90     36     3.429     3.429     1.621     0.8734      0.8734      0.8734      0.6295
7       A         B            7           LYS           97.94            90     90     36     3.429     3.429     1.621     0.8700      0.8700      0.8700      0.6219
8       A         B            8           LYS           98.22            90     90     36     3.429     3.429     1.621     0.9001      0.9001      0.9001      0.6867
9       A         B            9           MET           98.29            90     90     36     3.429     3.429     1.621     0.9333      0.9333      0.9333      0.7704
10      A         B           10           SER           98.14            90     90     36     3.429     3.429     1.621     0.9216      0.9216      0.9216      0.7396
11      A         B           11           GLU           98.35            90     90     36     3.429     3.429     1.621     0.9186      0.9186      0.9186      0.7318
12      A         B           12           PHE           98.65            90     90     36     3.429     3.429     1.621     0.9370      0.9370      0.9370      0.7794
13      A         B           13           ALA           98.60            90     90     36     3.429     3.429     1.621     0.9485      0.9485      0.9485      0.8137
14      A         B           14           ASN           97.76            90     90     36     3.429     3.429     1.621     0.9299      0.9299      0.9299      0.7613
15      A         B           15           GLU           98.14            90     90     36     3.429     3.429     1.621     0.9298      0.9298      0.9298      0.7597
16      A         B           16           ILE           98.28            90     90     36     3.429     3.429     1.621     0.9418      0.9418      0.9418      0.7917
17      A         B           17           THR           96.59            90     90     36     3.429     3.429     1.621     0.9105      0.9105      0.9105      0.7090
18      A         B           18           GLU           96.99            90     90     36     3.429     3.429     1.621     0.9175      0.9175      0.9175      0.7290
19      A         B           19           GLU           97.00            90     90     36     3.429     3.429     1.621     0.9088      0.9088      0.9088      0.7035
20      A         B           20           ALA           98.10            90     90     36     3.429     3.429     1.621     0.9085      0.9085      0.9085      0.7001
21      A         B           21           MET           96.81            90     90     36     3.429     3.429     1.621     0.8886      0.8886      0.8886      0.6534
22      A         B           22           LYS           97.87            90     90     36     3.429     3.429     1.621     0.8835      0.8835      0.8835      0.6434
23      A         B           23           ASP           98.31            90     90     36     3.429     3.429     1.621     0.8727      0.8727      0.8727      0.6147
24      A         B           24           PRO           98.13            90     90     36     3.429     3.429     1.621     0.8256      0.8256      0.8256      0.5259
25      A         B           25           GLU           98.39            90     90     36     3.429     3.429     1.621     0.8535      0.8535      0.8535      0.5771
26      A         B           26           LYS           98.12            90     90     36     3.429     3.429     1.621     0.9309      0.9309      0.9309      0.7582
27      A         B           27           TYR           98.27            90     90     36     3.429     3.429     1.621     0.9432      0.9432      0.9432      0.7927
28      A         B           28           LYS           97.96            90     90     36     3.429     3.429     1.621     0.9209      0.9209      0.9209      0.7297
29      A         B           29           GLU           97.99            90     90     36     3.429     3.429     1.621     0.9389      0.9389      0.9389      0.7820
30      A         B           30           VAL           98.58            90     90     36     3.429     3.429     1.621     0.9635      0.9635      0.9635      0.8598
31      A         B           31           SER           98.04            90     90     36     3.429     3.429     1.621     0.9514      0.9514      0.9514      0.8196
32      A         B           32           TRP           97.84            90     90     36     3.429     3.429     1.621     0.9513      0.9513      0.9513      0.8190
33      A         B           33           MET           98.35            90     90     36     3.429     3.429     1.621     0.9576      0.9576      0.9576      0.8404
34      A         B           34           LEU           98.13            90     90     36     3.429     3.429     1.621     0.9652      0.9652      0.9652      0.8650
35      A         B           35           ASN           97.25            90     90     36     3.429     3.429     1.621     0.9490      0.9490      0.9490      0.8126
36      A         B           36           THR           96.51            90     90     36     3.429     3.429     1.621     0.9360      0.9360      0.9360      0.7723
37      A         B           37           GLU           94.49            90     90     36     3.429     3.429     1.621     0.8927      0.8927      0.8927      0.6608
38      A         B           38           GLU           96.48            90     90     36     3.429     3.429     1.621     0.8650      0.8650      0.8650      0.6016
39      A         B           39           GLY           97.76            90     90     36     3.429     3.429     1.621     0.9070      0.9070      0.9070      0.6979
40      A         B           40           ARG           95.53            90     90     36     3.429     3.429     1.621     0.9237      0.9237      0.9237      0.7392
41      A         B           41           TYR           97.28            90     90     36     3.429     3.429     1.621     0.9216      0.9216      0.9216      0.7330
42      A         B           42           LYS           98.05            90     90     36     3.429     3.429     1.621     0.9213      0.9213      0.9213      0.7330
43      A         B           43           LEU           98.18            90     90     36     3.429     3.429     1.621     0.9433      0.9433      0.9433      0.7958
44      A         B           44           LYS           98.02            90     90     36     3.429     3.429     1.621     0.9401      0.9401      0.9401      0.7857
45      A         B           45           GLU           98.52            90     90     36     3.429     3.429     1.621     0.9273      0.9273      0.9273      0.7501
46      A         B           46           ILE           98.43            90     90     36     3.429     3.429     1.621     0.9367      0.9367      0.9367      0.7757
47      A         B           47           VAL           98.55            90     90     36     3.429     3.429     1.621     0.9364      0.9364      0.9364      0.7760
48      A         B           48           GLU           98.30            90     90     36     3.429     3.429     1.621     0.9328      0.9328      0.9328      0.7651
49      A         B           49           LYS           98.63            90     90     36     3.429     3.429     1.621     0.8850      0.8850      0.8850      0.6466
50      A         B           50           LYS           97.98            90     90     36     3.429     3.429     1.621     0.8851      0.8851      0.8851      0.6465
51      A         B           51           ILE           98.12            90     90     36     3.429     3.429     1.621     0.8820      0.8820      0.8820      0.6383
52      A         B           52           LYS           98.02            90     90     36     3.429     3.429     1.621     0.8385      0.8385      0.8385      0.5540
53      A         B           53           GLU           97.12            90     90     36     3.429     3.429     1.621     0.6870      0.6870      0.6870      0.3483
54      A         B           54           SER           90.99            90     90     36     3.429     3.429     1.621     0.2797      0.2797      0.2797      0.0831
55      B         A            1           CYS           95.46            90     90     54     3.429     3.429     2.405     0.5652      0.5652      0.5652      0.3956
56      B         A            2           SER           90.61            90     90     54     3.429     3.429     2.405     0.6443      0.6443      0.6443      0.4784
57      B         A            3           GLN           92.10            90     90     54     3.429     3.429     2.405     0.5181      0.5181      0.5181      0.3517
58      B         A            4           ASN           93.71            90     90     54     3.429     3.429     2.405     0.7801      0.7801      0.7801      0.6445
59      B         A            5           GLU           97.29            90     90     54     3.429     3.429     2.405     0.9015      0.9015      0.9015      0.8206
60      B         A            6           TYR           97.53            90     90     54     3.429     3.429     2.405     0.9358      0.9358      0.9358      0.8788
61      B         A            7           PHE           97.65            90     90     54     3.429     3.429     2.405     0.9462      0.9462      0.9462      0.8973
62      B         A            8           ASP           97.88            90     90     54     3.429     3.429     2.405     0.9534      0.9534      0.9534      0.9103
63      B         A            9           SER           95.78            90     90     54     3.429     3.429     2.405     0.9030      0.9030      0.9030      0.8233
64      B         A           10           LEU           97.12            90     90     54     3.429     3.429     2.405     0.9527      0.9527      0.9527      0.9093
65      B         A           11           LEU           98.28            90     90     54     3.429     3.429     2.405     0.9591      0.9591      0.9591      0.9212
66      B         A           12           HIS           97.89            90     90     54     3.429     3.429     2.405     0.9507      0.9507      0.9507      0.9058
67      B         A           13           ALA           98.01            90     90     54     3.429     3.429     2.405     0.9323      0.9323      0.9323      0.8727
68      B         A           14           CYS           97.99            90     90     54     3.429     3.429     2.405     0.9435      0.9435      0.9435      0.8925
69      B         A           15           ILE           98.06            90     90     54     3.429     3.429     2.405     0.9483      0.9483      0.9483      0.9012
70      B         A           16           PRO           96.93            90     90     54     3.429     3.429     2.405     0.9335      0.9335      0.9335      0.8752
71      B         A           17           CYS           97.81            90     90     54     3.429     3.429     2.405     0.9210      0.9210      0.9210      0.8545
72      B         A           18           GLN           95.22            90     90     54     3.429     3.429     2.405     0.8671      0.8671      0.8671      0.7720
73      B         A           19           LEU           98.03            90     90     54     3.429     3.429     2.405     0.9381      0.9381      0.9381      0.8853
74      B         A           20           ARG           97.43            90     90     54     3.429     3.429     2.405     0.9104      0.9104      0.9104      0.8391
75      B         A           21           CYS           95.81            90     90     54     3.429     3.429     2.405     0.8589      0.8589      0.8589      0.7562
76      B         A           22           SER           92.19            90     90     54     3.429     3.429     2.405     0.7411      0.7411      0.7411      0.6023
77      B         A           23           SER           91.51            90     90     54     3.429     3.429     2.405     0.6865      0.6865      0.6865      0.5389
78      B         A           24           ASN           87.83            90     90     54     3.429     3.429     2.405     0.5889      0.5889      0.5889      0.4328
79      B         A           25           THR           89.80            90     90     54     3.429     3.429     2.405     0.6460      0.6460      0.6460      0.4843
80      B         A           26           PRO           95.09            90     90     54     3.429     3.429     2.405     0.7658      0.7658      0.7658      0.6249
81      B         A           27           PRO           95.58            90     90     54     3.429     3.429     2.405     0.8385      0.8385      0.8385      0.7254
82      B         A           28           LEU           94.23            90     90     54     3.429     3.429     2.405     0.7911      0.7911      0.7911      0.6568
83      B         A           29           THR           93.01            90     90     54     3.429     3.429     2.405     0.7709      0.7709      0.7709      0.6309
84      B         A           30           CYS           97.06            90     90     54     3.429     3.429     2.405     0.8549      0.8549      0.8549      0.7477
85      B         A           31           GLN           95.99            90     90     54     3.429     3.429     2.405     0.8141      0.8141      0.8141      0.6873
86      B         A           32           ARG           93.79            90     90     54     3.429     3.429     2.405     0.6748      0.6748      0.6748      0.5118
87      B         A           33           TYR           95.80            90     90     54     3.429     3.429     2.405     0.8088      0.8088      0.8088      0.6826
88      B         A           34           CYS           96.48            90     90     54     3.429     3.429     2.405     0.7493      0.7493      0.7493      0.6048
89      B         A           35           ASN           91.60            90     90     54     3.429     3.429     2.405     0.5728      0.5728      0.5728      0.4038
90      B         A           36           ALA           84.93            90     90     35     3.429     3.429     1.566     0.1322      0.1581      0.1581      0.0382
