i   AlignChn ScoredChain  AlignResNum  AlignResType  AlignRespLDDT      n0chn  n0dom  n0res    d0chn     d0dom     d0res   ipTM_pae  ipSAE_d0chn ipSAE_d0dom    ipSAE 
1       A         B            1           SER           83.40            90     90     36     3.429     3.429     1.621     0.2988      0.2988      0.2988      0.0942
2       A         B            2           MET           95.23            90     90     36     3.429     3.429     1.621     0.6342      0.6342      0.6342      0.3047
3       A         B            3           GLU           96.62            90     90     36     3.429     3.429     1.621     0.6523      0.6523      0.6523      0.3251
4       A         B            4           GLU           96.78            90     90     36     3.429     3.429     1.621     0.7755      0.7755      0.7755      0.4638
5       A         B            5           TYR           97.64            90     90     36     3.429     3.429     1.621     0.8958      0.8958      0.8958      0.6746
6       A         B            6           GLN           97.30            90     90     36     3.429     3.429     1.621     0.8838      0.8838      0.8838      0.6510
7       A         B            7           LYS           97.94            90     90     36     3.429     3.429     1.621     0.8818      0.8818      0.8818      0.6456
8       A         B            8           LYS           98.26            90     90     36     3.429     3.429     1.621     0.9092      0.9092      0.9092      0.7078
9       A         B            9           MET           98.34            90     90     36     3.429     3.429     1.621     0.9411      0.9411      0.9411      0.7920
10      A         B           10           SER           98.12            90     90     36     3.429     3.429     1.621     0.9280      0.9280      0.9280      0.7558
11      A         B           11           GLU           98.31            90     90     36     3.429     3.429     1.621     0.9256      0.9256      0.9256      0.7494
12      A         B           12           PHE           98.60            90     90     36     3.429     3.429     1.621     0.9412      0.9412      0.9412      0.7910
13      A         B           13           ALA           98.62            90     90     36     3.429     3.429     1.621     0.9536      0.9536      0.9536      0.8289
14      A         B           14           ASN           97.79            90     90     36     3.429     3.429     1.621     0.9363      0.9363      0.9363      0.7784
15      A         B           15           GLU           98.07            90     90     36     3.429     3.429     1.621     0.9370      0.9370      0.9370      0.7795
16      A         B           16           ILE           98.21            90     90     36     3.429     3.429     1.621     0.9465      0.9465      0.9465      0.8054
17      A         B           17           THR           96.54            90     90     36     3.429     3.429     1.621     0.9175      0.9175      0.9175      0.7262
18      A         B           18           GLU           96.75            90     90     36     3.429     3.429     1.621     0.9220      0.9220      0.9220      0.7405
19      A         B           19           GLU           96.86            90     90     36     3.429     3.429     1.621     0.9140      0.9140      0.9140      0.7162
20      A         B           20           ALA           97.90            90     90     36     3.429     3.429     1.621     0.9108      0.9108      0.9108      0.7056
21      A         B           21           MET           96.38            90     90     36     3.429     3.429     1.621     0.8899      0.8899      0.8899      0.6558
22      A         B           22           LYS           97.72            90     90     36     3.429     3.429     1.621     0.8876      0.8876      0.8876      0.6520
23      A         B           23           ASP           98.34            90     90     36     3.429     3.429     1.621     0.8811      0.8811      0.8811      0.6322
24      A         B           24           PRO           98.07            90     90     36     3.429     3.429     1.621     0.8327      0.8327      0.8327      0.5379
25      A         B           25           GLU           98.40            90     90     36     3.429     3.429     1.621     0.8602      0.8602      0.8602      0.5894
26      A         B           26           LYS           98.07            90     90     36     3.429     3.429     1.621     0.9337      0.9337      0.9337      0.7654
27      A         B           27           TYR           98.21            90     90     36     3.429     3.429     1.621     0.9469      0.9469      0.9469      0.8037
28      A         B           28           LYS           97.96            90     90     36     3.429     3.429     1.621     0.9262      0.9262      0.9262      0.7438
29      A         B           29           GLU           98.09            90     90     36     3.429     3.429     1.621     0.9450      0.9450      0.9450      0.7995
30      A         B           30           VAL           98.54            90     90     36     3.429     3.429     1.621     0.9657      0.9657      0.9657      0.8668
31      A         B           31           SER           98.01            90     90     36     3.429     3.429     1.621     0.9546      0.9546      0.9546      0.8293
32      A         B           32           TRP           97.86            90     90     36     3.429     3.429     1.621     0.9554      0.9554      0.9554      0.8316
33      A         B           33           MET           98.35            90     90     36     3.429     3.429     1.621     0.9613      0.9613      0.9613      0.8521
34      A         B           34           LEU           98.15            90     90     36     3.429     3.429     1.621     0.9688      0.9688      0.9688      0.8773
35      A         B           35           ASN           97.38            90     90     36     3.429     3.429     1.621     0.9551      0.9551      0.9551      0.8315
36      A         B           36           THR           96.69            90     90     36     3.429     3.429     1.621     0.9428      0.9428      0.9428      0.7921
37      A         B           37           GLU           94.58            90     90     36     3.429     3.429     1.621     0.9048      0.9048      0.9048      0.6897
38      A         B           38           GLU           96.53            90     90     36     3.429     3.429     1.621     0.8802      0.8802      0.8802      0.6335
39      A         B           39           GLY           97.79            90     90     36     3.429     3.429     1.621     0.9185      0.9185      0.9185      0.7263
40      A         B           40           ARG           95.60            90     90     36     3.429     3.429     1.621     0.9303      0.9303      0.9303      0.7570
41      A         B           41           TYR           97.35            90     90     36     3.429     3.429     1.621     0.9247      0.9247      0.9247      0.7411
42      A         B           42           LYS           98.04            90     90     36     3.429     3.429     1.621     0.9284      0.9284      0.9284      0.7519
43      A         B           43           LEU           98.22            90     90     36     3.429     3.429     1.621     0.9497      0.9497      0.9497      0.8148
44      A         B           44           LYS           98.22            90     90     36     3.429     3.429     1.621     0.9477      0.9477      0.9477      0.8084
45      A         B           45           GLU           98.56            90     90     36     3.429     3.429     1.621     0.9342      0.9342      0.9342      0.7689
46      A         B           46           ILE           98.43            90     90     36     3.429     3.429     1.621     0.9435      0.9435      0.9435      0.7951
47      A         B           47           VAL           98.57            90     90     36     3.429     3.429     1.621     0.9437      0.9437      0.9437      0.7967
48      A         B           48           GLU           98.37            90     90     36     3.429     3.429     1.621     0.9389      0.9389      0.9389      0.7822
49      A         B           49           LYS           98.58            90     90     36     3.429     3.429     1.621     0.8946      0.8946      0.8946      0.6680
50      A         B           50           LYS           97.94            90     90     36     3.429     3.429     1.621     0.8955      0.8955      0.8955      0.6697
51      A         B           51           ILE           98.12            90     90     36     3.429     3.429     1.621     0.8925      0.8925      0.8925      0.6614
52      A         B           52           LYS           98.04            90     90     36     3.429     3.429     1.621     0.8528      0.8528      0.8528      0.5800
53      A         B           53           GLU           96.95            90     90     36     3.429     3.429     1.621     0.7125      0.7125      0.7125      0.3760
54      A         B           54           SER           90.89            90     90     36     3.429     3.429     1.621     0.3010      0.3010      0.3010      0.0915
55      B         A            1           CYS           95.50            90     90     54     3.429     3.429     2.405     0.5952      0.5952      0.5952      0.4254
56      B         A            2           SER           91.23            90     90     54     3.429     3.429     2.405     0.6835      0.6835      0.6835      0.5213
57      B         A            3           GLN           91.63            90     90     54     3.429     3.429     2.405     0.5397      0.5397      0.5397      0.3712
58      B         A            4           ASN           93.53            90     90     54     3.429     3.429     2.405     0.7881      0.7881      0.7881      0.6550
59      B         A            5           GLU           97.19            90     90     54     3.429     3.429     2.405     0.9096      0.9096      0.9096      0.8340
60      B         A            6           TYR           97.44            90     90     54     3.429     3.429     2.405     0.9418      0.9418      0.9418      0.8893
61      B         A            7           PHE           97.51            90     90     54     3.429     3.429     2.405     0.9500      0.9500      0.9500      0.9042
62      B         A            8           ASP           97.85            90     90     54     3.429     3.429     2.405     0.9580      0.9580      0.9580      0.9188
63      B         A            9           SER           95.84            90     90     54     3.429     3.429     2.405     0.9122      0.9122      0.9122      0.8386
64      B         A           10           LEU           97.25            90     90     54     3.429     3.429     2.405     0.9579      0.9579      0.9579      0.9189
65      B         A           11           LEU           98.31            90     90     54     3.429     3.429     2.405     0.9641      0.9641      0.9641      0.9304
66      B         A           12           HIS           97.96            90     90     54     3.429     3.429     2.405     0.9558      0.9558      0.9558      0.9151
67      B         A           13           ALA           98.03            90     90     54     3.429     3.429     2.405     0.9387      0.9387      0.9387      0.8840
68      B         A           14           CYS           97.94            90     90     54     3.429     3.429     2.405     0.9490      0.9490      0.9490      0.9023
69      B         A           15           ILE           98.01            90     90     54     3.429     3.429     2.405     0.9536      0.9536      0.9536      0.9107
70      B         A           16           PRO           96.62            90     90     54     3.429     3.429     2.405     0.9401      0.9401      0.9401      0.8867
71      B         A           17           CYS           97.68            90     90     54     3.429     3.429     2.405     0.9293      0.9293      0.9293      0.8686
72      B         A           18           GLN           95.22            90     90     54     3.429     3.429     2.405     0.8958      0.8958      0.8958      0.8153
73      B         A           19           LEU           97.90            90     90     54     3.429     3.429     2.405     0.9427      0.9427      0.9427      0.8930
74      B         A           20           ARG           97.39            90     90     54     3.429     3.429     2.405     0.9190      0.9190      0.9190      0.8530
75      B         A           21           CYS           95.90            90     90     54     3.429     3.429     2.405     0.8754      0.8754      0.8754      0.7813
76      B         A           22           SER           92.42            90     90     54     3.429     3.429     2.405     0.7614      0.7614      0.7614      0.6280
77      B         A           23           SER           91.65            90     90     54     3.429     3.429     2.405     0.7116      0.7116      0.7116      0.5679
78      B         A           24           ASN           87.73            90     90     54     3.429     3.429     2.405     0.6222      0.6222      0.6222      0.4677
79      B         A           25           THR           89.47            90     90     54     3.429     3.429     2.405     0.6800      0.6800      0.6800      0.5225
80      B         A           26           PRO           94.95            90     90     54     3.429     3.429     2.405     0.7840      0.7840      0.7840      0.6491
81      B         A           27           PRO           95.52            90     90     54     3.429     3.429     2.405     0.8527      0.8527      0.8527      0.7462
82      B         A           28           LEU           93.76            90     90     54     3.429     3.429     2.405     0.8030      0.8030      0.8030      0.6731
83      B         A           29           THR           91.94            90     90     54     3.429     3.429     2.405     0.7765      0.7765      0.7765      0.6383
84      B         A           30           CYS           96.88            90     90     54     3.429     3.429     2.405     0.8691      0.8691      0.8691      0.7694
85      B         A           31           GLN           95.77            90     90     54     3.429     3.429     2.405     0.8318      0.8318      0.8318      0.7124
86      B         A           32           ARG           93.47            90     90     54     3.429     3.429     2.405     0.7004      0.7004      0.7004      0.5414
87      B         A           33           TYR           95.61            90     90     54     3.429     3.429     2.405     0.8305      0.8305      0.8305      0.7131
88      B         A           34           CYS           96.40            90     90     54     3.429     3.429     2.405     0.7899      0.7899      0.7899      0.6571
89      B         A           35           ASN           92.53            90     90     54     3.429     3.429     2.405     0.6297      0.6297      0.6297      0.4623
90      B         A           36           ALA           84.70            90     90     45     3.429     3.429     2.053     0.1678      0.1831      0.1831      0.0756
