i   AlignChn ScoredChain  AlignResNum  AlignResType  AlignRespLDDT      n0chn  n0dom  n0res    d0chn     d0dom     d0res   ipTM_pae  ipSAE_d0chn ipSAE_d0dom    ipSAE 
1       A         B            1           SER           83.28            90     90     36     3.429     3.429     1.621     0.2785      0.2785      0.2785      0.0858
2       A         B            2           MET           94.97            90     90     36     3.429     3.429     1.621     0.6073      0.6073      0.6073      0.2814
3       A         B            3           GLU           96.73            90     90     36     3.429     3.429     1.621     0.6393      0.6393      0.6393      0.3128
4       A         B            4           GLU           96.58            90     90     36     3.429     3.429     1.621     0.7519      0.7519      0.7519      0.4327
5       A         B            5           TYR           97.54            90     90     36     3.429     3.429     1.621     0.8814      0.8814      0.8814      0.6435
6       A         B            6           GLN           97.19            90     90     36     3.429     3.429     1.621     0.8715      0.8715      0.8715      0.6258
7       A         B            7           LYS           97.89            90     90     36     3.429     3.429     1.621     0.8673      0.8673      0.8673      0.6165
8       A         B            8           LYS           98.22            90     90     36     3.429     3.429     1.621     0.8978      0.8978      0.8978      0.6815
9       A         B            9           MET           98.30            90     90     36     3.429     3.429     1.621     0.9343      0.9343      0.9343      0.7733
10      A         B           10           SER           98.06            90     90     36     3.429     3.429     1.621     0.9198      0.9198      0.9198      0.7349
11      A         B           11           GLU           98.32            90     90     36     3.429     3.429     1.621     0.9157      0.9157      0.9157      0.7247
12      A         B           12           PHE           98.61            90     90     36     3.429     3.429     1.621     0.9360      0.9360      0.9360      0.7766
13      A         B           13           ALA           98.56            90     90     36     3.429     3.429     1.621     0.9469      0.9469      0.9469      0.8087
14      A         B           14           ASN           97.77            90     90     36     3.429     3.429     1.621     0.9287      0.9287      0.9287      0.7581
15      A         B           15           GLU           98.09            90     90     36     3.429     3.429     1.621     0.9277      0.9277      0.9277      0.7541
16      A         B           16           ILE           98.16            90     90     36     3.429     3.429     1.621     0.9398      0.9398      0.9398      0.7861
17      A         B           17           THR           96.58            90     90     36     3.429     3.429     1.621     0.9113      0.9113      0.9113      0.7112
18      A         B           18           GLU           96.94            90     90     36     3.429     3.429     1.621     0.9155      0.9155      0.9155      0.7240
19      A         B           19           GLU           96.96            90     90     36     3.429     3.429     1.621     0.9047      0.9047      0.9047      0.6940
20      A         B           20           ALA           97.84            90     90     36     3.429     3.429     1.621     0.9019      0.9019      0.9019      0.6846
21      A         B           21           MET           96.48            90     90     36     3.429     3.429     1.621     0.8779      0.8779      0.8779      0.6303
22      A         B           22           LYS           97.75            90     90     36     3.429     3.429     1.621     0.8762      0.8762      0.8762      0.6277
23      A         B           23           ASP           98.24            90     90     36     3.429     3.429     1.621     0.8610      0.8610      0.8610      0.5909
24      A         B           24           PRO           98.03            90     90     36     3.429     3.429     1.621     0.8029      0.8029      0.8029      0.4886
25      A         B           25           GLU           98.21            90     90     36     3.429     3.429     1.621     0.8209      0.8209      0.8209      0.5182
26      A         B           26           LYS           97.90            90     90     36     3.429     3.429     1.621     0.9157      0.9157      0.9157      0.7171
27      A         B           27           TYR           98.11            90     90     36     3.429     3.429     1.621     0.9376      0.9376      0.9376      0.7760
28      A         B           28           LYS           97.74            90     90     36     3.429     3.429     1.621     0.9100      0.9100      0.9100      0.7017
29      A         B           29           GLU           97.94            90     90     36     3.429     3.429     1.621     0.9357      0.9357      0.9357      0.7727
30      A         B           30           VAL           98.43            90     90     36     3.429     3.429     1.621     0.9598      0.9598      0.9598      0.8475
31      A         B           31           SER           97.85            90     90     36     3.429     3.429     1.621     0.9485      0.9485      0.9485      0.8104
32      A         B           32           TRP           97.65            90     90     36     3.429     3.429     1.621     0.9495      0.9495      0.9495      0.8133
33      A         B           33           MET           98.26            90     90     36     3.429     3.429     1.621     0.9566      0.9566      0.9566      0.8372
34      A         B           34           LEU           98.02            90     90     36     3.429     3.429     1.621     0.9641      0.9641      0.9641      0.8614
35      A         B           35           ASN           96.97            90     90     36     3.429     3.429     1.621     0.9481      0.9481      0.9481      0.8096
36      A         B           36           THR           96.25            90     90     36     3.429     3.429     1.621     0.9348      0.9348      0.9348      0.7687
37      A         B           37           GLU           94.03            90     90     36     3.429     3.429     1.621     0.8869      0.8869      0.8869      0.6473
38      A         B           38           GLU           96.34            90     90     36     3.429     3.429     1.621     0.8639      0.8639      0.8639      0.5994
39      A         B           39           GLY           97.61            90     90     36     3.429     3.429     1.621     0.9065      0.9065      0.9065      0.6968
40      A         B           40           ARG           95.52            90     90     36     3.429     3.429     1.621     0.9216      0.9216      0.9216      0.7338
41      A         B           41           TYR           97.35            90     90     36     3.429     3.429     1.621     0.9203      0.9203      0.9203      0.7294
42      A         B           42           LYS           98.03            90     90     36     3.429     3.429     1.621     0.9196      0.9196      0.9196      0.7290
43      A         B           43           LEU           98.11            90     90     36     3.429     3.429     1.621     0.9428      0.9428      0.9428      0.7944
44      A         B           44           LYS           98.13            90     90     36     3.429     3.429     1.621     0.9408      0.9408      0.9408      0.7882
45      A         B           45           GLU           98.55            90     90     36     3.429     3.429     1.621     0.9273      0.9273      0.9273      0.7505
46      A         B           46           ILE           98.37            90     90     36     3.429     3.429     1.621     0.9359      0.9359      0.9359      0.7736
47      A         B           47           VAL           98.50            90     90     36     3.429     3.429     1.621     0.9365      0.9365      0.9365      0.7762
48      A         B           48           GLU           98.32            90     90     36     3.429     3.429     1.621     0.9321      0.9321      0.9321      0.7634
49      A         B           49           LYS           98.62            90     90     36     3.429     3.429     1.621     0.8825      0.8825      0.8825      0.6418
50      A         B           50           LYS           97.97            90     90     36     3.429     3.429     1.621     0.8824      0.8824      0.8824      0.6410
51      A         B           51           ILE           98.10            90     90     36     3.429     3.429     1.621     0.8793      0.8793      0.8793      0.6328
52      A         B           52           LYS           98.02            90     90     36     3.429     3.429     1.621     0.8355      0.8355      0.8355      0.5489
53      A         B           53           GLU           96.89            90     90     36     3.429     3.429     1.621     0.6848      0.6848      0.6848      0.3466
54      A         B           54           SER           90.90            90     90     36     3.429     3.429     1.621     0.2801      0.2801      0.2801      0.0833
55      B         A            1           CYS           95.45            90     90     54     3.429     3.429     2.405     0.5872      0.5872      0.5872      0.4177
56      B         A            2           SER           91.53            90     90     54     3.429     3.429     2.405     0.6829      0.6829      0.6829      0.5215
57      B         A            3           GLN           92.38            90     90     54     3.429     3.429     2.405     0.5660      0.5660      0.5660      0.3972
58      B         A            4           ASN           94.07            90     90     54     3.429     3.429     2.405     0.7967      0.7967      0.7967      0.6669
59      B         A            5           GLU           97.31            90     90     54     3.429     3.429     2.405     0.9057      0.9057      0.9057      0.8276
60      B         A            6           TYR           97.49            90     90     54     3.429     3.429     2.405     0.9366      0.9366      0.9366      0.8803
61      B         A            7           PHE           97.58            90     90     54     3.429     3.429     2.405     0.9462      0.9462      0.9462      0.8974
62      B         A            8           ASP           97.79            90     90     54     3.429     3.429     2.405     0.9542      0.9542      0.9542      0.9119
63      B         A            9           SER           95.82            90     90     54     3.429     3.429     2.405     0.9078      0.9078      0.9078      0.8312
64      B         A           10           LEU           97.18            90     90     54     3.429     3.429     2.405     0.9538      0.9538      0.9538      0.9115
65      B         A           11           LEU           98.22            90     90     54     3.429     3.429     2.405     0.9602      0.9602      0.9602      0.9232
66      B         A           12           HIS           97.88            90     90     54     3.429     3.429     2.405     0.9506      0.9506      0.9506      0.9057
67      B         A           13           ALA           97.80            90     90     54     3.429     3.429     2.405     0.9295      0.9295      0.9295      0.8679
68      B         A           14           CYS           97.94            90     90     54     3.429     3.429     2.405     0.9435      0.9435      0.9435      0.8925
69      B         A           15           ILE           97.90            90     90     54     3.429     3.429     2.405     0.9466      0.9466      0.9466      0.8981
70      B         A           16           PRO           96.79            90     90     54     3.429     3.429     2.405     0.9334      0.9334      0.9334      0.8750
71      B         A           17           CYS           97.77            90     90     54     3.429     3.429     2.405     0.9234      0.9234      0.9234      0.8586
72      B         A           18           GLN           94.95            90     90     54     3.429     3.429     2.405     0.8731      0.8731      0.8731      0.7801
73      B         A           19           LEU           97.85            90     90     54     3.429     3.429     2.405     0.9352      0.9352      0.9352      0.8803
74      B         A           20           ARG           97.32            90     90     54     3.429     3.429     2.405     0.9070      0.9070      0.9070      0.8335
75      B         A           21           CYS           95.72            90     90     54     3.429     3.429     2.405     0.8524      0.8524      0.8524      0.7466
76      B         A           22           SER           91.66            90     90     54     3.429     3.429     2.405     0.7186      0.7186      0.7186      0.5748
77      B         A           23           SER           90.69            90     90     54     3.429     3.429     2.405     0.6523      0.6523      0.6523      0.5003
78      B         A           24           ASN           86.90            90     90     54     3.429     3.429     2.405     0.5747      0.5747      0.5747      0.4184
79      B         A           25           THR           89.36            90     90     54     3.429     3.429     2.405     0.6186      0.6186      0.6186      0.4556
80      B         A           26           PRO           94.72            90     90     54     3.429     3.429     2.405     0.7485      0.7485      0.7485      0.6029
81      B         A           27           PRO           95.56            90     90     54     3.429     3.429     2.405     0.8290      0.8290      0.8290      0.7116
82      B         A           28           LEU           94.23            90     90     54     3.429     3.429     2.405     0.7814      0.7814      0.7814      0.6440
83      B         A           29           THR           93.04            90     90     54     3.429     3.429     2.405     0.7660      0.7660      0.7660      0.6242
84      B         A           30           CYS           97.15            90     90     54     3.429     3.429     2.405     0.8569      0.8569      0.8569      0.7507
85      B         A           31           GLN           96.07            90     90     54     3.429     3.429     2.405     0.8151      0.8151      0.8151      0.6886
86      B         A           32           ARG           93.97            90     90     54     3.429     3.429     2.405     0.6739      0.6739      0.6739      0.5107
87      B         A           33           TYR           96.04            90     90     54     3.429     3.429     2.405     0.8133      0.8133      0.8133      0.6885
88      B         A           34           CYS           96.35            90     90     54     3.429     3.429     2.405     0.7578      0.7578      0.7578      0.6152
89      B         A           35           ASN           92.77            90     90     54     3.429     3.429     2.405     0.5949      0.5949      0.5949      0.4259
90      B         A           36           ALA           84.88            90     90     39     3.429     3.429     1.777     0.1454      0.1680      0.1680      0.0521
