i   AlignChn ScoredChain  AlignResNum  AlignResType  AlignRespLDDT      n0chn  n0dom  n0res    d0chn     d0dom     d0res   ipTM_pae  ipSAE_d0chn ipSAE_d0dom    ipSAE 
1       A         B            1           SER           89.12            90     90     35     3.429     3.429     1.566     0.2162      0.2195      0.2195      0.0589
2       A         B            2           LYS           92.39            90     90     36     3.429     3.429     1.621     0.5106      0.5106      0.5106      0.2088
3       A         B            3           GLU           94.14            90     90     36     3.429     3.429     1.621     0.5423      0.5423      0.5423      0.2312
4       A         B            4           GLN           94.15            90     90     36     3.429     3.429     1.621     0.6494      0.6494      0.6494      0.3197
5       A         B            5           TYR           94.38            90     90     36     3.429     3.429     1.621     0.7989      0.7989      0.7989      0.4985
6       A         B            6           GLN           95.36            90     90     36     3.429     3.429     1.621     0.7957      0.7957      0.7957      0.4947
7       A         B            7           GLY           97.14            90     90     36     3.429     3.429     1.621     0.7981      0.7981      0.7981      0.4987
8       A         B            8           LEU           96.85            90     90     36     3.429     3.429     1.621     0.8730      0.8730      0.8730      0.6288
9       A         B            9           MET           97.62            90     90     36     3.429     3.429     1.621     0.9020      0.9020      0.9020      0.6938
10      A         B           10           SER           97.15            90     90     36     3.429     3.429     1.621     0.8897      0.8897      0.8897      0.6640
11      A         B           11           LYS           97.47            90     90     36     3.429     3.429     1.621     0.8833      0.8833      0.8833      0.6518
12      A         B           12           PHE           97.86            90     90     36     3.429     3.429     1.621     0.9130      0.9130      0.9130      0.7173
13      A         B           13           ALA           98.19            90     90     36     3.429     3.429     1.621     0.9300      0.9300      0.9300      0.7630
14      A         B           14           ASN           97.37            90     90     36     3.429     3.429     1.621     0.9082      0.9082      0.9082      0.7073
15      A         B           15           GLU           97.11            90     90     36     3.429     3.429     1.621     0.9061      0.9061      0.9061      0.7010
16      A         B           16           ILE           97.08            90     90     36     3.429     3.429     1.621     0.9162      0.9162      0.9162      0.7225
17      A         B           17           THR           97.09            90     90     36     3.429     3.429     1.621     0.9178      0.9178      0.9178      0.7268
18      A         B           18           GLU           96.87            90     90     36     3.429     3.429     1.621     0.8994      0.8994      0.8994      0.6864
19      A         B           19           GLN           97.36            90     90     36     3.429     3.429     1.621     0.8984      0.8984      0.8984      0.6791
20      A         B           20           ALA           97.84            90     90     36     3.429     3.429     1.621     0.8968      0.8968      0.8968      0.6722
21      A         B           21           MET           96.72            90     90     36     3.429     3.429     1.621     0.8745      0.8745      0.8745      0.6225
22      A         B           22           LYS           97.69            90     90     36     3.429     3.429     1.621     0.8686      0.8686      0.8686      0.6131
23      A         B           23           ASP           97.97            90     90     36     3.429     3.429     1.621     0.8625      0.8625      0.8625      0.5953
24      A         B           24           PRO           97.81            90     90     36     3.429     3.429     1.621     0.8000      0.8000      0.8000      0.4844
25      A         B           25           GLU           98.19            90     90     36     3.429     3.429     1.621     0.8309      0.8309      0.8309      0.5356
26      A         B           26           LEU           97.37            90     90     36     3.429     3.429     1.621     0.9265      0.9265      0.9265      0.7465
27      A         B           27           TYR           97.94            90     90     36     3.429     3.429     1.621     0.9284      0.9284      0.9284      0.7508
28      A         B           28           LYS           97.41            90     90     36     3.429     3.429     1.621     0.8985      0.8985      0.8985      0.6737
29      A         B           29           PHE           97.18            90     90     36     3.429     3.429     1.621     0.9276      0.9276      0.9276      0.7506
30      A         B           30           VAL           98.05            90     90     36     3.429     3.429     1.621     0.9497      0.9497      0.9497      0.8165
31      A         B           31           SER           97.78            90     90     36     3.429     3.429     1.621     0.9350      0.9350      0.9350      0.7715
32      A         B           32           ALA           97.00            90     90     36     3.429     3.429     1.621     0.9212      0.9212      0.9212      0.7327
33      A         B           33           MET           97.61            90     90     36     3.429     3.429     1.621     0.9352      0.9352      0.9352      0.7738
34      A         B           34           LEU           97.95            90     90     36     3.429     3.429     1.621     0.9497      0.9497      0.9497      0.8152
35      A         B           35           ASN           96.81            90     90     36     3.429     3.429     1.621     0.9223      0.9223      0.9223      0.7363
36      A         B           36           THR           95.93            90     90     36     3.429     3.429     1.621     0.9018      0.9018      0.9018      0.6837
37      A         B           37           GLU           94.36            90     90     36     3.429     3.429     1.621     0.8730      0.8730      0.8730      0.6171
38      A         B           38           GLN           96.73            90     90     36     3.429     3.429     1.621     0.8493      0.8493      0.8493      0.5710
39      A         B           39           GLY           97.45            90     90     36     3.429     3.429     1.621     0.8950      0.8950      0.8950      0.6706
40      A         B           40           ARG           96.55            90     90     36     3.429     3.429     1.621     0.9177      0.9177      0.9177      0.7240
41      A         B           41           TYR           98.36            90     90     36     3.429     3.429     1.621     0.9263      0.9263      0.9263      0.7483
42      A         B           42           GLU           97.62            90     90     36     3.429     3.429     1.621     0.9013      0.9013      0.9013      0.6844
43      A         B           43           LEU           97.85            90     90     36     3.429     3.429     1.621     0.9245      0.9245      0.9245      0.7446
44      A         B           44           LYS           97.65            90     90     36     3.429     3.429     1.621     0.9232      0.9232      0.9232      0.7405
45      A         B           45           GLY           97.98            90     90     36     3.429     3.429     1.621     0.8893      0.8893      0.8893      0.6594
46      A         B           46           LEU           96.26            90     90     36     3.429     3.429     1.621     0.8948      0.8948      0.8948      0.6713
47      A         B           47           VAL           97.76            90     90     36     3.429     3.429     1.621     0.8992      0.8992      0.8992      0.6811
48      A         B           48           LEU           96.69            90     90     36     3.429     3.429     1.621     0.8961      0.8961      0.8961      0.6738
49      A         B           49           ARG           97.35            90     90     36     3.429     3.429     1.621     0.8238      0.8238      0.8238      0.5315
50      A         B           50           LYS           95.33            90     90     36     3.429     3.429     1.621     0.8088      0.8088      0.8088      0.5063
51      A         B           51           ILE           95.85            90     90     36     3.429     3.429     1.621     0.8126      0.8126      0.8126      0.5092
52      A         B           52           GLU           95.43            90     90     36     3.429     3.429     1.621     0.7523      0.7523      0.7523      0.4233
53      A         B           53           GLN           94.78            90     90     36     3.429     3.429     1.621     0.5013      0.5013      0.5013      0.1963
54      A         B           54           SER           84.35            90     90     30     3.429     3.429     1.258     0.1454      0.1554      0.1554      0.0245
55      B         A            1           CYS           92.96            90     90     54     3.429     3.429     2.405     0.4776      0.4776      0.4776      0.3147
56      B         A            2           SER           88.13            90     90     54     3.429     3.429     2.405     0.5452      0.5452      0.5452      0.3781
57      B         A            3           GLN           89.83            90     90     54     3.429     3.429     2.405     0.4153      0.4153      0.4153      0.2635
58      B         A            4           ASN           92.91            90     90     54     3.429     3.429     2.405     0.7215      0.7215      0.7215      0.5704
59      B         A            5           GLU           96.64            90     90     54     3.429     3.429     2.405     0.8747      0.8747      0.8747      0.7794
60      B         A            6           TYR           97.02            90     90     54     3.429     3.429     2.405     0.9179      0.9179      0.9179      0.8489
61      B         A            7           PHE           97.14            90     90     54     3.429     3.429     2.405     0.9306      0.9306      0.9306      0.8706
62      B         A            8           ASP           97.79            90     90     54     3.429     3.429     2.405     0.9390      0.9390      0.9390      0.8852
63      B         A            9           SER           95.53            90     90     54     3.429     3.429     2.405     0.8853      0.8853      0.8853      0.7954
64      B         A           10           LEU           96.82            90     90     54     3.429     3.429     2.405     0.9381      0.9381      0.9381      0.8839
65      B         A           11           LEU           97.89            90     90     54     3.429     3.429     2.405     0.9465      0.9465      0.9465      0.8988
66      B         A           12           HIS           97.17            90     90     54     3.429     3.429     2.405     0.9336      0.9336      0.9336      0.8760
67      B         A           13           ALA           97.56            90     90     54     3.429     3.429     2.405     0.9115      0.9115      0.9115      0.8380
68      B         A           14           CYS           97.40            90     90     54     3.429     3.429     2.405     0.9292      0.9292      0.9292      0.8682
69      B         A           15           ILE           97.99            90     90     54     3.429     3.429     2.405     0.9338      0.9338      0.9338      0.8768
70      B         A           16           PRO           97.37            90     90     54     3.429     3.429     2.405     0.9242      0.9242      0.9242      0.8604
71      B         A           17           CYS           97.79            90     90     54     3.429     3.429     2.405     0.9100      0.9100      0.9100      0.8380
72      B         A           18           GLN           96.70            90     90     54     3.429     3.429     2.405     0.8854      0.8854      0.8854      0.8010
73      B         A           19           LEU           98.21            90     90     54     3.429     3.429     2.405     0.9239      0.9239      0.9239      0.8630
74      B         A           20           ARG           97.14            90     90     54     3.429     3.429     2.405     0.8697      0.8697      0.8697      0.7783
75      B         A           21           CYS           94.74            90     90     54     3.429     3.429     2.405     0.7931      0.7931      0.7931      0.6648
76      B         A           22           SER           90.08            90     90     54     3.429     3.429     2.405     0.6245      0.6245      0.6245      0.4691
77      B         A           23           SER           89.65            90     90     54     3.429     3.429     2.405     0.5676      0.5676      0.5676      0.4129
78      B         A           24           ASN           86.52            90     90     54     3.429     3.429     2.405     0.4841      0.4841      0.4841      0.3326
79      B         A           25           THR           88.16            90     90     54     3.429     3.429     2.405     0.5443      0.5443      0.5443      0.3823
80      B         A           26           PRO           93.89            90     90     54     3.429     3.429     2.405     0.6909      0.6909      0.6909      0.5349
81      B         A           27           PRO           95.14            90     90     54     3.429     3.429     2.405     0.7975      0.7975      0.7975      0.6693
82      B         A           28           LEU           92.23            90     90     54     3.429     3.429     2.405     0.7410      0.7410      0.7410      0.5935
83      B         A           29           THR           91.89            90     90     54     3.429     3.429     2.405     0.7165      0.7165      0.7165      0.5633
84      B         A           30           CYS           96.74            90     90     54     3.429     3.429     2.405     0.8221      0.8221      0.8221      0.7014
85      B         A           31           GLN           95.35            90     90     54     3.429     3.429     2.405     0.7732      0.7732      0.7732      0.6327
86      B         A           32           ARG           91.98            90     90     54     3.429     3.429     2.405     0.6172      0.6172      0.6172      0.4499
87      B         A           33           TYR           95.06            90     90     54     3.429     3.429     2.405     0.7529      0.7529      0.7529      0.6097
88      B         A           34           CYS           95.97            90     90     54     3.429     3.429     2.405     0.6948      0.6948      0.6948      0.5394
89      B         A           35           ASN           90.69            90     90     54     3.429     3.429     2.405     0.4817      0.4817      0.4817      0.3198
90      B         A           36           ALA           82.21            90     90     21     3.429     3.429     1.001     0.1075      0.1504      0.1504      0.0150
