i   AlignChn ScoredChain  AlignResNum  AlignResType  AlignRespLDDT      n0chn  n0dom  n0res    d0chn     d0dom     d0res   ipTM_pae  ipSAE_d0chn ipSAE_d0dom    ipSAE 
1       A         B            1           SER           89.21            90     90     36     3.429     3.429     1.621     0.3214      0.3214      0.3214      0.1038
2       A         B            2           LYS           92.63            90     90     36     3.429     3.429     1.621     0.6685      0.6685      0.6685      0.3408
3       A         B            3           GLU           94.58            90     90     36     3.429     3.429     1.621     0.6864      0.6864      0.6864      0.3589
4       A         B            4           GLN           94.48            90     90     36     3.429     3.429     1.621     0.7630      0.7630      0.7630      0.4469
5       A         B            5           TYR           94.62            90     90     36     3.429     3.429     1.621     0.8756      0.8756      0.8756      0.6313
6       A         B            6           GLN           95.30            90     90     36     3.429     3.429     1.621     0.8763      0.8763      0.8763      0.6357
7       A         B            7           GLY           97.05            90     90     36     3.429     3.429     1.621     0.8581      0.8581      0.8581      0.5996
8       A         B            8           LEU           96.86            90     90     36     3.429     3.429     1.621     0.9147      0.9147      0.9147      0.7204
9       A         B            9           MET           97.44            90     90     36     3.429     3.429     1.621     0.9384      0.9384      0.9384      0.7845
10      A         B           10           SER           97.02            90     90     36     3.429     3.429     1.621     0.9276      0.9276      0.9276      0.7550
11      A         B           11           LYS           97.38            90     90     36     3.429     3.429     1.621     0.9238      0.9238      0.9238      0.7450
12      A         B           12           PHE           97.75            90     90     36     3.429     3.429     1.621     0.9409      0.9409      0.9409      0.7900
13      A         B           13           ALA           98.03            90     90     36     3.429     3.429     1.621     0.9547      0.9547      0.9547      0.8327
14      A         B           14           ASN           97.24            90     90     36     3.429     3.429     1.621     0.9417      0.9417      0.9417      0.7943
15      A         B           15           GLU           96.96            90     90     36     3.429     3.429     1.621     0.9413      0.9413      0.9413      0.7915
16      A         B           16           ILE           96.80            90     90     36     3.429     3.429     1.621     0.9466      0.9466      0.9466      0.8054
17      A         B           17           THR           96.97            90     90     36     3.429     3.429     1.621     0.9463      0.9463      0.9463      0.8049
18      A         B           18           GLU           96.91            90     90     36     3.429     3.429     1.621     0.9411      0.9411      0.9411      0.7922
19      A         B           19           GLN           97.10            90     90     36     3.429     3.429     1.621     0.9356      0.9356      0.9356      0.7731
20      A         B           20           ALA           97.62            90     90     36     3.429     3.429     1.621     0.9321      0.9321      0.9321      0.7619
21      A         B           21           MET           96.57            90     90     36     3.429     3.429     1.621     0.9207      0.9207      0.9207      0.7313
22      A         B           22           LYS           97.57            90     90     36     3.429     3.429     1.621     0.9152      0.9152      0.9152      0.7179
23      A         B           23           ASP           97.75            90     90     36     3.429     3.429     1.621     0.9046      0.9046      0.9046      0.6874
24      A         B           24           PRO           97.73            90     90     36     3.429     3.429     1.621     0.8462      0.8462      0.8462      0.5625
25      A         B           25           GLU           98.12            90     90     36     3.429     3.429     1.621     0.8786      0.8786      0.8786      0.6275
26      A         B           26           LEU           96.84            90     90     36     3.429     3.429     1.621     0.9494      0.9494      0.9494      0.8123
27      A         B           27           TYR           97.80            90     90     36     3.429     3.429     1.621     0.9525      0.9525      0.9525      0.8217
28      A         B           28           LYS           97.24            90     90     36     3.429     3.429     1.621     0.9294      0.9294      0.9294      0.7527
29      A         B           29           PHE           96.94            90     90     36     3.429     3.429     1.621     0.9491      0.9491      0.9491      0.8121
30      A         B           30           VAL           97.87            90     90     36     3.429     3.429     1.621     0.9665      0.9665      0.9665      0.8697
31      A         B           31           SER           97.67            90     90     36     3.429     3.429     1.621     0.9567      0.9567      0.9567      0.8366
32      A         B           32           ALA           96.87            90     90     36     3.429     3.429     1.621     0.9474      0.9474      0.9474      0.8067
33      A         B           33           MET           97.49            90     90     36     3.429     3.429     1.621     0.9571      0.9571      0.9571      0.8392
34      A         B           34           LEU           97.86            90     90     36     3.429     3.429     1.621     0.9667      0.9667      0.9667      0.8704
35      A         B           35           ASN           96.70            90     90     36     3.429     3.429     1.621     0.9481      0.9481      0.9481      0.8101
36      A         B           36           THR           95.67            90     90     36     3.429     3.429     1.621     0.9309      0.9309      0.9309      0.7588
37      A         B           37           GLU           93.48            90     90     36     3.429     3.429     1.621     0.9012      0.9012      0.9012      0.6809
38      A         B           38           GLN           96.66            90     90     36     3.429     3.429     1.621     0.8826      0.8826      0.8826      0.6391
39      A         B           39           GLY           97.32            90     90     36     3.429     3.429     1.621     0.9233      0.9233      0.9233      0.7399
40      A         B           40           ARG           96.24            90     90     36     3.429     3.429     1.621     0.9455      0.9455      0.9455      0.8018
41      A         B           41           TYR           98.18            90     90     36     3.429     3.429     1.621     0.9497      0.9497      0.9497      0.8149
42      A         B           42           GLU           97.50            90     90     36     3.429     3.429     1.621     0.9328      0.9328      0.9328      0.7647
43      A         B           43           LEU           97.71            90     90     36     3.429     3.429     1.621     0.9503      0.9503      0.9503      0.8175
44      A         B           44           LYS           97.48            90     90     36     3.429     3.429     1.621     0.9502      0.9502      0.9502      0.8168
45      A         B           45           GLY           97.95            90     90     36     3.429     3.429     1.621     0.9249      0.9249      0.9249      0.7450
46      A         B           46           LEU           95.92            90     90     36     3.429     3.429     1.621     0.9323      0.9323      0.9323      0.7644
47      A         B           47           VAL           97.66            90     90     36     3.429     3.429     1.621     0.9367      0.9367      0.9367      0.7770
48      A         B           48           LEU           96.71            90     90     36     3.429     3.429     1.621     0.9337      0.9337      0.9337      0.7682
49      A         B           49           ARG           97.18            90     90     36     3.429     3.429     1.621     0.8884      0.8884      0.8884      0.6549
50      A         B           50           LYS           95.23            90     90     36     3.429     3.429     1.621     0.8803      0.8803      0.8803      0.6367
51      A         B           51           ILE           95.59            90     90     36     3.429     3.429     1.621     0.8877      0.8877      0.8877      0.6510
52      A         B           52           GLU           95.67            90     90     36     3.429     3.429     1.621     0.8443      0.8443      0.8443      0.5642
53      A         B           53           GLN           94.53            90     90     36     3.429     3.429     1.621     0.6727      0.6727      0.6727      0.3339
54      A         B           54           SER           84.97            90     90     36     3.429     3.429     1.621     0.2708      0.2708      0.2708      0.0793
55      B         A            1           CYS           92.83            90     90     54     3.429     3.429     2.405     0.5811      0.5811      0.5811      0.4113
56      B         A            2           SER           88.88            90     90     54     3.429     3.429     2.405     0.6640      0.6640      0.6640      0.5001
57      B         A            3           GLN           90.42            90     90     54     3.429     3.429     2.405     0.5470      0.5470      0.5470      0.3790
58      B         A            4           ASN           92.93            90     90     54     3.429     3.429     2.405     0.7975      0.7975      0.7975      0.6686
59      B         A            5           GLU           96.62            90     90     54     3.429     3.429     2.405     0.9134      0.9134      0.9134      0.8407
60      B         A            6           TYR           97.00            90     90     54     3.429     3.429     2.405     0.9432      0.9432      0.9432      0.8921
61      B         A            7           PHE           96.97            90     90     54     3.429     3.429     2.405     0.9517      0.9517      0.9517      0.9073
62      B         A            8           ASP           97.65            90     90     54     3.429     3.429     2.405     0.9580      0.9580      0.9580      0.9190
63      B         A            9           SER           95.32            90     90     54     3.429     3.429     2.405     0.9114      0.9114      0.9114      0.8374
64      B         A           10           LEU           96.56            90     90     54     3.429     3.429     2.405     0.9578      0.9578      0.9578      0.9188
65      B         A           11           LEU           97.76            90     90     54     3.429     3.429     2.405     0.9646      0.9646      0.9646      0.9314
66      B         A           12           HIS           96.82            90     90     54     3.429     3.429     2.405     0.9540      0.9540      0.9540      0.9119
67      B         A           13           ALA           97.39            90     90     54     3.429     3.429     2.405     0.9382      0.9382      0.9382      0.8832
68      B         A           14           CYS           97.27            90     90     54     3.429     3.429     2.405     0.9506      0.9506      0.9506      0.9054
69      B         A           15           ILE           97.87            90     90     54     3.429     3.429     2.405     0.9567      0.9567      0.9567      0.9167
70      B         A           16           PRO           97.28            90     90     54     3.429     3.429     2.405     0.9490      0.9490      0.9490      0.9029
71      B         A           17           CYS           97.72            90     90     54     3.429     3.429     2.405     0.9369      0.9369      0.9369      0.8820
72      B         A           18           GLN           96.63            90     90     54     3.429     3.429     2.405     0.9194      0.9194      0.9194      0.8538
73      B         A           19           LEU           98.14            90     90     54     3.429     3.429     2.405     0.9487      0.9487      0.9487      0.9038
74      B         A           20           ARG           97.25            90     90     54     3.429     3.429     2.405     0.9162      0.9162      0.9162      0.8489
75      B         A           21           CYS           95.16            90     90     54     3.429     3.429     2.405     0.8642      0.8642      0.8642      0.7647
76      B         A           22           SER           90.16            90     90     54     3.429     3.429     2.405     0.7275      0.7275      0.7275      0.5855
77      B         A           23           SER           90.10            90     90     54     3.429     3.429     2.405     0.6925      0.6925      0.6925      0.5455
78      B         A           24           ASN           86.53            90     90     54     3.429     3.429     2.405     0.5937      0.5937      0.5937      0.4381
79      B         A           25           THR           88.22            90     90     54     3.429     3.429     2.405     0.6397      0.6397      0.6397      0.4789
80      B         A           26           PRO           93.60            90     90     54     3.429     3.429     2.405     0.7691      0.7691      0.7691      0.6300
81      B         A           27           PRO           94.92            90     90     54     3.429     3.429     2.405     0.8507      0.8507      0.8507      0.7436
82      B         A           28           LEU           92.26            90     90     54     3.429     3.429     2.405     0.8020      0.8020      0.8020      0.6725
83      B         A           29           THR           91.55            90     90     54     3.429     3.429     2.405     0.7806      0.7806      0.7806      0.6439
84      B         A           30           CYS           96.64            90     90     54     3.429     3.429     2.405     0.8662      0.8662      0.8662      0.7652
85      B         A           31           GLN           95.34            90     90     54     3.429     3.429     2.405     0.8275      0.8275      0.8275      0.7067
86      B         A           32           ARG           91.88            90     90     54     3.429     3.429     2.405     0.6859      0.6859      0.6859      0.5252
87      B         A           33           TYR           95.00            90     90     54     3.429     3.429     2.405     0.8190      0.8190      0.8190      0.6974
88      B         A           34           CYS           95.95            90     90     54     3.429     3.429     2.405     0.7710      0.7710      0.7710      0.6328
89      B         A           35           ASN           91.13            90     90     54     3.429     3.429     2.405     0.6039      0.6039      0.6039      0.4353
90      B         A           36           ALA           81.11            90     90     35     3.429     3.429     1.566     0.1325      0.1589      0.1589      0.0384
