i   AlignChn ScoredChain  AlignResNum  AlignResType  AlignRespLDDT      n0chn  n0dom  n0res    d0chn     d0dom     d0res   ipTM_pae  ipSAE_d0chn ipSAE_d0dom    ipSAE 
1       A         B            1           SER           89.44            90     90     36     3.429     3.429     1.621     0.2892      0.2892      0.2892      0.0896
2       A         B            2           LYS           92.91            90     90     36     3.429     3.429     1.621     0.6178      0.6178      0.6178      0.2913
3       A         B            3           GLU           94.41            90     90     36     3.429     3.429     1.621     0.6225      0.6225      0.6225      0.2956
4       A         B            4           GLN           94.46            90     90     36     3.429     3.429     1.621     0.7207      0.7207      0.7207      0.3943
5       A         B            5           TYR           95.24            90     90     36     3.429     3.429     1.621     0.8519      0.8519      0.8519      0.5852
6       A         B            6           GLN           94.68            90     90     36     3.429     3.429     1.621     0.8423      0.8423      0.8423      0.5711
7       A         B            7           GLY           96.83            90     90     36     3.429     3.429     1.621     0.8332      0.8332      0.8332      0.5551
8       A         B            8           LEU           97.16            90     90     36     3.429     3.429     1.621     0.9034      0.9034      0.9034      0.6938
9       A         B            9           MET           97.59            90     90     36     3.429     3.429     1.621     0.9283      0.9283      0.9283      0.7569
10      A         B           10           SER           96.87            90     90     36     3.429     3.429     1.621     0.9161      0.9161      0.9161      0.7252
11      A         B           11           LYS           97.52            90     90     36     3.429     3.429     1.621     0.9136      0.9136      0.9136      0.7195
12      A         B           12           PHE           97.92            90     90     36     3.429     3.429     1.621     0.9319      0.9319      0.9319      0.7648
13      A         B           13           ALA           98.07            90     90     36     3.429     3.429     1.621     0.9458      0.9458      0.9458      0.8060
14      A         B           14           ASN           97.09            90     90     36     3.429     3.429     1.621     0.9278      0.9278      0.9278      0.7559
15      A         B           15           GLU           97.08            90     90     36     3.429     3.429     1.621     0.9269      0.9269      0.9269      0.7524
16      A         B           16           ILE           96.83            90     90     36     3.429     3.429     1.621     0.9325      0.9325      0.9325      0.7653
17      A         B           17           THR           96.19            90     90     36     3.429     3.429     1.621     0.9195      0.9195      0.9195      0.7314
18      A         B           18           GLU           96.59            90     90     36     3.429     3.429     1.621     0.9190      0.9190      0.9190      0.7329
19      A         B           19           GLN           97.10            90     90     36     3.429     3.429     1.621     0.9164      0.9164      0.9164      0.7213
20      A         B           20           ALA           97.42            90     90     36     3.429     3.429     1.621     0.9134      0.9134      0.9134      0.7122
21      A         B           21           MET           96.23            90     90     36     3.429     3.429     1.621     0.8988      0.8988      0.8988      0.6762
22      A         B           22           LYS           97.53            90     90     36     3.429     3.429     1.621     0.8908      0.8908      0.8908      0.6594
23      A         B           23           ASP           97.91            90     90     36     3.429     3.429     1.621     0.8917      0.8917      0.8917      0.6568
24      A         B           24           PRO           97.85            90     90     36     3.429     3.429     1.621     0.8388      0.8388      0.8388      0.5491
25      A         B           25           GLU           98.23            90     90     36     3.429     3.429     1.621     0.8713      0.8713      0.8713      0.6127
26      A         B           26           LEU           97.19            90     90     36     3.429     3.429     1.621     0.9421      0.9421      0.9421      0.7902
27      A         B           27           TYR           97.76            90     90     36     3.429     3.429     1.621     0.9457      0.9457      0.9457      0.8006
28      A         B           28           LYS           97.40            90     90     36     3.429     3.429     1.621     0.9214      0.9214      0.9214      0.7314
29      A         B           29           PHE           97.09            90     90     36     3.429     3.429     1.621     0.9437      0.9437      0.9437      0.7961
30      A         B           30           VAL           97.95            90     90     36     3.429     3.429     1.621     0.9613      0.9613      0.9613      0.8526
31      A         B           31           SER           97.77            90     90     36     3.429     3.429     1.621     0.9519      0.9519      0.9519      0.8215
32      A         B           32           ALA           97.13            90     90     36     3.429     3.429     1.621     0.9425      0.9425      0.9425      0.7922
33      A         B           33           MET           97.61            90     90     36     3.429     3.429     1.621     0.9527      0.9527      0.9527      0.8254
34      A         B           34           LEU           97.95            90     90     36     3.429     3.429     1.621     0.9658      0.9658      0.9658      0.8672
35      A         B           35           ASN           97.23            90     90     36     3.429     3.429     1.621     0.9505      0.9505      0.9505      0.8173
36      A         B           36           THR           96.35            90     90     36     3.429     3.429     1.621     0.9321      0.9321      0.9321      0.7622
37      A         B           37           GLU           94.66            90     90     36     3.429     3.429     1.621     0.9101      0.9101      0.9101      0.7034
38      A         B           38           GLN           96.84            90     90     36     3.429     3.429     1.621     0.8926      0.8926      0.8926      0.6622
39      A         B           39           GLY           97.54            90     90     36     3.429     3.429     1.621     0.9255      0.9255      0.9255      0.7458
40      A         B           40           ARG           96.56            90     90     36     3.429     3.429     1.621     0.9440      0.9440      0.9440      0.7976
41      A         B           41           TYR           98.34            90     90     36     3.429     3.429     1.621     0.9482      0.9482      0.9482      0.8106
42      A         B           42           GLU           97.51            90     90     36     3.429     3.429     1.621     0.9309      0.9309      0.9309      0.7600
43      A         B           43           LEU           97.76            90     90     36     3.429     3.429     1.621     0.9478      0.9478      0.9478      0.8103
44      A         B           44           LYS           97.63            90     90     36     3.429     3.429     1.621     0.9451      0.9451      0.9451      0.8017
45      A         B           45           GLY           98.04            90     90     36     3.429     3.429     1.621     0.9220      0.9220      0.9220      0.7376
46      A         B           46           LEU           96.16            90     90     36     3.429     3.429     1.621     0.9291      0.9291      0.9291      0.7558
47      A         B           47           VAL           97.89            90     90     36     3.429     3.429     1.621     0.9339      0.9339      0.9339      0.7695
48      A         B           48           LEU           97.02            90     90     36     3.429     3.429     1.621     0.9306      0.9306      0.9306      0.7601
49      A         B           49           ARG           97.45            90     90     36     3.429     3.429     1.621     0.8859      0.8859      0.8859      0.6498
50      A         B           50           LYS           96.04            90     90     36     3.429     3.429     1.621     0.8795      0.8795      0.8795      0.6355
51      A         B           51           ILE           96.64            90     90     36     3.429     3.429     1.621     0.8853      0.8853      0.8853      0.6464
52      A         B           52           GLU           96.24            90     90     36     3.429     3.429     1.621     0.8417      0.8417      0.8417      0.5598
53      A         B           53           GLN           94.64            90     90     36     3.429     3.429     1.621     0.6730      0.6730      0.6730      0.3351
54      A         B           54           SER           85.52            90     90     36     3.429     3.429     1.621     0.2569      0.2569      0.2569      0.0742
55      B         A            1           CYS           92.99            90     90     54     3.429     3.429     2.405     0.5367      0.5367      0.5367      0.3681
56      B         A            2           SER           88.82            90     90     54     3.429     3.429     2.405     0.6277      0.6277      0.6277      0.4605
57      B         A            3           GLN           90.88            90     90     54     3.429     3.429     2.405     0.5141      0.5141      0.5141      0.3480
58      B         A            4           ASN           92.91            90     90     54     3.429     3.429     2.405     0.7780      0.7780      0.7780      0.6421
59      B         A            5           GLU           96.58            90     90     54     3.429     3.429     2.405     0.9047      0.9047      0.9047      0.8262
60      B         A            6           TYR           97.07            90     90     54     3.429     3.429     2.405     0.9364      0.9364      0.9364      0.8800
61      B         A            7           PHE           97.00            90     90     54     3.429     3.429     2.405     0.9462      0.9462      0.9462      0.8975
62      B         A            8           ASP           97.67            90     90     54     3.429     3.429     2.405     0.9528      0.9528      0.9528      0.9096
63      B         A            9           SER           95.43            90     90     54     3.429     3.429     2.405     0.9063      0.9063      0.9063      0.8290
64      B         A           10           LEU           96.68            90     90     54     3.429     3.429     2.405     0.9536      0.9536      0.9536      0.9112
65      B         A           11           LEU           97.76            90     90     54     3.429     3.429     2.405     0.9603      0.9603      0.9603      0.9234
66      B         A           12           HIS           96.94            90     90     54     3.429     3.429     2.405     0.9498      0.9498      0.9498      0.9042
67      B         A           13           ALA           97.28            90     90     54     3.429     3.429     2.405     0.9294      0.9294      0.9294      0.8679
68      B         A           14           CYS           97.14            90     90     54     3.429     3.429     2.405     0.9429      0.9429      0.9429      0.8916
69      B         A           15           ILE           97.75            90     90     54     3.429     3.429     2.405     0.9475      0.9475      0.9475      0.9001
70      B         A           16           PRO           96.86            90     90     54     3.429     3.429     2.405     0.9380      0.9380      0.9380      0.8832
71      B         A           17           CYS           97.67            90     90     54     3.429     3.429     2.405     0.9255      0.9255      0.9255      0.8624
72      B         A           18           GLN           94.91            90     90     54     3.429     3.429     2.405     0.8570      0.8570      0.8570      0.7571
73      B         A           19           LEU           97.89            90     90     54     3.429     3.429     2.405     0.9374      0.9374      0.9374      0.8843
74      B         A           20           ARG           97.26            90     90     54     3.429     3.429     2.405     0.9072      0.9072      0.9072      0.8343
75      B         A           21           CYS           95.54            90     90     54     3.429     3.429     2.405     0.8530      0.8530      0.8530      0.7481
76      B         A           22           SER           92.52            90     90     54     3.429     3.429     2.405     0.7357      0.7357      0.7357      0.5960
77      B         A           23           SER           90.80            90     90     54     3.429     3.429     2.405     0.6679      0.6679      0.6679      0.5179
78      B         A           24           ASN           87.40            90     90     54     3.429     3.429     2.405     0.5766      0.5766      0.5766      0.4212
79      B         A           25           THR           88.87            90     90     54     3.429     3.429     2.405     0.6223      0.6223      0.6223      0.4604
80      B         A           26           PRO           94.16            90     90     54     3.429     3.429     2.405     0.7488      0.7488      0.7488      0.6043
81      B         A           27           PRO           95.31            90     90     54     3.429     3.429     2.405     0.8353      0.8353      0.8353      0.7213
82      B         A           28           LEU           92.59            90     90     54     3.429     3.429     2.405     0.7889      0.7889      0.7889      0.6552
83      B         A           29           THR           92.24            90     90     54     3.429     3.429     2.405     0.7629      0.7629      0.7629      0.6209
84      B         A           30           CYS           96.92            90     90     54     3.429     3.429     2.405     0.8571      0.8571      0.8571      0.7515
85      B         A           31           GLN           95.45            90     90     54     3.429     3.429     2.405     0.8133      0.8133      0.8133      0.6866
86      B         A           32           ARG           92.30            90     90     54     3.429     3.429     2.405     0.6591      0.6591      0.6591      0.4950
87      B         A           33           TYR           95.28            90     90     54     3.429     3.429     2.405     0.8057      0.8057      0.8057      0.6785
88      B         A           34           CYS           96.22            90     90     54     3.429     3.429     2.405     0.7448      0.7448      0.7448      0.5994
89      B         A           35           ASN           91.77            90     90     54     3.429     3.429     2.405     0.5580      0.5580      0.5580      0.3897
90      B         A           36           ALA           82.42            90     90     33     3.429     3.429     1.450     0.1318      0.1613      0.1613      0.0337
