i   AlignChn ScoredChain  AlignResNum  AlignResType  AlignRespLDDT      n0chn  n0dom  n0res    d0chn     d0dom     d0res   ipTM_pae  ipSAE_d0chn ipSAE_d0dom    ipSAE 
1       A         B            1           SER           88.94            90     90     36     3.429     3.429     1.621     0.2527      0.2527      0.2527      0.0752
2       A         B            2           LYS           92.10            90     90     36     3.429     3.429     1.621     0.5619      0.5619      0.5619      0.2461
3       A         B            3           GLU           93.96            90     90     36     3.429     3.429     1.621     0.5792      0.5792      0.5792      0.2594
4       A         B            4           GLN           94.00            90     90     36     3.429     3.429     1.621     0.6867      0.6867      0.6867      0.3573
5       A         B            5           TYR           94.28            90     90     36     3.429     3.429     1.621     0.8269      0.8269      0.8269      0.5424
6       A         B            6           GLN           95.25            90     90     36     3.429     3.429     1.621     0.8288      0.8288      0.8288      0.5484
7       A         B            7           GLY           97.11            90     90     36     3.429     3.429     1.621     0.8219      0.8219      0.8219      0.5367
8       A         B            8           LEU           96.85            90     90     36     3.429     3.429     1.621     0.8890      0.8890      0.8890      0.6620
9       A         B            9           MET           97.49            90     90     36     3.429     3.429     1.621     0.9163      0.9163      0.9163      0.7271
10      A         B           10           SER           97.13            90     90     36     3.429     3.429     1.621     0.9051      0.9051      0.9051      0.6993
11      A         B           11           LYS           97.32            90     90     36     3.429     3.429     1.621     0.8994      0.8994      0.8994      0.6865
12      A         B           12           PHE           97.81            90     90     36     3.429     3.429     1.621     0.9234      0.9234      0.9234      0.7429
13      A         B           13           ALA           98.17            90     90     36     3.429     3.429     1.621     0.9400      0.9400      0.9400      0.7899
14      A         B           14           ASN           97.28            90     90     36     3.429     3.429     1.621     0.9208      0.9208      0.9208      0.7383
15      A         B           15           GLU           97.00            90     90     36     3.429     3.429     1.621     0.9215      0.9215      0.9215      0.7386
16      A         B           16           ILE           97.15            90     90     36     3.429     3.429     1.621     0.9292      0.9292      0.9292      0.7565
17      A         B           17           THR           97.26            90     90     36     3.429     3.429     1.621     0.9307      0.9307      0.9307      0.7609
18      A         B           18           GLU           96.94            90     90     36     3.429     3.429     1.621     0.9159      0.9159      0.9159      0.7252
19      A         B           19           GLN           97.33            90     90     36     3.429     3.429     1.621     0.9117      0.9117      0.9117      0.7102
20      A         B           20           ALA           97.78            90     90     36     3.429     3.429     1.621     0.9085      0.9085      0.9085      0.7000
21      A         B           21           MET           96.77            90     90     36     3.429     3.429     1.621     0.8899      0.8899      0.8899      0.6556
22      A         B           22           LYS           97.72            90     90     36     3.429     3.429     1.621     0.8809      0.8809      0.8809      0.6382
23      A         B           23           ASP           98.01            90     90     36     3.429     3.429     1.621     0.8783      0.8783      0.8783      0.6277
24      A         B           24           PRO           97.86            90     90     36     3.429     3.429     1.621     0.8155      0.8155      0.8155      0.5091
25      A         B           25           GLU           98.28            90     90     36     3.429     3.429     1.621     0.8518      0.8518      0.8518      0.5736
26      A         B           26           LEU           97.31            90     90     36     3.429     3.429     1.621     0.9372      0.9372      0.9372      0.7759
27      A         B           27           TYR           97.95            90     90     36     3.429     3.429     1.621     0.9401      0.9401      0.9401      0.7839
28      A         B           28           LYS           97.48            90     90     36     3.429     3.429     1.621     0.9130      0.9130      0.9130      0.7093
29      A         B           29           PHE           97.28            90     90     36     3.429     3.429     1.621     0.9375      0.9375      0.9375      0.7781
30      A         B           30           VAL           98.09            90     90     36     3.429     3.429     1.621     0.9569      0.9569      0.9569      0.8385
31      A         B           31           SER           97.83            90     90     36     3.429     3.429     1.621     0.9459      0.9459      0.9459      0.8033
32      A         B           32           ALA           97.10            90     90     36     3.429     3.429     1.621     0.9325      0.9325      0.9325      0.7635
33      A         B           33           MET           97.66            90     90     36     3.429     3.429     1.621     0.9438      0.9438      0.9438      0.7985
34      A         B           34           LEU           97.96            90     90     36     3.429     3.429     1.621     0.9572      0.9572      0.9572      0.8387
35      A         B           35           ASN           96.91            90     90     36     3.429     3.429     1.621     0.9355      0.9355      0.9355      0.7728
36      A         B           36           THR           95.90            90     90     36     3.429     3.429     1.621     0.9149      0.9149      0.9149      0.7163
37      A         B           37           GLU           94.33            90     90     36     3.429     3.429     1.621     0.8962      0.8962      0.8962      0.6690
38      A         B           38           GLN           96.66            90     90     36     3.429     3.429     1.621     0.8747      0.8747      0.8747      0.6221
39      A         B           39           GLY           97.40            90     90     36     3.429     3.429     1.621     0.9085      0.9085      0.9085      0.7024
40      A         B           40           ARG           96.42            90     90     36     3.429     3.429     1.621     0.9297      0.9297      0.9297      0.7567
41      A         B           41           TYR           98.29            90     90     36     3.429     3.429     1.621     0.9357      0.9357      0.9357      0.7741
42      A         B           42           GLU           97.56            90     90     36     3.429     3.429     1.621     0.9128      0.9128      0.9128      0.7123
43      A         B           43           LEU           97.86            90     90     36     3.429     3.429     1.621     0.9341      0.9341      0.9341      0.7704
44      A         B           44           LYS           97.58            90     90     36     3.429     3.429     1.621     0.9314      0.9314      0.9314      0.7625
45      A         B           45           GLY           97.97            90     90     36     3.429     3.429     1.621     0.9024      0.9024      0.9024      0.6894
46      A         B           46           LEU           96.23            90     90     36     3.429     3.429     1.621     0.9102      0.9102      0.9102      0.7074
47      A         B           47           VAL           97.75            90     90     36     3.429     3.429     1.621     0.9131      0.9131      0.9131      0.7144
48      A         B           48           LEU           96.55            90     90     36     3.429     3.429     1.621     0.9109      0.9109      0.9109      0.7093
49      A         B           49           ARG           97.33            90     90     36     3.429     3.429     1.621     0.8513      0.8513      0.8513      0.5803
50      A         B           50           LYS           95.34            90     90     36     3.429     3.429     1.621     0.8440      0.8440      0.8440      0.5662
51      A         B           51           ILE           95.42            90     90     36     3.429     3.429     1.621     0.8477      0.8477      0.8477      0.5701
52      A         B           52           GLU           95.58            90     90     36     3.429     3.429     1.621     0.7944      0.7944      0.7944      0.4816
53      A         B           53           GLN           94.64            90     90     36     3.429     3.429     1.621     0.5928      0.5928      0.5928      0.2627
54      A         B           54           SER           84.65            90     90     36     3.429     3.429     1.621     0.1985      0.1985      0.1985      0.0536
55      B         A            1           CYS           92.40            90     90     54     3.429     3.429     2.405     0.4872      0.4872      0.4872      0.3233
56      B         A            2           SER           88.06            90     90     54     3.429     3.429     2.405     0.5746      0.5746      0.5746      0.4063
57      B         A            3           GLN           89.97            90     90     54     3.429     3.429     2.405     0.4552      0.4552      0.4552      0.2965
58      B         A            4           ASN           93.09            90     90     54     3.429     3.429     2.405     0.7512      0.7512      0.7512      0.6070
59      B         A            5           GLU           96.71            90     90     54     3.429     3.429     2.405     0.8930      0.8930      0.8930      0.8076
60      B         A            6           TYR           96.98            90     90     54     3.429     3.429     2.405     0.9285      0.9285      0.9285      0.8666
61      B         A            7           PHE           97.05            90     90     54     3.429     3.429     2.405     0.9390      0.9390      0.9390      0.8849
62      B         A            8           ASP           97.70            90     90     54     3.429     3.429     2.405     0.9467      0.9467      0.9467      0.8987
63      B         A            9           SER           95.44            90     90     54     3.429     3.429     2.405     0.8951      0.8951      0.8951      0.8109
64      B         A           10           LEU           96.73            90     90     54     3.429     3.429     2.405     0.9461      0.9461      0.9461      0.8978
65      B         A           11           LEU           97.89            90     90     54     3.429     3.429     2.405     0.9541      0.9541      0.9541      0.9122
66      B         A           12           HIS           97.00            90     90     54     3.429     3.429     2.405     0.9418      0.9418      0.9418      0.8902
67      B         A           13           ALA           97.60            90     90     54     3.429     3.429     2.405     0.9223      0.9223      0.9223      0.8560
68      B         A           14           CYS           97.32            90     90     54     3.429     3.429     2.405     0.9373      0.9373      0.9373      0.8819
69      B         A           15           ILE           98.00            90     90     54     3.429     3.429     2.405     0.9450      0.9450      0.9450      0.8959
70      B         A           16           PRO           97.39            90     90     54     3.429     3.429     2.405     0.9364      0.9364      0.9364      0.8808
71      B         A           17           CYS           97.73            90     90     54     3.429     3.429     2.405     0.9216      0.9216      0.9216      0.8564
72      B         A           18           GLN           96.73            90     90     54     3.429     3.429     2.405     0.9005      0.9005      0.9005      0.8239
73      B         A           19           LEU           98.17            90     90     54     3.429     3.429     2.405     0.9353      0.9353      0.9353      0.8813
74      B         A           20           ARG           97.17            90     90     54     3.429     3.429     2.405     0.8912      0.8912      0.8912      0.8100
75      B         A           21           CYS           94.99            90     90     54     3.429     3.429     2.405     0.8266      0.8266      0.8266      0.7102
76      B         A           22           SER           90.50            90     90     54     3.429     3.429     2.405     0.6732      0.6732      0.6732      0.5224
77      B         A           23           SER           89.53            90     90     54     3.429     3.429     2.405     0.6108      0.6108      0.6108      0.4566
78      B         A           24           ASN           86.29            90     90     54     3.429     3.429     2.405     0.5189      0.5189      0.5189      0.3647
79      B         A           25           THR           87.73            90     90     54     3.429     3.429     2.405     0.5736      0.5736      0.5736      0.4105
80      B         A           26           PRO           93.61            90     90     54     3.429     3.429     2.405     0.7155      0.7155      0.7155      0.5634
81      B         A           27           PRO           94.85            90     90     54     3.429     3.429     2.405     0.8140      0.8140      0.8140      0.6913
82      B         A           28           LEU           92.14            90     90     54     3.429     3.429     2.405     0.7553      0.7553      0.7553      0.6109
83      B         A           29           THR           91.30            90     90     54     3.429     3.429     2.405     0.7340      0.7340      0.7340      0.5845
84      B         A           30           CYS           96.63            90     90     54     3.429     3.429     2.405     0.8347      0.8347      0.8347      0.7186
85      B         A           31           GLN           95.42            90     90     54     3.429     3.429     2.405     0.7948      0.7948      0.7948      0.6613
86      B         A           32           ARG           92.08            90     90     54     3.429     3.429     2.405     0.6493      0.6493      0.6493      0.4844
87      B         A           33           TYR           95.27            90     90     54     3.429     3.429     2.405     0.7891      0.7891      0.7891      0.6565
88      B         A           34           CYS           96.04            90     90     54     3.429     3.429     2.405     0.7295      0.7295      0.7295      0.5806
89      B         A           35           ASN           91.43            90     90     54     3.429     3.429     2.405     0.5332      0.5332      0.5332      0.3660
90      B         A           36           ALA           81.69            90     90     31     3.429     3.429     1.325     0.1202      0.1498      0.1498      0.0260
