i   AlignChn ScoredChain  AlignResNum  AlignResType  AlignRespLDDT      n0chn  n0dom  n0res    d0chn     d0dom     d0res   ipTM_pae  ipSAE_d0chn ipSAE_d0dom    ipSAE 
1       A         B            1           SER           89.18            90     90     36     3.429     3.429     1.621     0.2308      0.2308      0.2308      0.0670
2       A         B            2           LYS           92.81            90     90     36     3.429     3.429     1.621     0.5532      0.5532      0.5532      0.2387
3       A         B            3           GLU           94.78            90     90     36     3.429     3.429     1.621     0.5835      0.5835      0.5835      0.2623
4       A         B            4           GLN           94.62            90     90     36     3.429     3.429     1.621     0.6686      0.6686      0.6686      0.3382
5       A         B            5           TYR           94.92            90     90     36     3.429     3.429     1.621     0.8126      0.8126      0.8126      0.5189
6       A         B            6           GLN           95.56            90     90     36     3.429     3.429     1.621     0.8118      0.8118      0.8118      0.5200
7       A         B            7           GLY           97.30            90     90     36     3.429     3.429     1.621     0.8071      0.8071      0.8071      0.5123
8       A         B            8           LEU           97.00            90     90     36     3.429     3.429     1.621     0.8768      0.8768      0.8768      0.6360
9       A         B            9           MET           97.62            90     90     36     3.429     3.429     1.621     0.9042      0.9042      0.9042      0.6986
10      A         B           10           SER           97.23            90     90     36     3.429     3.429     1.621     0.8955      0.8955      0.8955      0.6779
11      A         B           11           LYS           97.47            90     90     36     3.429     3.429     1.621     0.8890      0.8890      0.8890      0.6638
12      A         B           12           PHE           97.87            90     90     36     3.429     3.429     1.621     0.9163      0.9163      0.9163      0.7254
13      A         B           13           ALA           98.20            90     90     36     3.429     3.429     1.621     0.9316      0.9316      0.9316      0.7671
14      A         B           14           ASN           97.34            90     90     36     3.429     3.429     1.621     0.9115      0.9115      0.9115      0.7153
15      A         B           15           GLU           97.06            90     90     36     3.429     3.429     1.621     0.9124      0.9124      0.9124      0.7162
16      A         B           16           ILE           97.10            90     90     36     3.429     3.429     1.621     0.9194      0.9194      0.9194      0.7310
17      A         B           17           THR           97.08            90     90     36     3.429     3.429     1.621     0.9217      0.9217      0.9217      0.7367
18      A         B           18           GLU           96.96            90     90     36     3.429     3.429     1.621     0.9048      0.9048      0.9048      0.6986
19      A         B           19           GLN           97.35            90     90     36     3.429     3.429     1.621     0.8990      0.8990      0.8990      0.6799
20      A         B           20           ALA           97.71            90     90     36     3.429     3.429     1.621     0.8923      0.8923      0.8923      0.6616
21      A         B           21           MET           96.59            90     90     36     3.429     3.429     1.621     0.8703      0.8703      0.8703      0.6133
22      A         B           22           LYS           97.66            90     90     36     3.429     3.429     1.621     0.8621      0.8621      0.8621      0.5991
23      A         B           23           ASP           97.87            90     90     36     3.429     3.429     1.621     0.8586      0.8586      0.8586      0.5870
24      A         B           24           PRO           97.80            90     90     36     3.429     3.429     1.621     0.7970      0.7970      0.7970      0.4798
25      A         B           25           GLU           98.13            90     90     36     3.429     3.429     1.621     0.8305      0.8305      0.8305      0.5349
26      A         B           26           LEU           97.29            90     90     36     3.429     3.429     1.621     0.9275      0.9275      0.9275      0.7489
27      A         B           27           TYR           97.89            90     90     36     3.429     3.429     1.621     0.9297      0.9297      0.9297      0.7544
28      A         B           28           LYS           97.38            90     90     36     3.429     3.429     1.621     0.8973      0.8973      0.8973      0.6710
29      A         B           29           PHE           97.32            90     90     36     3.429     3.429     1.621     0.9311      0.9311      0.9311      0.7603
30      A         B           30           VAL           98.08            90     90     36     3.429     3.429     1.621     0.9512      0.9512      0.9512      0.8205
31      A         B           31           SER           97.79            90     90     36     3.429     3.429     1.621     0.9361      0.9361      0.9361      0.7743
32      A         B           32           ALA           97.00            90     90     36     3.429     3.429     1.621     0.9238      0.9238      0.9238      0.7399
33      A         B           33           MET           97.43            90     90     36     3.429     3.429     1.621     0.9335      0.9335      0.9335      0.7698
34      A         B           34           LEU           97.98            90     90     36     3.429     3.429     1.621     0.9499      0.9499      0.9499      0.8160
35      A         B           35           ASN           96.98            90     90     36     3.429     3.429     1.621     0.9243      0.9243      0.9243      0.7418
36      A         B           36           THR           96.09            90     90     36     3.429     3.429     1.621     0.9031      0.9031      0.9031      0.6868
37      A         B           37           GLU           94.36            90     90     36     3.429     3.429     1.621     0.8705      0.8705      0.8705      0.6125
38      A         B           38           GLN           96.61            90     90     36     3.429     3.429     1.621     0.8490      0.8490      0.8490      0.5711
39      A         B           39           GLY           97.39            90     90     36     3.429     3.429     1.621     0.8949      0.8949      0.8949      0.6704
40      A         B           40           ARG           96.53            90     90     36     3.429     3.429     1.621     0.9179      0.9179      0.9179      0.7251
41      A         B           41           TYR           98.33            90     90     36     3.429     3.429     1.621     0.9266      0.9266      0.9266      0.7492
42      A         B           42           GLU           97.63            90     90     36     3.429     3.429     1.621     0.9008      0.9008      0.9008      0.6836
43      A         B           43           LEU           97.79            90     90     36     3.429     3.429     1.621     0.9239      0.9239      0.9239      0.7429
44      A         B           44           LYS           97.73            90     90     36     3.429     3.429     1.621     0.9240      0.9240      0.9240      0.7430
45      A         B           45           GLY           98.07            90     90     36     3.429     3.429     1.621     0.8880      0.8880      0.8880      0.6571
46      A         B           46           LEU           96.14            90     90     36     3.429     3.429     1.621     0.8976      0.8976      0.8976      0.6781
47      A         B           47           VAL           97.76            90     90     36     3.429     3.429     1.621     0.9023      0.9023      0.9023      0.6889
48      A         B           48           LEU           96.90            90     90     36     3.429     3.429     1.621     0.9003      0.9003      0.9003      0.6843
49      A         B           49           ARG           97.33            90     90     36     3.429     3.429     1.621     0.8307      0.8307      0.8307      0.5442
50      A         B           50           LYS           95.42            90     90     36     3.429     3.429     1.621     0.8184      0.8184      0.8184      0.5230
51      A         B           51           ILE           95.66            90     90     36     3.429     3.429     1.621     0.8230      0.8230      0.8230      0.5272
52      A         B           52           GLU           95.31            90     90     36     3.429     3.429     1.621     0.7547      0.7547      0.7547      0.4261
53      A         B           53           GLN           94.46            90     90     36     3.429     3.429     1.621     0.4981      0.4981      0.4981      0.1941
54      A         B           54           SER           83.13            90     90     17     3.429     3.429     1.001     0.1164      0.1444      0.1444      0.0143
55      B         A            1           CYS           92.40            90     90     54     3.429     3.429     2.405     0.4540      0.4540      0.4540      0.2950
56      B         A            2           SER           87.61            90     90     54     3.429     3.429     2.405     0.5361      0.5361      0.5361      0.3698
57      B         A            3           GLN           90.46            90     90     54     3.429     3.429     2.405     0.4327      0.4327      0.4327      0.2774
58      B         A            4           ASN           92.83            90     90     54     3.429     3.429     2.405     0.7282      0.7282      0.7282      0.5787
59      B         A            5           GLU           96.58            90     90     54     3.429     3.429     2.405     0.8764      0.8764      0.8764      0.7816
60      B         A            6           TYR           96.91            90     90     54     3.429     3.429     2.405     0.9180      0.9180      0.9180      0.8488
61      B         A            7           PHE           97.03            90     90     54     3.429     3.429     2.405     0.9310      0.9310      0.9310      0.8712
62      B         A            8           ASP           97.73            90     90     54     3.429     3.429     2.405     0.9405      0.9405      0.9405      0.8878
63      B         A            9           SER           95.58            90     90     54     3.429     3.429     2.405     0.8844      0.8844      0.8844      0.7940
64      B         A           10           LEU           96.84            90     90     54     3.429     3.429     2.405     0.9400      0.9400      0.9400      0.8871
65      B         A           11           LEU           97.90            90     90     54     3.429     3.429     2.405     0.9475      0.9475      0.9475      0.9006
66      B         A           12           HIS           97.23            90     90     54     3.429     3.429     2.405     0.9349      0.9349      0.9349      0.8782
67      B         A           13           ALA           97.54            90     90     54     3.429     3.429     2.405     0.9107      0.9107      0.9107      0.8366
68      B         A           14           CYS           97.27            90     90     54     3.429     3.429     2.405     0.9271      0.9271      0.9271      0.8643
69      B         A           15           ILE           98.02            90     90     54     3.429     3.429     2.405     0.9353      0.9353      0.9353      0.8792
70      B         A           16           PRO           97.34            90     90     54     3.429     3.429     2.405     0.9262      0.9262      0.9262      0.8635
71      B         A           17           CYS           97.73            90     90     54     3.429     3.429     2.405     0.9123      0.9123      0.9123      0.8414
72      B         A           18           GLN           96.65            90     90     54     3.429     3.429     2.405     0.8871      0.8871      0.8871      0.8033
73      B         A           19           LEU           98.17            90     90     54     3.429     3.429     2.405     0.9259      0.9259      0.9259      0.8661
74      B         A           20           ARG           97.36            90     90     54     3.429     3.429     2.405     0.8788      0.8788      0.8788      0.7914
75      B         A           21           CYS           95.32            90     90     54     3.429     3.429     2.405     0.8064      0.8064      0.8064      0.6828
76      B         A           22           SER           90.84            90     90     54     3.429     3.429     2.405     0.6366      0.6366      0.6366      0.4826
77      B         A           23           SER           89.52            90     90     54     3.429     3.429     2.405     0.5567      0.5567      0.5567      0.4020
78      B         A           24           ASN           86.22            90     90     54     3.429     3.429     2.405     0.4884      0.4884      0.4884      0.3369
79      B         A           25           THR           87.03            90     90     54     3.429     3.429     2.405     0.5286      0.5286      0.5286      0.3676
80      B         A           26           PRO           93.17            90     90     54     3.429     3.429     2.405     0.6771      0.6771      0.6771      0.5191
81      B         A           27           PRO           94.82            90     90     54     3.429     3.429     2.405     0.7856      0.7856      0.7856      0.6527
82      B         A           28           LEU           92.47            90     90     54     3.429     3.429     2.405     0.7337      0.7337      0.7337      0.5841
83      B         A           29           THR           91.67            90     90     54     3.429     3.429     2.405     0.7121      0.7121      0.7121      0.5580
84      B         A           30           CYS           96.69            90     90     54     3.429     3.429     2.405     0.8198      0.8198      0.8198      0.6976
85      B         A           31           GLN           95.27            90     90     54     3.429     3.429     2.405     0.7688      0.7688      0.7688      0.6265
86      B         A           32           ARG           92.15            90     90     54     3.429     3.429     2.405     0.6165      0.6165      0.6165      0.4495
87      B         A           33           TYR           95.08            90     90     54     3.429     3.429     2.405     0.7612      0.7612      0.7612      0.6202
88      B         A           34           CYS           95.84            90     90     54     3.429     3.429     2.405     0.7029      0.7029      0.7029      0.5483
89      B         A           35           ASN           91.73            90     90     54     3.429     3.429     2.405     0.5005      0.5005      0.5005      0.3360
90      B         A           36           ALA           81.92            90     90     18     3.429     3.429     1.001     0.1017      0.1466      0.1466      0.0145
