i   AlignChn ScoredChain  AlignResNum  AlignResType  AlignRespLDDT      n0chn  n0dom  n0res    d0chn     d0dom     d0res   ipTM_pae  ipSAE_d0chn ipSAE_d0dom    ipSAE 
1       A         B            1           SER           90.74            90     90     36     3.429     3.429     1.621     0.3492      0.3492      0.3492      0.1164
2       A         B            2           GLU           91.57            90     90     36     3.429     3.429     1.621     0.7448      0.7448      0.7448      0.4251
3       A         B            3           ALA           95.00            90     90     36     3.429     3.429     1.621     0.7520      0.7520      0.7520      0.4326
4       A         B            4           GLU           93.07            90     90     36     3.429     3.429     1.621     0.8007      0.8007      0.8007      0.4991
5       A         B            5           ARG           92.11            90     90     36     3.429     3.429     1.621     0.8857      0.8857      0.8857      0.6529
6       A         B            6           GLU           93.30            90     90     36     3.429     3.429     1.621     0.8972      0.8972      0.8972      0.6796
7       A         B            7           GLU           95.62            90     90     36     3.429     3.429     1.621     0.8971      0.8971      0.8971      0.6790
8       A         B            8           LEU           95.09            90     90     36     3.429     3.429     1.621     0.9164      0.9164      0.9164      0.7244
9       A         B            9           LEU           96.09            90     90     36     3.429     3.429     1.621     0.9449      0.9449      0.9449      0.8025
10      A         B           10           ARG           96.60            90     90     36     3.429     3.429     1.621     0.9392      0.9392      0.9392      0.7859
11      A         B           11           ARG           96.13            90     90     36     3.429     3.429     1.621     0.9221      0.9221      0.9221      0.7400
12      A         B           12           GLU           97.61            90     90     36     3.429     3.429     1.621     0.9452      0.9452      0.9452      0.8032
13      A         B           13           ALA           98.20            90     90     36     3.429     3.429     1.621     0.9584      0.9584      0.9584      0.8444
14      A         B           14           GLU           97.14            90     90     36     3.429     3.429     1.621     0.9459      0.9459      0.9459      0.8067
15      A         B           15           LYS           97.17            90     90     36     3.429     3.429     1.621     0.9423      0.9423      0.9423      0.7950
16      A         B           16           ILE           97.39            90     90     36     3.429     3.429     1.621     0.9461      0.9461      0.9461      0.8043
17      A         B           17           VAL           96.48            90     90     36     3.429     3.429     1.621     0.9329      0.9329      0.9329      0.7659
18      A         B           18           ASN           96.32            90     90     36     3.429     3.429     1.621     0.9292      0.9292      0.9292      0.7584
19      A         B           19           SER           96.01            90     90     36     3.429     3.429     1.621     0.8903      0.8903      0.8903      0.6628
20      A         B           20           ALA           97.65            90     90     36     3.429     3.429     1.621     0.8947      0.8947      0.8947      0.6662
21      A         B           21           LEU           97.27            90     90     36     3.429     3.429     1.621     0.8955      0.8955      0.8955      0.6667
22      A         B           22           THR           94.35            90     90     36     3.429     3.429     1.621     0.8365      0.8365      0.8365      0.5517
23      A         B           23           ASP           97.68            90     90     36     3.429     3.429     1.621     0.8664      0.8664      0.8664      0.6013
24      A         B           24           PRO           97.24            90     90     36     3.429     3.429     1.621     0.8181      0.8181      0.8181      0.5134
25      A         B           25           GLU           97.78            90     90     36     3.429     3.429     1.621     0.8203      0.8203      0.8203      0.5177
26      A         B           26           LYS           97.77            90     90     36     3.429     3.429     1.621     0.9294      0.9294      0.9294      0.7528
27      A         B           27           PHE           98.29            90     90     36     3.429     3.429     1.621     0.9478      0.9478      0.9478      0.8066
28      A         B           28           ALA           97.65            90     90     36     3.429     3.429     1.621     0.9298      0.9298      0.9298      0.7537
29      A         B           29           THR           97.73            90     90     36     3.429     3.429     1.621     0.9457      0.9457      0.9457      0.8019
30      A         B           30           VAL           98.47            90     90     36     3.429     3.429     1.621     0.9676      0.9676      0.9676      0.8735
31      A         B           31           SER           97.90            90     90     36     3.429     3.429     1.621     0.9560      0.9560      0.9560      0.8339
32      A         B           32           HIS           97.35            90     90     36     3.429     3.429     1.621     0.9527      0.9527      0.9527      0.8228
33      A         B           33           GLN           98.34            90     90     36     3.429     3.429     1.621     0.9608      0.9608      0.9608      0.8510
34      A         B           34           LEU           98.19            90     90     36     3.429     3.429     1.621     0.9650      0.9650      0.9650      0.8644
35      A         B           35           GLN           95.36            90     90     36     3.429     3.429     1.621     0.9085      0.9085      0.9085      0.7032
36      A         B           36           THR           95.75            90     90     36     3.429     3.429     1.621     0.9195      0.9195      0.9195      0.7278
37      A         B           37           ASP           94.81            90     90     36     3.429     3.429     1.621     0.9126      0.9126      0.9126      0.7084
38      A         B           38           GLU           97.83            90     90     36     3.429     3.429     1.621     0.8885      0.8885      0.8885      0.6522
39      A         B           39           GLY           98.04            90     90     36     3.429     3.429     1.621     0.9288      0.9288      0.9288      0.7548
40      A         B           40           ARG           97.67            90     90     36     3.429     3.429     1.621     0.9490      0.9490      0.9490      0.8122
41      A         B           41           LYS           98.27            90     90     36     3.429     3.429     1.621     0.9465      0.9465      0.9465      0.8047
42      A         B           42           ALA           98.34            90     90     36     3.429     3.429     1.621     0.9353      0.9353      0.9353      0.7716
43      A         B           43           LEU           98.39            90     90     36     3.429     3.429     1.621     0.9521      0.9521      0.9521      0.8229
44      A         B           44           LEU           97.77            90     90     36     3.429     3.429     1.621     0.9551      0.9551      0.9551      0.8318
45      A         B           45           LYS           98.38            90     90     36     3.429     3.429     1.621     0.9358      0.9358      0.9358      0.7739
46      A         B           46           GLU           98.05            90     90     36     3.429     3.429     1.621     0.9413      0.9413      0.9413      0.7892
47      A         B           47           VAL           97.93            90     90     36     3.429     3.429     1.621     0.9419      0.9419      0.9419      0.7914
48      A         B           48           GLU           96.89            90     90     36     3.429     3.429     1.621     0.9418      0.9418      0.9418      0.7909
49      A         B           49           GLU           97.77            90     90     36     3.429     3.429     1.621     0.9005      0.9005      0.9005      0.6823
50      A         B           50           ARG           96.60            90     90     36     3.429     3.429     1.621     0.8995      0.8995      0.8995      0.6780
51      A         B           51           ILE           95.23            90     90     36     3.429     3.429     1.621     0.8752      0.8752      0.8752      0.6228
52      A         B           52           LYS           95.64            90     90     36     3.429     3.429     1.621     0.8290      0.8290      0.8290      0.5361
53      A         B           53           GLU           91.16            90     90     36     3.429     3.429     1.621     0.6132      0.6132      0.6132      0.2793
54      A         B           54           LYS           76.95            90     90     36     3.429     3.429     1.621     0.2150      0.2150      0.2150      0.0593
55      B         A            1           CYS           95.21            90     90     54     3.429     3.429     2.405     0.6099      0.6099      0.6099      0.4412
56      B         A            2           SER           91.28            90     90     54     3.429     3.429     2.405     0.6817      0.6817      0.6817      0.5207
57      B         A            3           GLN           93.33            90     90     54     3.429     3.429     2.405     0.5780      0.5780      0.5780      0.4097
58      B         A            4           ASN           95.41            90     90     54     3.429     3.429     2.405     0.8138      0.8138      0.8138      0.6912
59      B         A            5           GLU           97.56            90     90     54     3.429     3.429     2.405     0.9122      0.9122      0.9122      0.8388
60      B         A            6           TYR           97.79            90     90     54     3.429     3.429     2.405     0.9459      0.9459      0.9459      0.8969
61      B         A            7           PHE           97.36            90     90     54     3.429     3.429     2.405     0.9537      0.9537      0.9537      0.9110
62      B         A            8           ASP           97.89            90     90     54     3.429     3.429     2.405     0.9608      0.9608      0.9608      0.9242
63      B         A            9           SER           95.13            90     90     54     3.429     3.429     2.405     0.9113      0.9113      0.9113      0.8375
64      B         A           10           LEU           96.52            90     90     54     3.429     3.429     2.405     0.9584      0.9584      0.9584      0.9199
65      B         A           11           LEU           97.41            90     90     54     3.429     3.429     2.405     0.9643      0.9643      0.9643      0.9309
66      B         A           12           HIS           95.41            90     90     54     3.429     3.429     2.405     0.9514      0.9514      0.9514      0.9073
67      B         A           13           ALA           97.55            90     90     54     3.429     3.429     2.405     0.9414      0.9414      0.9414      0.8890
68      B         A           14           CYS           97.64            90     90     54     3.429     3.429     2.405     0.9522      0.9522      0.9522      0.9084
69      B         A           15           ILE           98.15            90     90     54     3.429     3.429     2.405     0.9593      0.9593      0.9593      0.9215
70      B         A           16           PRO           97.78            90     90     54     3.429     3.429     2.405     0.9490      0.9490      0.9490      0.9028
71      B         A           17           CYS           98.29            90     90     54     3.429     3.429     2.405     0.9370      0.9370      0.9370      0.8823
72      B         A           18           GLN           97.01            90     90     54     3.429     3.429     2.405     0.9226      0.9226      0.9226      0.8590
73      B         A           19           LEU           98.20            90     90     54     3.429     3.429     2.405     0.9464      0.9464      0.9464      0.8998
74      B         A           20           ARG           97.47            90     90     54     3.429     3.429     2.405     0.9157      0.9157      0.9157      0.8478
75      B         A           21           CYS           96.52            90     90     54     3.429     3.429     2.405     0.8727      0.8727      0.8727      0.7780
76      B         A           22           SER           91.93            90     90     54     3.429     3.429     2.405     0.7323      0.7323      0.7323      0.5921
77      B         A           23           SER           92.87            90     90     54     3.429     3.429     2.405     0.7261      0.7261      0.7261      0.5850
78      B         A           24           ASN           88.66            90     90     54     3.429     3.429     2.405     0.6228      0.6228      0.6228      0.4681
79      B         A           25           THR           92.17            90     90     54     3.429     3.429     2.405     0.6851      0.6851      0.6851      0.5287
80      B         A           26           PRO           96.07            90     90     54     3.429     3.429     2.405     0.7938      0.7938      0.7938      0.6628
81      B         A           27           PRO           96.46            90     90     54     3.429     3.429     2.405     0.8529      0.8529      0.8529      0.7471
82      B         A           28           LEU           94.56            90     90     54     3.429     3.429     2.405     0.8058      0.8058      0.8058      0.6779
83      B         A           29           THR           94.49            90     90     54     3.429     3.429     2.405     0.7907      0.7907      0.7907      0.6576
84      B         A           30           CYS           97.91            90     90     54     3.429     3.429     2.405     0.8716      0.8716      0.8716      0.7737
85      B         A           31           GLN           96.50            90     90     54     3.429     3.429     2.405     0.8279      0.8279      0.8279      0.7071
86      B         A           32           ARG           94.58            90     90     54     3.429     3.429     2.405     0.6884      0.6884      0.6884      0.5279
87      B         A           33           TYR           96.83            90     90     54     3.429     3.429     2.405     0.8210      0.8210      0.8210      0.7000
88      B         A           34           CYS           97.24            90     90     54     3.429     3.429     2.405     0.7773      0.7773      0.7773      0.6408
89      B         A           35           ASN           93.93            90     90     54     3.429     3.429     2.405     0.6058      0.6058      0.6058      0.4374
90      B         A           36           ALA           86.06            90     90     42     3.429     3.429     1.920     0.1640      0.1849      0.1849      0.0676
