i   AlignChn ScoredChain  AlignResNum  AlignResType  AlignRespLDDT      n0chn  n0dom  n0res    d0chn     d0dom     d0res   ipTM_pae  ipSAE_d0chn ipSAE_d0dom    ipSAE 
1       A         B            1           SER           91.50            90     90     36     3.429     3.429     1.621     0.2571      0.2571      0.2571      0.0767
2       A         B            2           GLU           91.38            90     90     36     3.429     3.429     1.621     0.6272      0.6272      0.6272      0.2995
3       A         B            3           ALA           94.85            90     90     36     3.429     3.429     1.621     0.6427      0.6427      0.6427      0.3127
4       A         B            4           GLU           94.01            90     90     36     3.429     3.429     1.621     0.6990      0.6990      0.6990      0.3688
5       A         B            5           ARG           91.74            90     90     36     3.429     3.429     1.621     0.7954      0.7954      0.7954      0.4917
6       A         B            6           GLU           92.22            90     90     36     3.429     3.429     1.621     0.8155      0.8155      0.8155      0.5256
7       A         B            7           GLU           95.87            90     90     36     3.429     3.429     1.621     0.8312      0.8312      0.8312      0.5499
8       A         B            8           LEU           95.58            90     90     36     3.429     3.429     1.621     0.8608      0.8608      0.8608      0.6045
9       A         B            9           LEU           94.71            90     90     36     3.429     3.429     1.621     0.8938      0.8938      0.8938      0.6729
10      A         B           10           ARG           96.35            90     90     36     3.429     3.429     1.621     0.8916      0.8916      0.8916      0.6680
11      A         B           11           ARG           96.56            90     90     36     3.429     3.429     1.621     0.8825      0.8825      0.8825      0.6496
12      A         B           12           GLU           97.59            90     90     36     3.429     3.429     1.621     0.9144      0.9144      0.9144      0.7227
13      A         B           13           ALA           98.16            90     90     36     3.429     3.429     1.621     0.9322      0.9322      0.9322      0.7704
14      A         B           14           GLU           97.26            90     90     36     3.429     3.429     1.621     0.9121      0.9121      0.9121      0.7187
15      A         B           15           LYS           97.34            90     90     36     3.429     3.429     1.621     0.9126      0.9126      0.9126      0.7188
16      A         B           16           ILE           97.52            90     90     36     3.429     3.429     1.621     0.9192      0.9192      0.9192      0.7319
17      A         B           17           VAL           96.61            90     90     36     3.429     3.429     1.621     0.9019      0.9019      0.9019      0.6873
18      A         B           18           ASN           96.42            90     90     36     3.429     3.429     1.621     0.8935      0.8935      0.8935      0.6734
19      A         B           19           SER           96.35            90     90     36     3.429     3.429     1.621     0.8549      0.8549      0.8549      0.5916
20      A         B           20           ALA           97.87            90     90     36     3.429     3.429     1.621     0.8660      0.8660      0.8660      0.6054
21      A         B           21           LEU           97.22            90     90     36     3.429     3.429     1.621     0.8562      0.8562      0.8562      0.5845
22      A         B           22           THR           95.27            90     90     36     3.429     3.429     1.621     0.8002      0.8002      0.8002      0.4924
23      A         B           23           ASP           97.81            90     90     36     3.429     3.429     1.621     0.8226      0.8226      0.8226      0.5212
24      A         B           24           PRO           97.39            90     90     36     3.429     3.429     1.621     0.7834      0.7834      0.7834      0.4602
25      A         B           25           GLU           97.96            90     90     36     3.429     3.429     1.621     0.7837      0.7837      0.7837      0.4617
26      A         B           26           LYS           97.87            90     90     36     3.429     3.429     1.621     0.9034      0.9034      0.9034      0.6872
27      A         B           27           PHE           98.25            90     90     36     3.429     3.429     1.621     0.9216      0.9216      0.9216      0.7324
28      A         B           28           ALA           97.51            90     90     36     3.429     3.429     1.621     0.8959      0.8959      0.8959      0.6683
29      A         B           29           THR           97.56            90     90     36     3.429     3.429     1.621     0.9211      0.9211      0.9211      0.7342
30      A         B           30           VAL           98.45            90     90     36     3.429     3.429     1.621     0.9502      0.9502      0.9502      0.8181
31      A         B           31           SER           97.80            90     90     36     3.429     3.429     1.621     0.9328      0.9328      0.9328      0.7651
32      A         B           32           HIS           97.24            90     90     36     3.429     3.429     1.621     0.9276      0.9276      0.9276      0.7503
33      A         B           33           GLN           98.27            90     90     36     3.429     3.429     1.621     0.9404      0.9404      0.9404      0.7893
34      A         B           34           LEU           98.15            90     90     36     3.429     3.429     1.621     0.9460      0.9460      0.9460      0.8046
35      A         B           35           GLN           95.93            90     90     36     3.429     3.429     1.621     0.8807      0.8807      0.8807      0.6383
36      A         B           36           THR           95.88            90     90     36     3.429     3.429     1.621     0.8888      0.8888      0.8888      0.6530
37      A         B           37           ASP           95.07            90     90     36     3.429     3.429     1.621     0.8820      0.8820      0.8820      0.6364
38      A         B           38           GLU           97.88            90     90     36     3.429     3.429     1.621     0.8530      0.8530      0.8530      0.5793
39      A         B           39           GLY           97.98            90     90     36     3.429     3.429     1.621     0.8997      0.8997      0.8997      0.6832
40      A         B           40           ARG           97.60            90     90     36     3.429     3.429     1.621     0.9201      0.9201      0.9201      0.7313
41      A         B           41           LYS           98.34            90     90     36     3.429     3.429     1.621     0.9216      0.9216      0.9216      0.7363
42      A         B           42           ALA           98.30            90     90     36     3.429     3.429     1.621     0.9041      0.9041      0.9041      0.6925
43      A         B           43           LEU           98.29            90     90     36     3.429     3.429     1.621     0.9240      0.9240      0.9240      0.7445
44      A         B           44           LEU           97.69            90     90     36     3.429     3.429     1.621     0.9294      0.9294      0.9294      0.7584
45      A         B           45           LYS           98.36            90     90     36     3.429     3.429     1.621     0.9039      0.9039      0.9039      0.6936
46      A         B           46           GLU           97.99            90     90     36     3.429     3.429     1.621     0.9110      0.9110      0.9110      0.7096
47      A         B           47           VAL           97.91            90     90     36     3.429     3.429     1.621     0.9104      0.9104      0.9104      0.7088
48      A         B           48           GLU           96.94            90     90     36     3.429     3.429     1.621     0.9083      0.9083      0.9083      0.7034
49      A         B           49           GLU           97.86            90     90     36     3.429     3.429     1.621     0.8554      0.8554      0.8554      0.5887
50      A         B           50           ARG           96.73            90     90     36     3.429     3.429     1.621     0.8511      0.8511      0.8511      0.5786
51      A         B           51           ILE           95.41            90     90     36     3.429     3.429     1.621     0.8064      0.8064      0.8064      0.4992
52      A         B           52           LYS           95.42            90     90     36     3.429     3.429     1.621     0.7392      0.7392      0.7392      0.4059
53      A         B           53           GLU           91.53            90     90     36     3.429     3.429     1.621     0.4904      0.4904      0.4904      0.1907
54      A         B           54           LYS           76.96            90     90     29     3.429     3.429     1.189     0.1369      0.1478      0.1478      0.0208
55      B         A            1           CYS           95.07            90     90     54     3.429     3.429     2.405     0.5246      0.5246      0.5246      0.3577
56      B         A            2           SER           92.15            90     90     54     3.429     3.429     2.405     0.6484      0.6484      0.6484      0.4824
57      B         A            3           GLN           92.03            90     90     54     3.429     3.429     2.405     0.5002      0.5002      0.5002      0.3362
58      B         A            4           ASN           94.50            90     90     54     3.429     3.429     2.405     0.7399      0.7399      0.7399      0.5944
59      B         A            5           GLU           97.57            90     90     54     3.429     3.429     2.405     0.8780      0.8780      0.8780      0.7845
60      B         A            6           TYR           97.77            90     90     54     3.429     3.429     2.405     0.9209      0.9209      0.9209      0.8540
61      B         A            7           PHE           97.22            90     90     54     3.429     3.429     2.405     0.9296      0.9296      0.9296      0.8688
62      B         A            8           ASP           97.80            90     90     54     3.429     3.429     2.405     0.9386      0.9386      0.9386      0.8847
63      B         A            9           SER           94.76            90     90     54     3.429     3.429     2.405     0.8663      0.8663      0.8663      0.7657
64      B         A           10           LEU           96.32            90     90     54     3.429     3.429     2.405     0.9337      0.9337      0.9337      0.8761
65      B         A           11           LEU           97.29            90     90     54     3.429     3.429     2.405     0.9400      0.9400      0.9400      0.8872
66      B         A           12           HIS           94.85            90     90     54     3.429     3.429     2.405     0.9179      0.9179      0.9179      0.8491
67      B         A           13           ALA           97.44            90     90     54     3.429     3.429     2.405     0.9086      0.9086      0.9086      0.8330
68      B         A           14           CYS           97.59            90     90     54     3.429     3.429     2.405     0.9285      0.9285      0.9285      0.8667
69      B         A           15           ILE           98.13            90     90     54     3.429     3.429     2.405     0.9357      0.9357      0.9357      0.8801
70      B         A           16           PRO           97.60            90     90     54     3.429     3.429     2.405     0.9219      0.9219      0.9219      0.8564
71      B         A           17           CYS           98.17            90     90     54     3.429     3.429     2.405     0.9004      0.9004      0.9004      0.8221
72      B         A           18           GLN           96.56            90     90     54     3.429     3.429     2.405     0.8553      0.8553      0.8553      0.7553
73      B         A           19           LEU           98.11            90     90     54     3.429     3.429     2.405     0.9146      0.9146      0.9146      0.8475
74      B         A           20           ARG           97.34            90     90     54     3.429     3.429     2.405     0.8653      0.8653      0.8653      0.7710
75      B         A           21           CYS           96.04            90     90     54     3.429     3.429     2.405     0.7922      0.7922      0.7922      0.6637
76      B         A           22           SER           91.11            90     90     54     3.429     3.429     2.405     0.5816      0.5816      0.5816      0.4240
77      B         A           23           SER           91.86            90     90     54     3.429     3.429     2.405     0.5524      0.5524      0.5524      0.3967
78      B         A           24           ASN           87.87            90     90     54     3.429     3.429     2.405     0.4560      0.4560      0.4560      0.3073
79      B         A           25           THR           91.15            90     90     54     3.429     3.429     2.405     0.5259      0.5259      0.5259      0.3641
80      B         A           26           PRO           95.54            90     90     54     3.429     3.429     2.405     0.6769      0.6769      0.6769      0.5189
81      B         A           27           PRO           96.14            90     90     54     3.429     3.429     2.405     0.7709      0.7709      0.7709      0.6339
82      B         A           28           LEU           94.17            90     90     54     3.429     3.429     2.405     0.7068      0.7068      0.7068      0.5520
83      B         A           29           THR           94.46            90     90     54     3.429     3.429     2.405     0.7052      0.7052      0.7052      0.5495
84      B         A           30           CYS           97.73            90     90     54     3.429     3.429     2.405     0.7993      0.7993      0.7993      0.6689
85      B         A           31           GLN           96.20            90     90     54     3.429     3.429     2.405     0.7321      0.7321      0.7321      0.5796
86      B         A           32           ARG           94.03            90     90     54     3.429     3.429     2.405     0.5847      0.5847      0.5847      0.4166
87      B         A           33           TYR           96.57            90     90     54     3.429     3.429     2.405     0.7308      0.7308      0.7308      0.5813
88      B         A           34           CYS           96.73            90     90     54     3.429     3.429     2.405     0.6658      0.6658      0.6658      0.5059
89      B         A           35           ASN           92.75            90     90     54     3.429     3.429     2.405     0.4589      0.4589      0.4589      0.2995
90      B         A           36           ALA           84.21            90     90     20     3.429     3.429     1.001     0.1024      0.1472      0.1472      0.0146
