i   AlignChn ScoredChain  AlignResNum  AlignResType  AlignRespLDDT      n0chn  n0dom  n0res    d0chn     d0dom     d0res   ipTM_pae  ipSAE_d0chn ipSAE_d0dom    ipSAE 
1       A         B            1           SER           91.41            90     90     36     3.429     3.429     1.621     0.2961      0.2961      0.2961      0.0919
2       A         B            2           GLU           91.46            90     90     36     3.429     3.429     1.621     0.6927      0.6927      0.6927      0.3618
3       A         B            3           ALA           94.86            90     90     36     3.429     3.429     1.621     0.6974      0.6974      0.6974      0.3659
4       A         B            4           GLU           93.93            90     90     36     3.429     3.429     1.621     0.7556      0.7556      0.7556      0.4346
5       A         B            5           ARG           91.92            90     90     36     3.429     3.429     1.621     0.8466      0.8466      0.8466      0.5742
6       A         B            6           GLU           91.76            90     90     36     3.429     3.429     1.621     0.8619      0.8619      0.8619      0.6051
7       A         B            7           GLU           95.45            90     90     36     3.429     3.429     1.621     0.8652      0.8652      0.8652      0.6107
8       A         B            8           LEU           95.24            90     90     36     3.429     3.429     1.621     0.8920      0.8920      0.8920      0.6664
9       A         B            9           LEU           94.42            90     90     36     3.429     3.429     1.621     0.9204      0.9204      0.9204      0.7349
10      A         B           10           ARG           95.99            90     90     36     3.429     3.429     1.621     0.9165      0.9165      0.9165      0.7250
11      A         B           11           ARG           96.03            90     90     36     3.429     3.429     1.621     0.8986      0.8986      0.8986      0.6827
12      A         B           12           GLU           97.51            90     90     36     3.429     3.429     1.621     0.9300      0.9300      0.9300      0.7603
13      A         B           13           ALA           98.08            90     90     36     3.429     3.429     1.621     0.9453      0.9453      0.9453      0.8043
14      A         B           14           GLU           96.49            90     90     36     3.429     3.429     1.621     0.9260      0.9260      0.9260      0.7517
15      A         B           15           LYS           97.17            90     90     36     3.429     3.429     1.621     0.9231      0.9231      0.9231      0.7426
16      A         B           16           ILE           97.45            90     90     36     3.429     3.429     1.621     0.9362      0.9362      0.9362      0.7758
17      A         B           17           VAL           96.71            90     90     36     3.429     3.429     1.621     0.9293      0.9293      0.9293      0.7562
18      A         B           18           ASN           95.85            90     90     36     3.429     3.429     1.621     0.9174      0.9174      0.9174      0.7280
19      A         B           19           SER           96.31            90     90     36     3.429     3.429     1.621     0.8881      0.8881      0.8881      0.6569
20      A         B           20           ALA           97.80            90     90     36     3.429     3.429     1.621     0.9000      0.9000      0.9000      0.6787
21      A         B           21           LEU           97.06            90     90     36     3.429     3.429     1.621     0.8937      0.8937      0.8937      0.6632
22      A         B           22           THR           95.51            90     90     36     3.429     3.429     1.621     0.8537      0.8537      0.8537      0.5826
23      A         B           23           ASP           97.87            90     90     36     3.429     3.429     1.621     0.8747      0.8747      0.8747      0.6189
24      A         B           24           PRO           97.50            90     90     36     3.429     3.429     1.621     0.8306      0.8306      0.8306      0.5351
25      A         B           25           GLU           98.00            90     90     36     3.429     3.429     1.621     0.8424      0.8424      0.8424      0.5571
26      A         B           26           LYS           97.92            90     90     36     3.429     3.429     1.621     0.9306      0.9306      0.9306      0.7569
27      A         B           27           PHE           98.25            90     90     36     3.429     3.429     1.621     0.9447      0.9447      0.9447      0.7973
28      A         B           28           ALA           97.64            90     90     36     3.429     3.429     1.621     0.9233      0.9233      0.9233      0.7363
29      A         B           29           THR           97.66            90     90     36     3.429     3.429     1.621     0.9405      0.9405      0.9405      0.7870
30      A         B           30           VAL           98.42            90     90     36     3.429     3.429     1.621     0.9628      0.9628      0.9628      0.8571
31      A         B           31           SER           97.80            90     90     36     3.429     3.429     1.621     0.9487      0.9487      0.9487      0.8111
32      A         B           32           HIS           97.27            90     90     36     3.429     3.429     1.621     0.9451      0.9451      0.9451      0.7998
33      A         B           33           GLN           98.22            90     90     36     3.429     3.429     1.621     0.9524      0.9524      0.9524      0.8239
34      A         B           34           LEU           97.94            90     90     36     3.429     3.429     1.621     0.9527      0.9527      0.9527      0.8239
35      A         B           35           GLN           94.73            90     90     36     3.429     3.429     1.621     0.8930      0.8930      0.8930      0.6649
36      A         B           36           THR           95.85            90     90     36     3.429     3.429     1.621     0.9072      0.9072      0.9072      0.6968
37      A         B           37           ASP           94.86            90     90     36     3.429     3.429     1.621     0.9067      0.9067      0.9067      0.6941
38      A         B           38           GLU           98.01            90     90     36     3.429     3.429     1.621     0.8908      0.8908      0.8908      0.6578
39      A         B           39           GLY           97.94            90     90     36     3.429     3.429     1.621     0.9208      0.9208      0.9208      0.7337
40      A         B           40           ARG           97.50            90     90     36     3.429     3.429     1.621     0.9410      0.9410      0.9410      0.7884
41      A         B           41           LYS           98.32            90     90     36     3.429     3.429     1.621     0.9391      0.9391      0.9391      0.7829
42      A         B           42           ALA           98.40            90     90     36     3.429     3.429     1.621     0.9239      0.9239      0.9239      0.7410
43      A         B           43           LEU           98.33            90     90     36     3.429     3.429     1.621     0.9418      0.9418      0.9418      0.7918
44      A         B           44           LEU           97.75            90     90     36     3.429     3.429     1.621     0.9460      0.9460      0.9460      0.8042
45      A         B           45           LYS           98.40            90     90     36     3.429     3.429     1.621     0.9259      0.9259      0.9259      0.7474
46      A         B           46           GLU           98.00            90     90     36     3.429     3.429     1.621     0.9283      0.9283      0.9283      0.7526
47      A         B           47           VAL           97.96            90     90     36     3.429     3.429     1.621     0.9278      0.9278      0.9278      0.7521
48      A         B           48           GLU           96.83            90     90     36     3.429     3.429     1.621     0.9287      0.9287      0.9287      0.7541
49      A         B           49           GLU           97.87            90     90     36     3.429     3.429     1.621     0.8869      0.8869      0.8869      0.6519
50      A         B           50           ARG           96.82            90     90     36     3.429     3.429     1.621     0.8828      0.8828      0.8828      0.6414
51      A         B           51           ILE           95.47            90     90     36     3.429     3.429     1.621     0.8510      0.8510      0.8510      0.5753
52      A         B           52           LYS           95.50            90     90     36     3.429     3.429     1.621     0.7993      0.7993      0.7993      0.4878
53      A         B           53           GLU           91.97            90     90     36     3.429     3.429     1.621     0.5906      0.5906      0.5906      0.2605
54      A         B           54           LYS           78.41            90     90     36     3.429     3.429     1.621     0.2118      0.2118      0.2118      0.0581
55      B         A            1           CYS           94.49            90     90     54     3.429     3.429     2.405     0.5290      0.5290      0.5290      0.3611
56      B         A            2           SER           90.41            90     90     54     3.429     3.429     2.405     0.6176      0.6176      0.6176      0.4496
57      B         A            3           GLN           93.11            90     90     54     3.429     3.429     2.405     0.5028      0.5028      0.5028      0.3377
58      B         A            4           ASN           95.01            90     90     54     3.429     3.429     2.405     0.7657      0.7657      0.7657      0.6274
59      B         A            5           GLU           97.25            90     90     54     3.429     3.429     2.405     0.8955      0.8955      0.8955      0.8117
60      B         A            6           TYR           97.49            90     90     54     3.429     3.429     2.405     0.9335      0.9335      0.9335      0.8752
61      B         A            7           PHE           96.67            90     90     54     3.429     3.429     2.405     0.9408      0.9408      0.9408      0.8880
62      B         A            8           ASP           97.48            90     90     54     3.429     3.429     2.405     0.9485      0.9485      0.9485      0.9018
63      B         A            9           SER           94.34            90     90     54     3.429     3.429     2.405     0.8852      0.8852      0.8852      0.7949
64      B         A           10           LEU           96.05            90     90     54     3.429     3.429     2.405     0.9458      0.9458      0.9458      0.8971
65      B         A           11           LEU           97.17            90     90     54     3.429     3.429     2.405     0.9521      0.9521      0.9521      0.9085
66      B         A           12           HIS           94.33            90     90     54     3.429     3.429     2.405     0.9310      0.9310      0.9310      0.8712
67      B         A           13           ALA           97.14            90     90     54     3.429     3.429     2.405     0.9208      0.9208      0.9208      0.8532
68      B         A           14           CYS           97.08            90     90     54     3.429     3.429     2.405     0.9360      0.9360      0.9360      0.8795
69      B         A           15           ILE           97.87            90     90     54     3.429     3.429     2.405     0.9470      0.9470      0.9470      0.8993
70      B         A           16           PRO           97.46            90     90     54     3.429     3.429     2.405     0.9356      0.9356      0.9356      0.8793
71      B         A           17           CYS           98.12            90     90     54     3.429     3.429     2.405     0.9183      0.9183      0.9183      0.8507
72      B         A           18           GLN           96.56            90     90     54     3.429     3.429     2.405     0.8886      0.8886      0.8886      0.8048
73      B         A           19           LEU           98.09            90     90     54     3.429     3.429     2.405     0.9342      0.9342      0.9342      0.8792
74      B         A           20           ARG           97.19            90     90     54     3.429     3.429     2.405     0.8984      0.8984      0.8984      0.8206
75      B         A           21           CYS           96.24            90     90     54     3.429     3.429     2.405     0.8456      0.8456      0.8456      0.7377
76      B         A           22           SER           91.34            90     90     54     3.429     3.429     2.405     0.6858      0.6858      0.6858      0.5368
77      B         A           23           SER           92.05            90     90     54     3.429     3.429     2.405     0.6656      0.6656      0.6656      0.5153
78      B         A           24           ASN           88.11            90     90     54     3.429     3.429     2.405     0.5723      0.5723      0.5723      0.4166
79      B         A           25           THR           91.26            90     90     54     3.429     3.429     2.405     0.6471      0.6471      0.6471      0.4856
80      B         A           26           PRO           95.66            90     90     54     3.429     3.429     2.405     0.7546      0.7546      0.7546      0.6117
81      B         A           27           PRO           95.98            90     90     54     3.429     3.429     2.405     0.8246      0.8246      0.8246      0.7064
82      B         A           28           LEU           93.63            90     90     54     3.429     3.429     2.405     0.7750      0.7750      0.7750      0.6368
83      B         A           29           THR           93.78            90     90     54     3.429     3.429     2.405     0.7497      0.7497      0.7497      0.6041
84      B         A           30           CYS           97.65            90     90     54     3.429     3.429     2.405     0.8403      0.8403      0.8403      0.7267
85      B         A           31           GLN           96.12            90     90     54     3.429     3.429     2.405     0.7906      0.7906      0.7906      0.6552
86      B         A           32           ARG           93.80            90     90     54     3.429     3.429     2.405     0.6408      0.6408      0.6408      0.4749
87      B         A           33           TYR           96.62            90     90     54     3.429     3.429     2.405     0.7876      0.7876      0.7876      0.6541
88      B         A           34           CYS           96.94            90     90     54     3.429     3.429     2.405     0.7303      0.7303      0.7303      0.5818
89      B         A           35           ASN           93.06            90     90     54     3.429     3.429     2.405     0.5485      0.5485      0.5485      0.3802
90      B         A           36           ALA           85.63            90     90     37     3.429     3.429     1.675     0.1367      0.1622      0.1622      0.0447
