i   AlignChn ScoredChain  AlignResNum  AlignResType  AlignRespLDDT      n0chn  n0dom  n0res    d0chn     d0dom     d0res   ipTM_pae  ipSAE_d0chn ipSAE_d0dom    ipSAE 
1       A         B            1           SER           91.44            90     90     36     3.429     3.429     1.621     0.2919      0.2919      0.2919      0.0907
2       A         B            2           GLU           91.56            90     90     36     3.429     3.429     1.621     0.6735      0.6735      0.6735      0.3445
3       A         B            3           ALA           95.18            90     90     36     3.429     3.429     1.621     0.6850      0.6850      0.6850      0.3545
4       A         B            4           GLU           93.96            90     90     36     3.429     3.429     1.621     0.7405      0.7405      0.7405      0.4174
5       A         B            5           ARG           92.24            90     90     36     3.429     3.429     1.621     0.8423      0.8423      0.8423      0.5696
6       A         B            6           GLU           92.86            90     90     36     3.429     3.429     1.621     0.8558      0.8558      0.8558      0.5951
7       A         B            7           GLU           95.67            90     90     36     3.429     3.429     1.621     0.8619      0.8619      0.8619      0.6060
8       A         B            8           LEU           95.59            90     90     36     3.429     3.429     1.621     0.8902      0.8902      0.8902      0.6646
9       A         B            9           LEU           96.05            90     90     36     3.429     3.429     1.621     0.9234      0.9234      0.9234      0.7446
10      A         B           10           ARG           96.44            90     90     36     3.429     3.429     1.621     0.9167      0.9167      0.9167      0.7268
11      A         B           11           ARG           96.29            90     90     36     3.429     3.429     1.621     0.8991      0.8991      0.8991      0.6855
12      A         B           12           GLU           97.68            90     90     36     3.429     3.429     1.621     0.9283      0.9283      0.9283      0.7574
13      A         B           13           ALA           98.21            90     90     36     3.429     3.429     1.621     0.9439      0.9439      0.9439      0.8019
14      A         B           14           GLU           96.82            90     90     36     3.429     3.429     1.621     0.9230      0.9230      0.9230      0.7455
15      A         B           15           LYS           97.26            90     90     36     3.429     3.429     1.621     0.9259      0.9259      0.9259      0.7515
16      A         B           16           ILE           97.51            90     90     36     3.429     3.429     1.621     0.9327      0.9327      0.9327      0.7670
17      A         B           17           VAL           97.10            90     90     36     3.429     3.429     1.621     0.9292      0.9292      0.9292      0.7568
18      A         B           18           ASN           95.97            90     90     36     3.429     3.429     1.621     0.9089      0.9089      0.9089      0.7083
19      A         B           19           SER           96.31            90     90     36     3.429     3.429     1.621     0.8755      0.8755      0.8755      0.6313
20      A         B           20           ALA           97.89            90     90     36     3.429     3.429     1.621     0.8839      0.8839      0.8839      0.6425
21      A         B           21           LEU           97.06            90     90     36     3.429     3.429     1.621     0.8729      0.8729      0.8729      0.6179
22      A         B           22           THR           95.14            90     90     36     3.429     3.429     1.621     0.8193      0.8193      0.8193      0.5236
23      A         B           23           ASP           97.86            90     90     36     3.429     3.429     1.621     0.8528      0.8528      0.8528      0.5751
24      A         B           24           PRO           97.56            90     90     36     3.429     3.429     1.621     0.8114      0.8114      0.8114      0.5029
25      A         B           25           GLU           97.97            90     90     36     3.429     3.429     1.621     0.8143      0.8143      0.8143      0.5085
26      A         B           26           LYS           97.91            90     90     36     3.429     3.429     1.621     0.9201      0.9201      0.9201      0.7290
27      A         B           27           PHE           98.29            90     90     36     3.429     3.429     1.621     0.9368      0.9368      0.9368      0.7741
28      A         B           28           ALA           97.71            90     90     36     3.429     3.429     1.621     0.9164      0.9164      0.9164      0.7180
29      A         B           29           THR           97.85            90     90     36     3.429     3.429     1.621     0.9366      0.9366      0.9366      0.7763
30      A         B           30           VAL           98.50            90     90     36     3.429     3.429     1.621     0.9605      0.9605      0.9605      0.8504
31      A         B           31           SER           97.81            90     90     36     3.429     3.429     1.621     0.9429      0.9429      0.9429      0.7938
32      A         B           32           HIS           97.39            90     90     36     3.429     3.429     1.621     0.9391      0.9391      0.9391      0.7824
33      A         B           33           GLN           98.35            90     90     36     3.429     3.429     1.621     0.9492      0.9492      0.9492      0.8148
34      A         B           34           LEU           98.10            90     90     36     3.429     3.429     1.621     0.9508      0.9508      0.9508      0.8187
35      A         B           35           GLN           94.87            90     90     36     3.429     3.429     1.621     0.8845      0.8845      0.8845      0.6452
36      A         B           36           THR           95.86            90     90     36     3.429     3.429     1.621     0.9004      0.9004      0.9004      0.6797
37      A         B           37           ASP           95.18            90     90     36     3.429     3.429     1.621     0.9001      0.9001      0.9001      0.6777
38      A         B           38           GLU           98.11            90     90     36     3.429     3.429     1.621     0.8758      0.8758      0.8758      0.6250
39      A         B           39           GLY           98.09            90     90     36     3.429     3.429     1.621     0.9169      0.9169      0.9169      0.7244
40      A         B           40           ARG           97.78            90     90     36     3.429     3.429     1.621     0.9369      0.9369      0.9369      0.7768
41      A         B           41           LYS           98.42            90     90     36     3.429     3.429     1.621     0.9360      0.9360      0.9360      0.7749
42      A         B           42           ALA           98.45            90     90     36     3.429     3.429     1.621     0.9202      0.9202      0.9202      0.7321
43      A         B           43           LEU           98.42            90     90     36     3.429     3.429     1.621     0.9382      0.9382      0.9382      0.7826
44      A         B           44           LEU           97.89            90     90     36     3.429     3.429     1.621     0.9437      0.9437      0.9437      0.7981
45      A         B           45           LYS           98.44            90     90     36     3.429     3.429     1.621     0.9212      0.9212      0.9212      0.7358
46      A         B           46           GLU           98.15            90     90     36     3.429     3.429     1.621     0.9268      0.9268      0.9268      0.7498
47      A         B           47           VAL           98.08            90     90     36     3.429     3.429     1.621     0.9290      0.9290      0.9290      0.7564
48      A         B           48           GLU           97.21            90     90     36     3.429     3.429     1.621     0.9276      0.9276      0.9276      0.7524
49      A         B           49           GLU           97.94            90     90     36     3.429     3.429     1.621     0.8821      0.8821      0.8821      0.6425
50      A         B           50           ARG           96.87            90     90     36     3.429     3.429     1.621     0.8826      0.8826      0.8826      0.6416
51      A         B           51           ILE           95.80            90     90     36     3.429     3.429     1.621     0.8512      0.8512      0.8512      0.5761
52      A         B           52           LYS           95.95            90     90     36     3.429     3.429     1.621     0.7874      0.7874      0.7874      0.4716
53      A         B           53           GLU           92.03            90     90     36     3.429     3.429     1.621     0.5619      0.5619      0.5619      0.2392
54      A         B           54           LYS           78.09            90     90     34     3.429     3.429     1.509     0.1715      0.1755      0.1755      0.0403
55      B         A            1           CYS           94.83            90     90     54     3.429     3.429     2.405     0.5526      0.5526      0.5526      0.3838
56      B         A            2           SER           90.91            90     90     54     3.429     3.429     2.405     0.6186      0.6186      0.6186      0.4513
57      B         A            3           GLN           93.13            90     90     54     3.429     3.429     2.405     0.5035      0.5035      0.5035      0.3387
58      B         A            4           ASN           95.20            90     90     54     3.429     3.429     2.405     0.7763      0.7763      0.7763      0.6409
59      B         A            5           GLU           97.41            90     90     54     3.429     3.429     2.405     0.8952      0.8952      0.8952      0.8113
60      B         A            6           TYR           97.63            90     90     54     3.429     3.429     2.405     0.9334      0.9334      0.9334      0.8752
61      B         A            7           PHE           97.07            90     90     54     3.429     3.429     2.405     0.9424      0.9424      0.9424      0.8909
62      B         A            8           ASP           97.81            90     90     54     3.429     3.429     2.405     0.9514      0.9514      0.9514      0.9072
63      B         A            9           SER           94.99            90     90     54     3.429     3.429     2.405     0.8951      0.8951      0.8951      0.8110
64      B         A           10           LEU           96.49            90     90     54     3.429     3.429     2.405     0.9491      0.9491      0.9491      0.9031
65      B         A           11           LEU           97.52            90     90     54     3.429     3.429     2.405     0.9560      0.9560      0.9560      0.9157
66      B         A           12           HIS           95.31            90     90     54     3.429     3.429     2.405     0.9392      0.9392      0.9392      0.8856
67      B         A           13           ALA           97.42            90     90     54     3.429     3.429     2.405     0.9282      0.9282      0.9282      0.8660
68      B         A           14           CYS           97.42            90     90     54     3.429     3.429     2.405     0.9400      0.9400      0.9400      0.8865
69      B         A           15           ILE           98.06            90     90     54     3.429     3.429     2.405     0.9480      0.9480      0.9480      0.9013
70      B         A           16           PRO           97.64            90     90     54     3.429     3.429     2.405     0.9357      0.9357      0.9357      0.8797
71      B         A           17           CYS           98.17            90     90     54     3.429     3.429     2.405     0.9176      0.9176      0.9176      0.8496
72      B         A           18           GLN           96.68            90     90     54     3.429     3.429     2.405     0.8884      0.8884      0.8884      0.8045
73      B         A           19           LEU           98.12            90     90     54     3.429     3.429     2.405     0.9327      0.9327      0.9327      0.8767
74      B         A           20           ARG           97.35            90     90     54     3.429     3.429     2.405     0.8903      0.8903      0.8903      0.8081
75      B         A           21           CYS           96.18            90     90     54     3.429     3.429     2.405     0.8306      0.8306      0.8306      0.7162
76      B         A           22           SER           91.21            90     90     54     3.429     3.429     2.405     0.6520      0.6520      0.6520      0.4982
77      B         A           23           SER           91.98            90     90     54     3.429     3.429     2.405     0.6212      0.6212      0.6212      0.4661
78      B         A           24           ASN           88.21            90     90     54     3.429     3.429     2.405     0.5143      0.5143      0.5143      0.3596
79      B         A           25           THR           91.37            90     90     54     3.429     3.429     2.405     0.5915      0.5915      0.5915      0.4270
80      B         A           26           PRO           95.69            90     90     54     3.429     3.429     2.405     0.7273      0.7273      0.7273      0.5774
81      B         A           27           PRO           96.09            90     90     54     3.429     3.429     2.405     0.8129      0.8129      0.8129      0.6897
82      B         A           28           LEU           94.03            90     90     54     3.429     3.429     2.405     0.7615      0.7615      0.7615      0.6188
83      B         A           29           THR           94.13            90     90     54     3.429     3.429     2.405     0.7489      0.7489      0.7489      0.6030
84      B         A           30           CYS           97.68            90     90     54     3.429     3.429     2.405     0.8357      0.8357      0.8357      0.7199
85      B         A           31           GLN           96.24            90     90     54     3.429     3.429     2.405     0.7824      0.7824      0.7824      0.6441
86      B         A           32           ARG           94.16            90     90     54     3.429     3.429     2.405     0.6420      0.6420      0.6420      0.4761
87      B         A           33           TYR           96.58            90     90     54     3.429     3.429     2.405     0.7768      0.7768      0.7768      0.6394
88      B         A           34           CYS           96.98            90     90     54     3.429     3.429     2.405     0.7208      0.7208      0.7208      0.5696
89      B         A           35           ASN           92.49            90     90     54     3.429     3.429     2.405     0.5101      0.5101      0.5101      0.3445
90      B         A           36           ALA           85.59            90     90     31     3.429     3.429     1.325     0.1254      0.1580      0.1580      0.0276
