i   AlignChn ScoredChain  AlignResNum  AlignResType  AlignRespLDDT      n0chn  n0dom  n0res    d0chn     d0dom     d0res   ipTM_pae  ipSAE_d0chn ipSAE_d0dom    ipSAE 
1       A         B            1           SER           91.37            90     90     31     3.429     3.429     1.325     0.1648      0.1767      0.1767      0.0324
2       A         B            2           GLU           91.49            90     90     36     3.429     3.429     1.621     0.5081      0.5081      0.5081      0.2057
3       A         B            3           ALA           94.92            90     90     36     3.429     3.429     1.621     0.5439      0.5439      0.5439      0.2298
4       A         B            4           GLU           94.15            90     90     36     3.429     3.429     1.621     0.6076      0.6076      0.6076      0.2795
5       A         B            5           ARG           91.67            90     90     36     3.429     3.429     1.621     0.7162      0.7162      0.7162      0.3871
6       A         B            6           GLU           91.90            90     90     36     3.429     3.429     1.621     0.7367      0.7367      0.7367      0.4140
7       A         B            7           GLU           95.84            90     90     36     3.429     3.429     1.621     0.7563      0.7563      0.7563      0.4370
8       A         B            8           LEU           95.56            90     90     36     3.429     3.429     1.621     0.8015      0.8015      0.8015      0.5030
9       A         B            9           LEU           94.64            90     90     36     3.429     3.429     1.621     0.8386      0.8386      0.8386      0.5639
10      A         B           10           ARG           96.44            90     90     36     3.429     3.429     1.621     0.8313      0.8313      0.8313      0.5497
11      A         B           11           ARG           96.63            90     90     36     3.429     3.429     1.621     0.8207      0.8207      0.8207      0.5361
12      A         B           12           GLU           97.75            90     90     36     3.429     3.429     1.621     0.8725      0.8725      0.8725      0.6312
13      A         B           13           ALA           98.24            90     90     36     3.429     3.429     1.621     0.8975      0.8975      0.8975      0.6873
14      A         B           14           GLU           97.30            90     90     36     3.429     3.429     1.621     0.8627      0.8627      0.8627      0.6138
15      A         B           15           LYS           97.32            90     90     36     3.429     3.429     1.621     0.8648      0.8648      0.8648      0.6175
16      A         B           16           ILE           97.38            90     90     36     3.429     3.429     1.621     0.8770      0.8770      0.8770      0.6361
17      A         B           17           VAL           96.59            90     90     36     3.429     3.429     1.621     0.8520      0.8520      0.8520      0.5832
18      A         B           18           ASN           96.20            90     90     36     3.429     3.429     1.621     0.8343      0.8343      0.8343      0.5586
19      A         B           19           SER           96.39            90     90     36     3.429     3.429     1.621     0.8007      0.8007      0.8007      0.4997
20      A         B           20           ALA           97.90            90     90     36     3.429     3.429     1.621     0.8064      0.8064      0.8064      0.4994
21      A         B           21           LEU           97.29            90     90     36     3.429     3.429     1.621     0.7900      0.7900      0.7900      0.4729
22      A         B           22           THR           95.51            90     90     36     3.429     3.429     1.621     0.7372      0.7372      0.7372      0.4068
23      A         B           23           ASP           97.89            90     90     36     3.429     3.429     1.621     0.7713      0.7713      0.7713      0.4431
24      A         B           24           PRO           97.54            90     90     36     3.429     3.429     1.621     0.7355      0.7355      0.7355      0.3962
25      A         B           25           GLU           97.99            90     90     36     3.429     3.429     1.621     0.7347      0.7347      0.7347      0.3969
26      A         B           26           LYS           97.94            90     90     36     3.429     3.429     1.621     0.8716      0.8716      0.8716      0.6179
27      A         B           27           PHE           98.36            90     90     36     3.429     3.429     1.621     0.8935      0.8935      0.8935      0.6637
28      A         B           28           ALA           97.91            90     90     36     3.429     3.429     1.621     0.8742      0.8742      0.8742      0.6214
29      A         B           29           THR           97.87            90     90     36     3.429     3.429     1.621     0.8989      0.8989      0.8989      0.6817
30      A         B           30           VAL           98.51            90     90     36     3.429     3.429     1.621     0.9308      0.9308      0.9308      0.7645
31      A         B           31           SER           98.00            90     90     36     3.429     3.429     1.621     0.9084      0.9084      0.9084      0.7016
32      A         B           32           HIS           97.53            90     90     36     3.429     3.429     1.621     0.9049      0.9049      0.9049      0.6931
33      A         B           33           GLN           98.38            90     90     36     3.429     3.429     1.621     0.9180      0.9180      0.9180      0.7303
34      A         B           34           LEU           98.21            90     90     36     3.429     3.429     1.621     0.9205      0.9205      0.9205      0.7342
35      A         B           35           GLN           96.17            90     90     36     3.429     3.429     1.621     0.8393      0.8393      0.8393      0.5561
36      A         B           36           THR           96.18            90     90     36     3.429     3.429     1.621     0.8548      0.8548      0.8548      0.5820
37      A         B           37           ASP           95.40            90     90     36     3.429     3.429     1.621     0.8499      0.8499      0.8499      0.5712
38      A         B           38           GLU           98.02            90     90     36     3.429     3.429     1.621     0.8239      0.8239      0.8239      0.5273
39      A         B           39           GLY           98.15            90     90     36     3.429     3.429     1.621     0.8712      0.8712      0.8712      0.6228
40      A         B           40           ARG           97.88            90     90     36     3.429     3.429     1.621     0.8929      0.8929      0.8929      0.6668
41      A         B           41           LYS           98.46            90     90     36     3.429     3.429     1.621     0.8965      0.8965      0.8965      0.6769
42      A         B           42           ALA           98.51            90     90     36     3.429     3.429     1.621     0.8736      0.8736      0.8736      0.6267
43      A         B           43           LEU           98.42            90     90     36     3.429     3.429     1.621     0.8923      0.8923      0.8923      0.6697
44      A         B           44           LEU           97.91            90     90     36     3.429     3.429     1.621     0.8993      0.8993      0.8993      0.6852
45      A         B           45           LYS           98.46            90     90     36     3.429     3.429     1.621     0.8678      0.8678      0.8678      0.6162
46      A         B           46           GLU           98.11            90     90     36     3.429     3.429     1.621     0.8721      0.8721      0.8721      0.6245
47      A         B           47           VAL           98.02            90     90     36     3.429     3.429     1.621     0.8708      0.8708      0.8708      0.6223
48      A         B           48           GLU           97.15            90     90     36     3.429     3.429     1.621     0.8689      0.8689      0.8689      0.6176
49      A         B           49           GLU           97.90            90     90     36     3.429     3.429     1.621     0.7979      0.7979      0.7979      0.4927
50      A         B           50           ARG           96.45            90     90     36     3.429     3.429     1.621     0.7768      0.7768      0.7768      0.4593
51      A         B           51           ILE           95.45            90     90     36     3.429     3.429     1.621     0.7220      0.7220      0.7220      0.3856
52      A         B           52           LYS           95.64            90     90     36     3.429     3.429     1.621     0.6543      0.6543      0.6543      0.3136
53      A         B           53           GLU           91.76            90     90     36     3.429     3.429     1.621     0.3481      0.3481      0.3481      0.1139
54      A         B           54           LYS           78.63            90     90      9     3.429     3.429     1.001     0.0972      0.1425      0.1425      0.0140
55      B         A            1           CYS           95.44            90     90     54     3.429     3.429     2.405     0.4672      0.4672      0.4672      0.3061
56      B         A            2           SER           92.84            90     90     54     3.429     3.429     2.405     0.5930      0.5930      0.5930      0.4243
57      B         A            3           GLN           93.84            90     90     54     3.429     3.429     2.405     0.4406      0.4406      0.4406      0.2844
58      B         A            4           ASN           95.38            90     90     54     3.429     3.429     2.405     0.6974      0.6974      0.6974      0.5438
59      B         A            5           GLU           97.63            90     90     54     3.429     3.429     2.405     0.8407      0.8407      0.8407      0.7290
60      B         A            6           TYR           97.83            90     90     54     3.429     3.429     2.405     0.8912      0.8912      0.8912      0.8062
61      B         A            7           PHE           97.17            90     90     54     3.429     3.429     2.405     0.9043      0.9043      0.9043      0.8273
62      B         A            8           ASP           97.88            90     90     54     3.429     3.429     2.405     0.9145      0.9145      0.9145      0.8444
63      B         A            9           SER           94.78            90     90     54     3.429     3.429     2.405     0.8284      0.8284      0.8284      0.7104
64      B         A           10           LEU           96.45            90     90     54     3.429     3.429     2.405     0.9081      0.9081      0.9081      0.8337
65      B         A           11           LEU           97.50            90     90     54     3.429     3.429     2.405     0.9150      0.9150      0.9150      0.8457
66      B         A           12           HIS           95.05            90     90     54     3.429     3.429     2.405     0.8875      0.8875      0.8875      0.8003
67      B         A           13           ALA           97.46            90     90     54     3.429     3.429     2.405     0.8771      0.8771      0.8771      0.7830
68      B         A           14           CYS           97.60            90     90     54     3.429     3.429     2.405     0.9022      0.9022      0.9022      0.8235
69      B         A           15           ILE           98.18            90     90     54     3.429     3.429     2.405     0.9088      0.9088      0.9088      0.8354
70      B         A           16           PRO           97.72            90     90     54     3.429     3.429     2.405     0.8920      0.8920      0.8920      0.8086
71      B         A           17           CYS           98.29            90     90     54     3.429     3.429     2.405     0.8673      0.8673      0.8673      0.7716
72      B         A           18           GLN           96.76            90     90     54     3.429     3.429     2.405     0.8175      0.8175      0.8175      0.7028
73      B         A           19           LEU           98.20            90     90     54     3.429     3.429     2.405     0.8844      0.8844      0.8844      0.8013
74      B         A           20           ARG           97.40            90     90     54     3.429     3.429     2.405     0.8142      0.8142      0.8142      0.6996
75      B         A           21           CYS           96.41            90     90     54     3.429     3.429     2.405     0.7210      0.7210      0.7210      0.5743
76      B         A           22           SER           91.54            90     90     54     3.429     3.429     2.405     0.4759      0.4759      0.4759      0.3239
77      B         A           23           SER           92.08            90     90     54     3.429     3.429     2.405     0.4413      0.4413      0.4413      0.2952
78      B         A           24           ASN           88.39            90     90     54     3.429     3.429     2.405     0.3521      0.3521      0.3521      0.2219
79      B         A           25           THR           91.52            90     90     54     3.429     3.429     2.405     0.4308      0.4308      0.4308      0.2805
80      B         A           26           PRO           95.75            90     90     54     3.429     3.429     2.405     0.5993      0.5993      0.5993      0.4355
81      B         A           27           PRO           96.27            90     90     54     3.429     3.429     2.405     0.7098      0.7098      0.7098      0.5587
82      B         A           28           LEU           94.26            90     90     54     3.429     3.429     2.405     0.6456      0.6456      0.6456      0.4832
83      B         A           29           THR           94.58            90     90     54     3.429     3.429     2.405     0.6386      0.6386      0.6386      0.4744
84      B         A           30           CYS           97.83            90     90     54     3.429     3.429     2.405     0.7384      0.7384      0.7384      0.5898
85      B         A           31           GLN           96.07            90     90     54     3.429     3.429     2.405     0.6701      0.6701      0.6701      0.5066
86      B         A           32           ARG           94.19            90     90     54     3.429     3.429     2.405     0.5052      0.5052      0.5052      0.3407
87      B         A           33           TYR           96.86            90     90     54     3.429     3.429     2.405     0.6552      0.6552      0.6552      0.4926
88      B         A           34           CYS           97.10            90     90     54     3.429     3.429     2.405     0.5808      0.5808      0.5808      0.4160
89      B         A           35           ASN           92.63            90     90     54     3.429     3.429     2.405     0.3587      0.3587      0.3587      0.2193
90      B         A           36           ALA           84.64            90     90      7     3.429     3.429     1.001     0.0713      0.1292      0.1292      0.0125
