i   AlignChn ScoredChain  AlignResNum  AlignResType  AlignRespLDDT      n0chn  n0dom  n0res    d0chn     d0dom     d0res   ipTM_pae  ipSAE_d0chn ipSAE_d0dom    ipSAE 
1       A         B            1           SER           84.90            90     90     36     3.429     3.429     1.621     0.2188      0.2188      0.2188      0.0630
2       A         B            2           ASP           88.62            90     90     36     3.429     3.429     1.621     0.6017      0.6017      0.6017      0.2806
3       A         B            3           SER           92.95            90     90     36     3.429     3.429     1.621     0.6601      0.6601      0.6601      0.3339
4       A         B            4           GLU           92.85            90     90     36     3.429     3.429     1.621     0.7513      0.7513      0.7513      0.4343
5       A         B            5           HIS           92.76            90     90     36     3.429     3.429     1.621     0.8843      0.8843      0.8843      0.6522
6       A         B            6           ARG           94.70            90     90     36     3.429     3.429     1.621     0.8862      0.8862      0.8862      0.6578
7       A         B            7           ALA           95.56            90     90     36     3.429     3.429     1.621     0.8792      0.8792      0.8792      0.6417
8       A         B            8           LEU           95.79            90     90     36     3.429     3.429     1.621     0.9076      0.9076      0.9076      0.7052
9       A         B            9           LEU           96.63            90     90     36     3.429     3.429     1.621     0.9375      0.9375      0.9375      0.7827
10      A         B           10           GLY           97.76            90     90     36     3.429     3.429     1.621     0.9211      0.9211      0.9211      0.7404
11      A         B           11           LYS           96.72            90     90     36     3.429     3.429     1.621     0.9210      0.9210      0.9210      0.7389
12      A         B           12           GLU           97.50            90     90     36     3.429     3.429     1.621     0.9415      0.9415      0.9415      0.7941
13      A         B           13           ALA           98.26            90     90     36     3.429     3.429     1.621     0.9547      0.9547      0.9547      0.8339
14      A         B           14           GLU           96.68            90     90     36     3.429     3.429     1.621     0.9370      0.9370      0.9370      0.7822
15      A         B           15           LYS           97.16            90     90     36     3.429     3.429     1.621     0.9369      0.9369      0.9369      0.7811
16      A         B           16           ILE           97.31            90     90     36     3.429     3.429     1.621     0.9432      0.9432      0.9432      0.7971
17      A         B           17           THR           97.27            90     90     36     3.429     3.429     1.621     0.9418      0.9418      0.9418      0.7927
18      A         B           18           LYS           95.77            90     90     36     3.429     3.429     1.621     0.9269      0.9269      0.9269      0.7537
19      A         B           19           GLU           96.89            90     90     36     3.429     3.429     1.621     0.9256      0.9256      0.9256      0.7473
20      A         B           20           ALA           97.18            90     90     36     3.429     3.429     1.621     0.9135      0.9135      0.9135      0.7133
21      A         B           21           LEU           96.44            90     90     36     3.429     3.429     1.621     0.9137      0.9137      0.9137      0.7129
22      A         B           22           GLU           97.21            90     90     36     3.429     3.429     1.621     0.8952      0.8952      0.8952      0.6693
23      A         B           23           ASP           97.78            90     90     36     3.429     3.429     1.621     0.8761      0.8761      0.8761      0.6224
24      A         B           24           PRO           96.86            90     90     36     3.429     3.429     1.621     0.8069      0.8069      0.8069      0.4948
25      A         B           25           GLU           97.56            90     90     36     3.429     3.429     1.621     0.8296      0.8296      0.8296      0.5329
26      A         B           26           LYS           97.05            90     90     36     3.429     3.429     1.621     0.9168      0.9168      0.9168      0.7201
27      A         B           27           TYR           97.57            90     90     36     3.429     3.429     1.621     0.9329      0.9329      0.9329      0.7626
28      A         B           28           SER           97.12            90     90     36     3.429     3.429     1.621     0.8957      0.8957      0.8957      0.6676
29      A         B           29           GLU           97.10            90     90     36     3.429     3.429     1.621     0.9285      0.9285      0.9285      0.7535
30      A         B           30           VAL           98.11            90     90     36     3.429     3.429     1.621     0.9554      0.9554      0.9554      0.8337
31      A         B           31           SER           97.51            90     90     36     3.429     3.429     1.621     0.9436      0.9436      0.9436      0.7958
32      A         B           32           LYS           97.04            90     90     36     3.429     3.429     1.621     0.9302      0.9302      0.9302      0.7567
33      A         B           33           ALA           97.68            90     90     36     3.429     3.429     1.621     0.9466      0.9466      0.9466      0.8072
34      A         B           34           LEU           98.03            90     90     36     3.429     3.429     1.621     0.9595      0.9595      0.9595      0.8461
35      A         B           35           ASN           96.65            90     90     36     3.429     3.429     1.621     0.9392      0.9392      0.9392      0.7833
36      A         B           36           THR           95.23            90     90     36     3.429     3.429     1.621     0.9202      0.9202      0.9202      0.7299
37      A         B           37           GLU           93.07            90     90     36     3.429     3.429     1.621     0.8878      0.8878      0.8878      0.6496
38      A         B           38           GLN           96.51            90     90     36     3.429     3.429     1.621     0.8731      0.8731      0.8731      0.6191
39      A         B           39           GLY           97.46            90     90     36     3.429     3.429     1.621     0.9146      0.9146      0.9146      0.7181
40      A         B           40           ARG           96.92            90     90     36     3.429     3.429     1.621     0.9371      0.9371      0.9371      0.7770
41      A         B           41           LYS           98.01            90     90     36     3.429     3.429     1.621     0.9367      0.9367      0.9367      0.7761
42      A         B           42           GLU           97.37            90     90     36     3.429     3.429     1.621     0.9151      0.9151      0.9151      0.7180
43      A         B           43           LEU           97.98            90     90     36     3.429     3.429     1.621     0.9411      0.9411      0.9411      0.7905
44      A         B           44           LEU           97.78            90     90     36     3.429     3.429     1.621     0.9461      0.9461      0.9461      0.8048
45      A         B           45           LYS           98.11            90     90     36     3.429     3.429     1.621     0.9242      0.9242      0.9242      0.7432
46      A         B           46           GLN           96.92            90     90     36     3.429     3.429     1.621     0.9254      0.9254      0.9254      0.7451
47      A         B           47           VAL           97.96            90     90     36     3.429     3.429     1.621     0.9325      0.9325      0.9325      0.7657
48      A         B           48           GLU           97.04            90     90     36     3.429     3.429     1.621     0.9332      0.9332      0.9332      0.7673
49      A         B           49           ALA           97.55            90     90     36     3.429     3.429     1.621     0.8871      0.8871      0.8871      0.6528
50      A         B           50           ARG           96.83            90     90     36     3.429     3.429     1.621     0.8896      0.8896      0.8896      0.6568
51      A         B           51           ILE           95.45            90     90     36     3.429     3.429     1.621     0.8743      0.8743      0.8743      0.6220
52      A         B           52           ALA           95.92            90     90     36     3.429     3.429     1.621     0.8273      0.8273      0.8273      0.5355
53      A         B           53           ALA           94.59            90     90     36     3.429     3.429     1.621     0.5986      0.5986      0.5986      0.2671
54      A         B           54           LYS           83.14            90     90     36     3.429     3.429     1.621     0.2023      0.2023      0.2023      0.0548
55      B         A            1           CYS           93.60            90     90     54     3.429     3.429     2.405     0.5737      0.5737      0.5737      0.4055
56      B         A            2           SER           90.13            90     90     54     3.429     3.429     2.405     0.6589      0.6589      0.6589      0.4953
57      B         A            3           GLN           91.73            90     90     54     3.429     3.429     2.405     0.5302      0.5302      0.5302      0.3632
58      B         A            4           ASN           93.41            90     90     54     3.429     3.429     2.405     0.7859      0.7859      0.7859      0.6530
59      B         A            5           GLU           96.68            90     90     54     3.429     3.429     2.405     0.9053      0.9053      0.9053      0.8275
60      B         A            6           TYR           96.83            90     90     54     3.429     3.429     2.405     0.9365      0.9365      0.9365      0.8803
61      B         A            7           PHE           97.01            90     90     54     3.429     3.429     2.405     0.9494      0.9494      0.9494      0.9033
62      B         A            8           ASP           97.72            90     90     54     3.429     3.429     2.405     0.9578      0.9578      0.9578      0.9188
63      B         A            9           SER           94.99            90     90     54     3.429     3.429     2.405     0.9086      0.9086      0.9086      0.8332
64      B         A           10           LEU           96.70            90     90     54     3.429     3.429     2.405     0.9570      0.9570      0.9570      0.9175
65      B         A           11           LEU           97.95            90     90     54     3.429     3.429     2.405     0.9643      0.9643      0.9643      0.9310
66      B         A           12           HIS           97.19            90     90     54     3.429     3.429     2.405     0.9561      0.9561      0.9561      0.9158
67      B         A           13           ALA           97.76            90     90     54     3.429     3.429     2.405     0.9389      0.9389      0.9389      0.8849
68      B         A           14           CYS           97.35            90     90     54     3.429     3.429     2.405     0.9488      0.9488      0.9488      0.9023
69      B         A           15           ILE           97.77            90     90     54     3.429     3.429     2.405     0.9519      0.9519      0.9519      0.9082
70      B         A           16           PRO           96.72            90     90     54     3.429     3.429     2.405     0.9401      0.9401      0.9401      0.8870
71      B         A           17           CYS           97.60            90     90     54     3.429     3.429     2.405     0.9239      0.9239      0.9239      0.8598
72      B         A           18           GLN           95.46            90     90     54     3.429     3.429     2.405     0.8977      0.8977      0.8977      0.8186
73      B         A           19           LEU           97.75            90     90     54     3.429     3.429     2.405     0.9382      0.9382      0.9382      0.8858
74      B         A           20           ARG           96.95            90     90     54     3.429     3.429     2.405     0.8987      0.8987      0.8987      0.8210
75      B         A           21           CYS           95.18            90     90     54     3.429     3.429     2.405     0.8390      0.8390      0.8390      0.7280
76      B         A           22           SER           90.83            90     90     54     3.429     3.429     2.405     0.6938      0.6938      0.6938      0.5458
77      B         A           23           SER           90.15            90     90     54     3.429     3.429     2.405     0.6415      0.6415      0.6415      0.4884
78      B         A           24           ASN           86.00            90     90     54     3.429     3.429     2.405     0.5606      0.5606      0.5606      0.4041
79      B         A           25           THR           89.32            90     90     54     3.429     3.429     2.405     0.6119      0.6119      0.6119      0.4489
80      B         A           26           PRO           94.46            90     90     54     3.429     3.429     2.405     0.7416      0.7416      0.7416      0.5949
81      B         A           27           PRO           95.00            90     90     54     3.429     3.429     2.405     0.8248      0.8248      0.8248      0.7061
82      B         A           28           LEU           91.96            90     90     54     3.429     3.429     2.405     0.7815      0.7815      0.7815      0.6449
83      B         A           29           THR           91.56            90     90     54     3.429     3.429     2.405     0.7623      0.7623      0.7623      0.6197
84      B         A           30           CYS           96.76            90     90     54     3.429     3.429     2.405     0.8475      0.8475      0.8475      0.7370
85      B         A           31           GLN           95.07            90     90     54     3.429     3.429     2.405     0.8008      0.8008      0.8008      0.6691
86      B         A           32           ARG           92.91            90     90     54     3.429     3.429     2.405     0.6694      0.6694      0.6694      0.5059
87      B         A           33           TYR           95.95            90     90     54     3.429     3.429     2.405     0.8032      0.8032      0.8032      0.6750
88      B         A           34           CYS           96.02            90     90     54     3.429     3.429     2.405     0.7479      0.7479      0.7479      0.6029
89      B         A           35           ASN           92.05            90     90     54     3.429     3.429     2.405     0.5804      0.5804      0.5804      0.4116
90      B         A           36           ALA           83.56            90     90     31     3.429     3.429     1.325     0.1258      0.1579      0.1579      0.0275
