i   AlignChn ScoredChain  AlignResNum  AlignResType  AlignRespLDDT      n0chn  n0dom  n0res    d0chn     d0dom     d0res   ipTM_pae  ipSAE_d0chn ipSAE_d0dom    ipSAE 
1       A         B            1           SER           71.17            90     90     10     3.429     3.429     1.001     0.0988      0.1866      0.1866      0.0197
2       A         B            2           ASP           85.02            90     90     36     3.429     3.429     1.621     0.3979      0.3979      0.3979      0.1427
3       A         B            3           SER           92.50            90     90     36     3.429     3.429     1.621     0.6654      0.6654      0.6654      0.3415
4       A         B            4           GLU           93.52            90     90     36     3.429     3.429     1.621     0.7415      0.7415      0.7415      0.4234
5       A         B            5           HIS           93.08            90     90     36     3.429     3.429     1.621     0.8866      0.8866      0.8866      0.6566
6       A         B            6           ARG           94.65            90     90     36     3.429     3.429     1.621     0.8911      0.8911      0.8911      0.6684
7       A         B            7           ALA           95.73            90     90     36     3.429     3.429     1.621     0.8817      0.8817      0.8817      0.6474
8       A         B            8           LEU           95.96            90     90     36     3.429     3.429     1.621     0.9092      0.9092      0.9092      0.7085
9       A         B            9           LEU           96.67            90     90     36     3.429     3.429     1.621     0.9399      0.9399      0.9399      0.7890
10      A         B           10           GLY           97.62            90     90     36     3.429     3.429     1.621     0.9202      0.9202      0.9202      0.7373
11      A         B           11           LYS           96.82            90     90     36     3.429     3.429     1.621     0.9206      0.9206      0.9206      0.7376
12      A         B           12           GLU           97.60            90     90     36     3.429     3.429     1.621     0.9403      0.9403      0.9403      0.7900
13      A         B           13           ALA           98.20            90     90     36     3.429     3.429     1.621     0.9522      0.9522      0.9522      0.8255
14      A         B           14           GLU           95.70            90     90     36     3.429     3.429     1.621     0.9343      0.9343      0.9343      0.7744
15      A         B           15           LYS           97.04            90     90     36     3.429     3.429     1.621     0.9361      0.9361      0.9361      0.7780
16      A         B           16           ILE           97.31            90     90     36     3.429     3.429     1.621     0.9422      0.9422      0.9422      0.7938
17      A         B           17           THR           96.60            90     90     36     3.429     3.429     1.621     0.9350      0.9350      0.9350      0.7729
18      A         B           18           LYS           94.92            90     90     36     3.429     3.429     1.621     0.9269      0.9269      0.9269      0.7537
19      A         B           19           GLU           97.08            90     90     36     3.429     3.429     1.621     0.9281      0.9281      0.9281      0.7532
20      A         B           20           ALA           96.99            90     90     36     3.429     3.429     1.621     0.9126      0.9126      0.9126      0.7112
21      A         B           21           LEU           95.53            90     90     36     3.429     3.429     1.621     0.9123      0.9123      0.9123      0.7092
22      A         B           22           GLU           97.08            90     90     36     3.429     3.429     1.621     0.8958      0.8958      0.8958      0.6700
23      A         B           23           ASP           97.73            90     90     36     3.429     3.429     1.621     0.8761      0.8761      0.8761      0.6222
24      A         B           24           PRO           96.74            90     90     36     3.429     3.429     1.621     0.8039      0.8039      0.8039      0.4909
25      A         B           25           GLU           97.55            90     90     36     3.429     3.429     1.621     0.8330      0.8330      0.8330      0.5400
26      A         B           26           LYS           96.81            90     90     36     3.429     3.429     1.621     0.9154      0.9154      0.9154      0.7166
27      A         B           27           TYR           97.41            90     90     36     3.429     3.429     1.621     0.9340      0.9340      0.9340      0.7661
28      A         B           28           SER           96.86            90     90     36     3.429     3.429     1.621     0.9004      0.9004      0.9004      0.6791
29      A         B           29           GLU           96.84            90     90     36     3.429     3.429     1.621     0.9339      0.9339      0.9339      0.7685
30      A         B           30           VAL           98.02            90     90     36     3.429     3.429     1.621     0.9577      0.9577      0.9577      0.8412
31      A         B           31           SER           97.45            90     90     36     3.429     3.429     1.621     0.9487      0.9487      0.9487      0.8113
32      A         B           32           LYS           96.79            90     90     36     3.429     3.429     1.621     0.9355      0.9355      0.9355      0.7719
33      A         B           33           ALA           97.67            90     90     36     3.429     3.429     1.621     0.9487      0.9487      0.9487      0.8133
34      A         B           34           LEU           97.82            90     90     36     3.429     3.429     1.621     0.9604      0.9604      0.9604      0.8492
35      A         B           35           ASN           96.15            90     90     36     3.429     3.429     1.621     0.9433      0.9433      0.9433      0.7954
36      A         B           36           THR           94.66            90     90     36     3.429     3.429     1.621     0.9235      0.9235      0.9235      0.7390
37      A         B           37           GLU           92.91            90     90     36     3.429     3.429     1.621     0.9009      0.9009      0.9009      0.6804
38      A         B           38           GLN           96.35            90     90     36     3.429     3.429     1.621     0.8829      0.8829      0.8829      0.6407
39      A         B           39           GLY           97.31            90     90     36     3.429     3.429     1.621     0.9153      0.9153      0.9153      0.7207
40      A         B           40           ARG           96.76            90     90     36     3.429     3.429     1.621     0.9404      0.9404      0.9404      0.7869
41      A         B           41           LYS           98.13            90     90     36     3.429     3.429     1.621     0.9384      0.9384      0.9384      0.7814
42      A         B           42           GLU           97.27            90     90     36     3.429     3.429     1.621     0.9196      0.9196      0.9196      0.7303
43      A         B           43           LEU           97.94            90     90     36     3.429     3.429     1.621     0.9422      0.9422      0.9422      0.7934
44      A         B           44           LEU           97.75            90     90     36     3.429     3.429     1.621     0.9471      0.9471      0.9471      0.8081
45      A         B           45           LYS           98.07            90     90     36     3.429     3.429     1.621     0.9260      0.9260      0.9260      0.7480
46      A         B           46           GLN           97.06            90     90     36     3.429     3.429     1.621     0.9307      0.9307      0.9307      0.7598
47      A         B           47           VAL           98.04            90     90     36     3.429     3.429     1.621     0.9360      0.9360      0.9360      0.7754
48      A         B           48           GLU           97.04            90     90     36     3.429     3.429     1.621     0.9355      0.9355      0.9355      0.7738
49      A         B           49           ALA           97.77            90     90     36     3.429     3.429     1.621     0.8903      0.8903      0.8903      0.6598
50      A         B           50           ARG           97.19            90     90     36     3.429     3.429     1.621     0.8953      0.8953      0.8953      0.6694
51      A         B           51           ILE           95.90            90     90     36     3.429     3.429     1.621     0.8804      0.8804      0.8804      0.6352
52      A         B           52           ALA           96.56            90     90     36     3.429     3.429     1.621     0.8360      0.8360      0.8360      0.5502
53      A         B           53           ALA           95.49            90     90     36     3.429     3.429     1.621     0.6232      0.6232      0.6232      0.2889
54      A         B           54           LYS           84.65            90     90     36     3.429     3.429     1.621     0.2326      0.2326      0.2326      0.0650
55      B         A            1           CYS           92.59            90     90     54     3.429     3.429     2.405     0.5606      0.5606      0.5606      0.3922
56      B         A            2           SER           89.24            90     90     54     3.429     3.429     2.405     0.6573      0.6573      0.6573      0.4935
57      B         A            3           GLN           92.25            90     90     54     3.429     3.429     2.405     0.5835      0.5835      0.5835      0.4147
58      B         A            4           ASN           93.31            90     90     54     3.429     3.429     2.405     0.8066      0.8066      0.8066      0.6794
59      B         A            5           GLU           95.87            90     90     54     3.429     3.429     2.405     0.9031      0.9031      0.9031      0.8236
60      B         A            6           TYR           96.73            90     90     54     3.429     3.429     2.405     0.9344      0.9344      0.9344      0.8764
61      B         A            7           PHE           96.95            90     90     54     3.429     3.429     2.405     0.9487      0.9487      0.9487      0.9021
62      B         A            8           ASP           97.68            90     90     54     3.429     3.429     2.405     0.9565      0.9565      0.9565      0.9165
63      B         A            9           SER           95.11            90     90     54     3.429     3.429     2.405     0.9164      0.9164      0.9164      0.8460
64      B         A           10           LEU           96.70            90     90     54     3.429     3.429     2.405     0.9583      0.9583      0.9583      0.9198
65      B         A           11           LEU           97.89            90     90     54     3.429     3.429     2.405     0.9650      0.9650      0.9650      0.9323
66      B         A           12           HIS           97.00            90     90     54     3.429     3.429     2.405     0.9569      0.9569      0.9569      0.9174
67      B         A           13           ALA           97.49            90     90     54     3.429     3.429     2.405     0.9358      0.9358      0.9358      0.8792
68      B         A           14           CYS           96.82            90     90     54     3.429     3.429     2.405     0.9428      0.9428      0.9428      0.8915
69      B         A           15           ILE           97.47            90     90     54     3.429     3.429     2.405     0.9486      0.9486      0.9486      0.9021
70      B         A           16           PRO           96.13            90     90     54     3.429     3.429     2.405     0.9382      0.9382      0.9382      0.8837
71      B         A           17           CYS           97.49            90     90     54     3.429     3.429     2.405     0.9275      0.9275      0.9275      0.8657
72      B         A           18           GLN           95.10            90     90     54     3.429     3.429     2.405     0.9028      0.9028      0.9028      0.8263
73      B         A           19           LEU           97.35            90     90     54     3.429     3.429     2.405     0.9406      0.9406      0.9406      0.8895
74      B         A           20           ARG           96.45            90     90     54     3.429     3.429     2.405     0.9050      0.9050      0.9050      0.8299
75      B         A           21           CYS           94.83            90     90     54     3.429     3.429     2.405     0.8482      0.8482      0.8482      0.7405
76      B         A           22           SER           90.76            90     90     54     3.429     3.429     2.405     0.7287      0.7287      0.7287      0.5855
77      B         A           23           SER           90.14            90     90     54     3.429     3.429     2.405     0.6861      0.6861      0.6861      0.5371
78      B         A           24           ASN           86.23            90     90     54     3.429     3.429     2.405     0.5952      0.5952      0.5952      0.4385
79      B         A           25           THR           89.36            90     90     54     3.429     3.429     2.405     0.6408      0.6408      0.6408      0.4787
80      B         A           26           PRO           94.29            90     90     54     3.429     3.429     2.405     0.7556      0.7556      0.7556      0.6116
81      B         A           27           PRO           94.49            90     90     54     3.429     3.429     2.405     0.8318      0.8318      0.8318      0.7150
82      B         A           28           LEU           92.63            90     90     54     3.429     3.429     2.405     0.7828      0.7828      0.7828      0.6459
83      B         A           29           THR           92.31            90     90     54     3.429     3.429     2.405     0.7766      0.7766      0.7766      0.6376
84      B         A           30           CYS           96.89            90     90     54     3.429     3.429     2.405     0.8541      0.8541      0.8541      0.7463
85      B         A           31           GLN           95.19            90     90     54     3.429     3.429     2.405     0.8012      0.8012      0.8012      0.6691
86      B         A           32           ARG           93.04            90     90     54     3.429     3.429     2.405     0.6778      0.6778      0.6778      0.5151
87      B         A           33           TYR           96.22            90     90     54     3.429     3.429     2.405     0.8189      0.8189      0.8189      0.6959
88      B         A           34           CYS           96.14            90     90     54     3.429     3.429     2.405     0.7506      0.7506      0.7506      0.6056
89      B         A           35           ASN           91.28            90     90     54     3.429     3.429     2.405     0.5654      0.5654      0.5654      0.3961
90      B         A           36           ALA           83.89            90     90     39     3.429     3.429     1.777     0.1459      0.1692      0.1692      0.0527
