i   AlignChn ScoredChain  AlignResNum  AlignResType  AlignRespLDDT      n0chn  n0dom  n0res    d0chn     d0dom     d0res   ipTM_pae  ipSAE_d0chn ipSAE_d0dom    ipSAE 
1       A         B            1           SER           84.86            90     90     35     3.429     3.429     1.566     0.1953      0.1982      0.1982      0.0524
2       A         B            2           ASP           88.25            90     90     36     3.429     3.429     1.621     0.5515      0.5515      0.5515      0.2395
3       A         B            3           SER           93.01            90     90     36     3.429     3.429     1.621     0.6247      0.6247      0.6247      0.3007
4       A         B            4           GLU           93.48            90     90     36     3.429     3.429     1.621     0.7120      0.7120      0.7120      0.3874
5       A         B            5           HIS           92.63            90     90     36     3.429     3.429     1.621     0.8651      0.8651      0.8651      0.6132
6       A         B            6           ARG           94.63            90     90     36     3.429     3.429     1.621     0.8708      0.8708      0.8708      0.6259
7       A         B            7           ALA           95.80            90     90     36     3.429     3.429     1.621     0.8636      0.8636      0.8636      0.6105
8       A         B            8           LEU           96.04            90     90     36     3.429     3.429     1.621     0.8937      0.8937      0.8937      0.6735
9       A         B            9           LEU           96.67            90     90     36     3.429     3.429     1.621     0.9279      0.9279      0.9279      0.7569
10      A         B           10           GLY           97.77            90     90     36     3.429     3.429     1.621     0.9132      0.9132      0.9132      0.7207
11      A         B           11           LYS           96.97            90     90     36     3.429     3.429     1.621     0.9121      0.9121      0.9121      0.7174
12      A         B           12           GLU           97.41            90     90     36     3.429     3.429     1.621     0.9331      0.9331      0.9331      0.7709
13      A         B           13           ALA           98.21            90     90     36     3.429     3.429     1.621     0.9481      0.9481      0.9481      0.8145
14      A         B           14           GLU           96.73            90     90     36     3.429     3.429     1.621     0.9308      0.9308      0.9308      0.7656
15      A         B           15           LYS           97.01            90     90     36     3.429     3.429     1.621     0.9298      0.9298      0.9298      0.7620
16      A         B           16           ILE           96.99            90     90     36     3.429     3.429     1.621     0.9348      0.9348      0.9348      0.7732
17      A         B           17           THR           97.22            90     90     36     3.429     3.429     1.621     0.9365      0.9365      0.9365      0.7774
18      A         B           18           LYS           95.66            90     90     36     3.429     3.429     1.621     0.9210      0.9210      0.9210      0.7389
19      A         B           19           GLU           96.85            90     90     36     3.429     3.429     1.621     0.9210      0.9210      0.9210      0.7352
20      A         B           20           ALA           97.40            90     90     36     3.429     3.429     1.621     0.9097      0.9097      0.9097      0.7037
21      A         B           21           LEU           96.77            90     90     36     3.429     3.429     1.621     0.9111      0.9111      0.9111      0.7061
22      A         B           22           GLU           97.04            90     90     36     3.429     3.429     1.621     0.8863      0.8863      0.8863      0.6489
23      A         B           23           ASP           97.59            90     90     36     3.429     3.429     1.621     0.8501      0.8501      0.8501      0.5703
24      A         B           24           PRO           96.09            90     90     36     3.429     3.429     1.621     0.7659      0.7659      0.7659      0.4351
25      A         B           25           GLU           97.13            90     90     36     3.429     3.429     1.621     0.7717      0.7717      0.7717      0.4432
26      A         B           26           LYS           96.67            90     90     36     3.429     3.429     1.621     0.8915      0.8915      0.8915      0.6585
27      A         B           27           TYR           97.50            90     90     36     3.429     3.429     1.621     0.9183      0.9183      0.9183      0.7230
28      A         B           28           SER           96.39            90     90     36     3.429     3.429     1.621     0.8604      0.8604      0.8604      0.5921
29      A         B           29           GLU           96.74            90     90     36     3.429     3.429     1.621     0.9166      0.9166      0.9166      0.7222
30      A         B           30           VAL           98.02            90     90     36     3.429     3.429     1.621     0.9500      0.9500      0.9500      0.8166
31      A         B           31           SER           97.64            90     90     36     3.429     3.429     1.621     0.9379      0.9379      0.9379      0.7791
32      A         B           32           LYS           96.79            90     90     36     3.429     3.429     1.621     0.9216      0.9216      0.9216      0.7338
33      A         B           33           ALA           97.51            90     90     36     3.429     3.429     1.621     0.9392      0.9392      0.9392      0.7856
34      A         B           34           LEU           97.95            90     90     36     3.429     3.429     1.621     0.9539      0.9539      0.9539      0.8282
35      A         B           35           ASN           96.50            90     90     36     3.429     3.429     1.621     0.9263      0.9263      0.9263      0.7475
36      A         B           36           THR           94.67            90     90     36     3.429     3.429     1.621     0.9041      0.9041      0.9041      0.6897
37      A         B           37           GLU           92.32            90     90     36     3.429     3.429     1.621     0.8682      0.8682      0.8682      0.6069
38      A         B           38           GLN           96.30            90     90     36     3.429     3.429     1.621     0.8460      0.8460      0.8460      0.5654
39      A         B           39           GLY           97.34            90     90     36     3.429     3.429     1.621     0.8984      0.8984      0.8984      0.6794
40      A         B           40           ARG           96.73            90     90     36     3.429     3.429     1.621     0.9244      0.9244      0.9244      0.7419
41      A         B           41           LYS           98.10            90     90     36     3.429     3.429     1.621     0.9270      0.9270      0.9270      0.7493
42      A         B           42           GLU           97.26            90     90     36     3.429     3.429     1.621     0.9010      0.9010      0.9010      0.6836
43      A         B           43           LEU           97.85            90     90     36     3.429     3.429     1.621     0.9317      0.9317      0.9317      0.7640
44      A         B           44           LEU           97.72            90     90     36     3.429     3.429     1.621     0.9365      0.9365      0.9365      0.7771
45      A         B           45           LYS           97.83            90     90     36     3.429     3.429     1.621     0.9069      0.9069      0.9069      0.6992
46      A         B           46           GLN           96.29            90     90     36     3.429     3.429     1.621     0.9041      0.9041      0.9041      0.6913
47      A         B           47           VAL           97.71            90     90     36     3.429     3.429     1.621     0.9160      0.9160      0.9160      0.7222
48      A         B           48           GLU           96.98            90     90     36     3.429     3.429     1.621     0.9203      0.9203      0.9203      0.7328
49      A         B           49           ALA           97.42            90     90     36     3.429     3.429     1.621     0.8629      0.8629      0.8629      0.6025
50      A         B           50           ARG           96.51            90     90     36     3.429     3.429     1.621     0.8664      0.8664      0.8664      0.6077
51      A         B           51           ILE           95.61            90     90     36     3.429     3.429     1.621     0.8523      0.8523      0.8523      0.5784
52      A         B           52           ALA           96.00            90     90     36     3.429     3.429     1.621     0.7964      0.7964      0.7964      0.4861
53      A         B           53           ALA           94.33            90     90     36     3.429     3.429     1.621     0.5217      0.5217      0.5217      0.2114
54      A         B           54           LYS           82.40            90     90     30     3.429     3.429     1.258     0.1438      0.1534      0.1534      0.0241
55      B         A            1           CYS           93.06            90     90     54     3.429     3.429     2.405     0.5120      0.5120      0.5120      0.3469
56      B         A            2           SER           89.18            90     90     54     3.429     3.429     2.405     0.6083      0.6083      0.6083      0.4417
57      B         A            3           GLN           91.62            90     90     54     3.429     3.429     2.405     0.5108      0.5108      0.5108      0.3456
58      B         A            4           ASN           93.36            90     90     54     3.429     3.429     2.405     0.7786      0.7786      0.7786      0.6431
59      B         A            5           GLU           96.61            90     90     54     3.429     3.429     2.405     0.8946      0.8946      0.8946      0.8103
60      B         A            6           TYR           96.76            90     90     54     3.429     3.429     2.405     0.9292      0.9292      0.9292      0.8678
61      B         A            7           PHE           96.98            90     90     54     3.429     3.429     2.405     0.9439      0.9439      0.9439      0.8937
62      B         A            8           ASP           97.71            90     90     54     3.429     3.429     2.405     0.9521      0.9521      0.9521      0.9085
63      B         A            9           SER           95.26            90     90     54     3.429     3.429     2.405     0.9023      0.9023      0.9023      0.8229
64      B         A           10           LEU           96.69            90     90     54     3.429     3.429     2.405     0.9507      0.9507      0.9507      0.9061
65      B         A           11           LEU           97.85            90     90     54     3.429     3.429     2.405     0.9582      0.9582      0.9582      0.9199
66      B         A           12           HIS           97.18            90     90     54     3.429     3.429     2.405     0.9492      0.9492      0.9492      0.9035
67      B         A           13           ALA           97.71            90     90     54     3.429     3.429     2.405     0.9295      0.9295      0.9295      0.8686
68      B         A           14           CYS           97.15            90     90     54     3.429     3.429     2.405     0.9401      0.9401      0.9401      0.8869
69      B         A           15           ILE           97.70            90     90     54     3.429     3.429     2.405     0.9451      0.9451      0.9451      0.8961
70      B         A           16           PRO           96.87            90     90     54     3.429     3.429     2.405     0.9344      0.9344      0.9344      0.8773
71      B         A           17           CYS           97.76            90     90     54     3.429     3.429     2.405     0.9227      0.9227      0.9227      0.8581
72      B         A           18           GLN           95.77            90     90     54     3.429     3.429     2.405     0.8866      0.8866      0.8866      0.8020
73      B         A           19           LEU           97.85            90     90     54     3.429     3.429     2.405     0.9334      0.9334      0.9334      0.8780
74      B         A           20           ARG           96.89            90     90     54     3.429     3.429     2.405     0.8882      0.8882      0.8882      0.8048
75      B         A           21           CYS           95.05            90     90     54     3.429     3.429     2.405     0.8211      0.8211      0.8211      0.7027
76      B         A           22           SER           90.90            90     90     54     3.429     3.429     2.405     0.6662      0.6662      0.6662      0.5142
77      B         A           23           SER           89.94            90     90     54     3.429     3.429     2.405     0.6049      0.6049      0.6049      0.4497
78      B         A           24           ASN           86.00            90     90     54     3.429     3.429     2.405     0.5040      0.5040      0.5040      0.3508
79      B         A           25           THR           88.63            90     90     54     3.429     3.429     2.405     0.5638      0.5638      0.5638      0.4008
80      B         A           26           PRO           94.47            90     90     54     3.429     3.429     2.405     0.7102      0.7102      0.7102      0.5572
81      B         A           27           PRO           94.86            90     90     54     3.429     3.429     2.405     0.8107      0.8107      0.8107      0.6865
82      B         A           28           LEU           92.09            90     90     54     3.429     3.429     2.405     0.7516      0.7516      0.7516      0.6068
83      B         A           29           THR           91.74            90     90     54     3.429     3.429     2.405     0.7477      0.7477      0.7477      0.6014
84      B         A           30           CYS           96.85            90     90     54     3.429     3.429     2.405     0.8399      0.8399      0.8399      0.7260
85      B         A           31           GLN           95.05            90     90     54     3.429     3.429     2.405     0.7883      0.7883      0.7883      0.6523
86      B         A           32           ARG           92.62            90     90     54     3.429     3.429     2.405     0.6504      0.6504      0.6504      0.4852
87      B         A           33           TYR           96.01            90     90     54     3.429     3.429     2.405     0.7962      0.7962      0.7962      0.6656
88      B         A           34           CYS           96.03            90     90     54     3.429     3.429     2.405     0.7322      0.7322      0.7322      0.5836
89      B         A           35           ASN           92.05            90     90     54     3.429     3.429     2.405     0.5468      0.5468      0.5468      0.3789
90      B         A           36           ALA           82.72            90     90     30     3.429     3.429     1.258     0.1197      0.1512      0.1512      0.0237
