i   AlignChn ScoredChain  AlignResNum  AlignResType  AlignRespLDDT      n0chn  n0dom  n0res    d0chn     d0dom     d0res   ipTM_pae  ipSAE_d0chn ipSAE_d0dom    ipSAE 
1       A         B            1           SER           85.26            90     90     35     3.429     3.429     1.566     0.2019      0.2049      0.2049      0.0546
2       A         B            2           ASP           89.15            90     90     36     3.429     3.429     1.621     0.5955      0.5955      0.5955      0.2754
3       A         B            3           SER           93.11            90     90     36     3.429     3.429     1.621     0.6661      0.6661      0.6661      0.3413
4       A         B            4           GLU           93.83            90     90     36     3.429     3.429     1.621     0.7320      0.7320      0.7320      0.4108
5       A         B            5           HIS           92.74            90     90     36     3.429     3.429     1.621     0.8675      0.8675      0.8675      0.6183
6       A         B            6           ARG           94.95            90     90     36     3.429     3.429     1.621     0.8734      0.8734      0.8734      0.6318
7       A         B            7           ALA           95.94            90     90     36     3.429     3.429     1.621     0.8650      0.8650      0.8650      0.6136
8       A         B            8           LEU           96.15            90     90     36     3.429     3.429     1.621     0.8936      0.8936      0.8936      0.6737
9       A         B            9           LEU           96.77            90     90     36     3.429     3.429     1.621     0.9280      0.9280      0.9280      0.7574
10      A         B           10           GLY           97.85            90     90     36     3.429     3.429     1.621     0.9114      0.9114      0.9114      0.7167
11      A         B           11           LYS           96.83            90     90     36     3.429     3.429     1.621     0.9085      0.9085      0.9085      0.7088
12      A         B           12           GLU           97.60            90     90     36     3.429     3.429     1.621     0.9321      0.9321      0.9321      0.7684
13      A         B           13           ALA           98.32            90     90     36     3.429     3.429     1.621     0.9476      0.9476      0.9476      0.8129
14      A         B           14           GLU           96.87            90     90     36     3.429     3.429     1.621     0.9299      0.9299      0.9299      0.7635
15      A         B           15           LYS           97.18            90     90     36     3.429     3.429     1.621     0.9296      0.9296      0.9296      0.7615
16      A         B           16           ILE           97.38            90     90     36     3.429     3.429     1.621     0.9343      0.9343      0.9343      0.7720
17      A         B           17           THR           97.29            90     90     36     3.429     3.429     1.621     0.9322      0.9322      0.9322      0.7655
18      A         B           18           LYS           95.72            90     90     36     3.429     3.429     1.621     0.9154      0.9154      0.9154      0.7249
19      A         B           19           GLU           97.14            90     90     36     3.429     3.429     1.621     0.9176      0.9176      0.9176      0.7265
20      A         B           20           ALA           97.21            90     90     36     3.429     3.429     1.621     0.9003      0.9003      0.9003      0.6811
21      A         B           21           LEU           96.48            90     90     36     3.429     3.429     1.621     0.9004      0.9004      0.9004      0.6802
22      A         B           22           GLU           97.27            90     90     36     3.429     3.429     1.621     0.8798      0.8798      0.8798      0.6348
23      A         B           23           ASP           97.64            90     90     36     3.429     3.429     1.621     0.8477      0.8477      0.8477      0.5656
24      A         B           24           PRO           96.52            90     90     36     3.429     3.429     1.621     0.7712      0.7712      0.7712      0.4422
25      A         B           25           GLU           97.44            90     90     36     3.429     3.429     1.621     0.7958      0.7958      0.7958      0.4783
26      A         B           26           LYS           96.92            90     90     36     3.429     3.429     1.621     0.8983      0.8983      0.8983      0.6748
27      A         B           27           TYR           97.64            90     90     36     3.429     3.429     1.621     0.9217      0.9217      0.9217      0.7318
28      A         B           28           SER           96.97            90     90     36     3.429     3.429     1.621     0.8818      0.8818      0.8818      0.6366
29      A         B           29           GLU           96.95            90     90     36     3.429     3.429     1.621     0.9199      0.9199      0.9199      0.7309
30      A         B           30           VAL           98.18            90     90     36     3.429     3.429     1.621     0.9521      0.9521      0.9521      0.8233
31      A         B           31           SER           97.74            90     90     36     3.429     3.429     1.621     0.9397      0.9397      0.9397      0.7846
32      A         B           32           LYS           97.05            90     90     36     3.429     3.429     1.621     0.9232      0.9232      0.9232      0.7382
33      A         B           33           ALA           97.72            90     90     36     3.429     3.429     1.621     0.9405      0.9405      0.9405      0.7896
34      A         B           34           LEU           98.07            90     90     36     3.429     3.429     1.621     0.9546      0.9546      0.9546      0.8305
35      A         B           35           ASN           96.87            90     90     36     3.429     3.429     1.621     0.9302      0.9302      0.9302      0.7581
36      A         B           36           THR           95.13            90     90     36     3.429     3.429     1.621     0.9057      0.9057      0.9057      0.6935
37      A         B           37           GLU           92.57            90     90     36     3.429     3.429     1.621     0.8656      0.8656      0.8656      0.6020
38      A         B           38           GLN           96.32            90     90     36     3.429     3.429     1.621     0.8446      0.8446      0.8446      0.5631
39      A         B           39           GLY           97.48            90     90     36     3.429     3.429     1.621     0.8992      0.8992      0.8992      0.6810
40      A         B           40           ARG           96.94            90     90     36     3.429     3.429     1.621     0.9251      0.9251      0.9251      0.7440
41      A         B           41           LYS           98.13            90     90     36     3.429     3.429     1.621     0.9267      0.9267      0.9267      0.7489
42      A         B           42           GLU           97.26            90     90     36     3.429     3.429     1.621     0.9003      0.9003      0.9003      0.6824
43      A         B           43           LEU           97.99            90     90     36     3.429     3.429     1.621     0.9326      0.9326      0.9326      0.7668
44      A         B           44           LEU           97.87            90     90     36     3.429     3.429     1.621     0.9373      0.9373      0.9373      0.7799
45      A         B           45           LYS           97.92            90     90     36     3.429     3.429     1.621     0.9092      0.9092      0.9092      0.7052
46      A         B           46           GLN           97.00            90     90     36     3.429     3.429     1.621     0.9178      0.9178      0.9178      0.7260
47      A         B           47           VAL           97.99            90     90     36     3.429     3.429     1.621     0.9222      0.9222      0.9222      0.7387
48      A         B           48           GLU           97.17            90     90     36     3.429     3.429     1.621     0.9250      0.9250      0.9250      0.7455
49      A         B           49           ALA           97.64            90     90     36     3.429     3.429     1.621     0.8758      0.8758      0.8758      0.6291
50      A         B           50           ARG           97.02            90     90     36     3.429     3.429     1.621     0.8768      0.8768      0.8768      0.6293
51      A         B           51           ILE           95.84            90     90     36     3.429     3.429     1.621     0.8602      0.8602      0.8602      0.5938
52      A         B           52           ALA           96.16            90     90     36     3.429     3.429     1.621     0.8082      0.8082      0.8082      0.5044
53      A         B           53           ALA           94.13            90     90     36     3.429     3.429     1.621     0.5586      0.5586      0.5586      0.2363
54      A         B           54           LYS           83.12            90     90     36     3.429     3.429     1.621     0.1816      0.1816      0.1816      0.0481
55      B         A            1           CYS           93.28            90     90     54     3.429     3.429     2.405     0.5098      0.5098      0.5098      0.3453
56      B         A            2           SER           89.25            90     90     54     3.429     3.429     2.405     0.5932      0.5932      0.5932      0.4264
57      B         A            3           GLN           91.75            90     90     54     3.429     3.429     2.405     0.4737      0.4737      0.4737      0.3122
58      B         A            4           ASN           93.25            90     90     54     3.429     3.429     2.405     0.7552      0.7552      0.7552      0.6129
59      B         A            5           GLU           96.69            90     90     54     3.429     3.429     2.405     0.8930      0.8930      0.8930      0.8074
60      B         A            6           TYR           96.96            90     90     54     3.429     3.429     2.405     0.9293      0.9293      0.9293      0.8678
61      B         A            7           PHE           97.03            90     90     54     3.429     3.429     2.405     0.9448      0.9448      0.9448      0.8952
62      B         A            8           ASP           97.75            90     90     54     3.429     3.429     2.405     0.9528      0.9528      0.9528      0.9097
63      B         A            9           SER           95.07            90     90     54     3.429     3.429     2.405     0.8912      0.8912      0.8912      0.8049
64      B         A           10           LEU           96.72            90     90     54     3.429     3.429     2.405     0.9515      0.9515      0.9515      0.9076
65      B         A           11           LEU           98.00            90     90     54     3.429     3.429     2.405     0.9597      0.9597      0.9597      0.9225
66      B         A           12           HIS           97.32            90     90     54     3.429     3.429     2.405     0.9512      0.9512      0.9512      0.9071
67      B         A           13           ALA           97.78            90     90     54     3.429     3.429     2.405     0.9314      0.9314      0.9314      0.8719
68      B         A           14           CYS           97.30            90     90     54     3.429     3.429     2.405     0.9424      0.9424      0.9424      0.8909
69      B         A           15           ILE           97.78            90     90     54     3.429     3.429     2.405     0.9459      0.9459      0.9459      0.8974
70      B         A           16           PRO           96.85            90     90     54     3.429     3.429     2.405     0.9339      0.9339      0.9339      0.8764
71      B         A           17           CYS           97.71            90     90     54     3.429     3.429     2.405     0.9185      0.9185      0.9185      0.8510
72      B         A           18           GLN           95.69            90     90     54     3.429     3.429     2.405     0.8858      0.8858      0.8858      0.8004
73      B         A           19           LEU           97.78            90     90     54     3.429     3.429     2.405     0.9323      0.9323      0.9323      0.8759
74      B         A           20           ARG           96.99            90     90     54     3.429     3.429     2.405     0.8889      0.8889      0.8889      0.8059
75      B         A           21           CYS           95.38            90     90     54     3.429     3.429     2.405     0.8256      0.8256      0.8256      0.7088
76      B         A           22           SER           91.22            90     90     54     3.429     3.429     2.405     0.6708      0.6708      0.6708      0.5198
77      B         A           23           SER           89.98            90     90     54     3.429     3.429     2.405     0.6055      0.6055      0.6055      0.4506
78      B         A           24           ASN           86.30            90     90     54     3.429     3.429     2.405     0.5138      0.5138      0.5138      0.3597
79      B         A           25           THR           89.06            90     90     54     3.429     3.429     2.405     0.5819      0.5819      0.5819      0.4187
80      B         A           26           PRO           94.69            90     90     54     3.429     3.429     2.405     0.7197      0.7197      0.7197      0.5683
81      B         A           27           PRO           95.02            90     90     54     3.429     3.429     2.405     0.8104      0.8104      0.8104      0.6859
82      B         A           28           LEU           91.92            90     90     54     3.429     3.429     2.405     0.7570      0.7570      0.7570      0.6131
83      B         A           29           THR           91.31            90     90     54     3.429     3.429     2.405     0.7321      0.7321      0.7321      0.5820
84      B         A           30           CYS           96.93            90     90     54     3.429     3.429     2.405     0.8360      0.8360      0.8360      0.7201
85      B         A           31           GLN           95.15            90     90     54     3.429     3.429     2.405     0.7891      0.7891      0.7891      0.6533
86      B         A           32           ARG           92.63            90     90     54     3.429     3.429     2.405     0.6399      0.6399      0.6399      0.4739
87      B         A           33           TYR           95.87            90     90     54     3.429     3.429     2.405     0.7826      0.7826      0.7826      0.6471
88      B         A           34           CYS           96.20            90     90     54     3.429     3.429     2.405     0.7236      0.7236      0.7236      0.5729
89      B         A           35           ASN           92.06            90     90     54     3.429     3.429     2.405     0.5358      0.5358      0.5358      0.3682
90      B         A           36           ALA           83.38            90     90     30     3.429     3.429     1.258     0.1193      0.1512      0.1512      0.0237
