i   AlignChn ScoredChain  AlignResNum  AlignResType  AlignRespLDDT      n0chn  n0dom  n0res    d0chn     d0dom     d0res   ipTM_pae  ipSAE_d0chn ipSAE_d0dom    ipSAE 
1       A         B            1           SER           84.81            90     90     36     3.429     3.429     1.621     0.2366      0.2366      0.2366      0.0698
2       A         B            2           ASP           88.99            90     90     36     3.429     3.429     1.621     0.6344      0.6344      0.6344      0.3095
3       A         B            3           SER           93.00            90     90     36     3.429     3.429     1.621     0.6687      0.6687      0.6687      0.3430
4       A         B            4           GLU           92.29            90     90     36     3.429     3.429     1.621     0.7571      0.7571      0.7571      0.4418
5       A         B            5           HIS           92.73            90     90     36     3.429     3.429     1.621     0.8879      0.8879      0.8879      0.6598
6       A         B            6           ARG           94.81            90     90     36     3.429     3.429     1.621     0.8898      0.8898      0.8898      0.6653
7       A         B            7           ALA           95.44            90     90     36     3.429     3.429     1.621     0.8780      0.8780      0.8780      0.6392
8       A         B            8           LEU           95.56            90     90     36     3.429     3.429     1.621     0.9064      0.9064      0.9064      0.7023
9       A         B            9           LEU           96.65            90     90     36     3.429     3.429     1.621     0.9380      0.9380      0.9380      0.7839
10      A         B           10           GLY           97.63            90     90     36     3.429     3.429     1.621     0.9190      0.9190      0.9190      0.7346
11      A         B           11           LYS           96.54            90     90     36     3.429     3.429     1.621     0.9168      0.9168      0.9168      0.7282
12      A         B           12           GLU           97.42            90     90     36     3.429     3.429     1.621     0.9388      0.9388      0.9388      0.7865
13      A         B           13           ALA           98.12            90     90     36     3.429     3.429     1.621     0.9491      0.9491      0.9491      0.8164
14      A         B           14           GLU           95.74            90     90     36     3.429     3.429     1.621     0.9288      0.9288      0.9288      0.7602
15      A         B           15           LYS           96.93            90     90     36     3.429     3.429     1.621     0.9337      0.9337      0.9337      0.7717
16      A         B           16           ILE           97.26            90     90     36     3.429     3.429     1.621     0.9414      0.9414      0.9414      0.7919
17      A         B           17           THR           96.91            90     90     36     3.429     3.429     1.621     0.9381      0.9381      0.9381      0.7818
18      A         B           18           LYS           95.31            90     90     36     3.429     3.429     1.621     0.9255      0.9255      0.9255      0.7503
19      A         B           19           GLU           96.81            90     90     36     3.429     3.429     1.621     0.9257      0.9257      0.9257      0.7470
20      A         B           20           ALA           97.23            90     90     36     3.429     3.429     1.621     0.9138      0.9138      0.9138      0.7140
21      A         B           21           LEU           96.26            90     90     36     3.429     3.429     1.621     0.9147      0.9147      0.9147      0.7153
22      A         B           22           GLU           97.22            90     90     36     3.429     3.429     1.621     0.8955      0.8955      0.8955      0.6697
23      A         B           23           ASP           97.57            90     90     36     3.429     3.429     1.621     0.8656      0.8656      0.8656      0.6005
24      A         B           24           PRO           96.41            90     90     36     3.429     3.429     1.621     0.7795      0.7795      0.7795      0.4543
25      A         B           25           GLU           97.21            90     90     36     3.429     3.429     1.621     0.7965      0.7965      0.7965      0.4797
26      A         B           26           LYS           96.70            90     90     36     3.429     3.429     1.621     0.9039      0.9039      0.9039      0.6880
27      A         B           27           TYR           97.41            90     90     36     3.429     3.429     1.621     0.9267      0.9267      0.9267      0.7453
28      A         B           28           SER           96.59            90     90     36     3.429     3.429     1.621     0.8853      0.8853      0.8853      0.6445
29      A         B           29           GLU           96.71            90     90     36     3.429     3.429     1.621     0.9274      0.9274      0.9274      0.7507
30      A         B           30           VAL           97.98            90     90     36     3.429     3.429     1.621     0.9542      0.9542      0.9542      0.8302
31      A         B           31           SER           97.37            90     90     36     3.429     3.429     1.621     0.9421      0.9421      0.9421      0.7914
32      A         B           32           LYS           96.65            90     90     36     3.429     3.429     1.621     0.9266      0.9266      0.9266      0.7475
33      A         B           33           ALA           97.51            90     90     36     3.429     3.429     1.621     0.9447      0.9447      0.9447      0.8019
34      A         B           34           LEU           97.89            90     90     36     3.429     3.429     1.621     0.9586      0.9586      0.9586      0.8433
35      A         B           35           ASN           96.35            90     90     36     3.429     3.429     1.621     0.9367      0.9367      0.9367      0.7765
36      A         B           36           THR           94.91            90     90     36     3.429     3.429     1.621     0.9217      0.9217      0.9217      0.7339
37      A         B           37           GLU           93.49            90     90     36     3.429     3.429     1.621     0.8989      0.8989      0.8989      0.6751
38      A         B           38           GLN           96.41            90     90     36     3.429     3.429     1.621     0.8807      0.8807      0.8807      0.6355
39      A         B           39           GLY           97.25            90     90     36     3.429     3.429     1.621     0.9164      0.9164      0.9164      0.7227
40      A         B           40           ARG           96.69            90     90     36     3.429     3.429     1.621     0.9357      0.9357      0.9357      0.7735
41      A         B           41           LYS           98.09            90     90     36     3.429     3.429     1.621     0.9363      0.9363      0.9363      0.7751
42      A         B           42           GLU           97.19            90     90     36     3.429     3.429     1.621     0.9144      0.9144      0.9144      0.7168
43      A         B           43           LEU           97.88            90     90     36     3.429     3.429     1.621     0.9418      0.9418      0.9418      0.7926
44      A         B           44           LEU           97.72            90     90     36     3.429     3.429     1.621     0.9450      0.9450      0.9450      0.8016
45      A         B           45           LYS           97.92            90     90     36     3.429     3.429     1.621     0.9224      0.9224      0.9224      0.7386
46      A         B           46           GLN           96.82            90     90     36     3.429     3.429     1.621     0.9256      0.9256      0.9256      0.7460
47      A         B           47           VAL           97.86            90     90     36     3.429     3.429     1.621     0.9318      0.9318      0.9318      0.7641
48      A         B           48           GLU           97.04            90     90     36     3.429     3.429     1.621     0.9321      0.9321      0.9321      0.7643
49      A         B           49           ALA           97.60            90     90     36     3.429     3.429     1.621     0.8880      0.8880      0.8880      0.6549
50      A         B           50           ARG           96.99            90     90     36     3.429     3.429     1.621     0.8932      0.8932      0.8932      0.6650
51      A         B           51           ILE           95.50            90     90     36     3.429     3.429     1.621     0.8791      0.8791      0.8791      0.6325
52      A         B           52           ALA           95.80            90     90     36     3.429     3.429     1.621     0.8302      0.8302      0.8302      0.5401
53      A         B           53           ALA           94.37            90     90     36     3.429     3.429     1.621     0.6003      0.6003      0.6003      0.2692
54      A         B           54           LYS           82.97            90     90     36     3.429     3.429     1.621     0.1978      0.1978      0.1978      0.0533
55      B         A            1           CYS           92.85            90     90     54     3.429     3.429     2.405     0.5477      0.5477      0.5477      0.3798
56      B         A            2           SER           88.95            90     90     54     3.429     3.429     2.405     0.6278      0.6278      0.6278      0.4617
57      B         A            3           GLN           91.48            90     90     54     3.429     3.429     2.405     0.5563      0.5563      0.5563      0.3884
58      B         A            4           ASN           93.19            90     90     54     3.429     3.429     2.405     0.7910      0.7910      0.7910      0.6591
59      B         A            5           GLU           96.09            90     90     54     3.429     3.429     2.405     0.8972      0.8972      0.8972      0.8141
60      B         A            6           TYR           96.85            90     90     54     3.429     3.429     2.405     0.9334      0.9334      0.9334      0.8748
61      B         A            7           PHE           97.03            90     90     54     3.429     3.429     2.405     0.9472      0.9472      0.9472      0.8994
62      B         A            8           ASP           97.70            90     90     54     3.429     3.429     2.405     0.9570      0.9570      0.9570      0.9172
63      B         A            9           SER           95.46            90     90     54     3.429     3.429     2.405     0.9145      0.9145      0.9145      0.8429
64      B         A           10           LEU           96.72            90     90     54     3.429     3.429     2.405     0.9570      0.9570      0.9570      0.9173
65      B         A           11           LEU           97.84            90     90     54     3.429     3.429     2.405     0.9633      0.9633      0.9633      0.9290
66      B         A           12           HIS           97.10            90     90     54     3.429     3.429     2.405     0.9538      0.9538      0.9538      0.9117
67      B         A           13           ALA           97.50            90     90     54     3.429     3.429     2.405     0.9313      0.9313      0.9313      0.8714
68      B         A           14           CYS           96.90            90     90     54     3.429     3.429     2.405     0.9412      0.9412      0.9412      0.8886
69      B         A           15           ILE           97.64            90     90     54     3.429     3.429     2.405     0.9489      0.9489      0.9489      0.9027
70      B         A           16           PRO           96.58            90     90     54     3.429     3.429     2.405     0.9369      0.9369      0.9369      0.8813
71      B         A           17           CYS           97.50            90     90     54     3.429     3.429     2.405     0.9220      0.9220      0.9220      0.8565
72      B         A           18           GLN           95.33            90     90     54     3.429     3.429     2.405     0.8950      0.8950      0.8950      0.8141
73      B         A           19           LEU           97.68            90     90     54     3.429     3.429     2.405     0.9375      0.9375      0.9375      0.8844
74      B         A           20           ARG           96.78            90     90     54     3.429     3.429     2.405     0.8939      0.8939      0.8939      0.8132
75      B         A           21           CYS           94.61            90     90     54     3.429     3.429     2.405     0.8268      0.8268      0.8268      0.7101
76      B         A           22           SER           90.21            90     90     54     3.429     3.429     2.405     0.6817      0.6817      0.6817      0.5309
77      B         A           23           SER           89.85            90     90     54     3.429     3.429     2.405     0.6380      0.6380      0.6380      0.4844
78      B         A           24           ASN           85.97            90     90     54     3.429     3.429     2.405     0.5412      0.5412      0.5412      0.3857
79      B         A           25           THR           88.88            90     90     54     3.429     3.429     2.405     0.6049      0.6049      0.6049      0.4417
80      B         A           26           PRO           94.58            90     90     54     3.429     3.429     2.405     0.7361      0.7361      0.7361      0.5880
81      B         A           27           PRO           95.14            90     90     54     3.429     3.429     2.405     0.8252      0.8252      0.8252      0.7065
82      B         A           28           LEU           92.81            90     90     54     3.429     3.429     2.405     0.7770      0.7770      0.7770      0.6389
83      B         A           29           THR           92.05            90     90     54     3.429     3.429     2.405     0.7612      0.7612      0.7612      0.6180
84      B         A           30           CYS           96.97            90     90     54     3.429     3.429     2.405     0.8465      0.8465      0.8465      0.7353
85      B         A           31           GLN           95.50            90     90     54     3.429     3.429     2.405     0.7974      0.7974      0.7974      0.6644
86      B         A           32           ARG           92.89            90     90     54     3.429     3.429     2.405     0.6591      0.6591      0.6591      0.4946
87      B         A           33           TYR           95.59            90     90     54     3.429     3.429     2.405     0.7953      0.7953      0.7953      0.6637
88      B         A           34           CYS           95.87            90     90     54     3.429     3.429     2.405     0.7472      0.7472      0.7472      0.6017
89      B         A           35           ASN           92.31            90     90     54     3.429     3.429     2.405     0.5773      0.5773      0.5773      0.4086
90      B         A           36           ALA           83.57            90     90     39     3.429     3.429     1.777     0.1462      0.1696      0.1696      0.0529
