i   AlignChn ScoredChain  AlignResNum  AlignResType  AlignRespLDDT      n0chn  n0dom  n0res    d0chn     d0dom     d0res   ipTM_pae  ipSAE_d0chn ipSAE_d0dom    ipSAE 
1       A         B            1           SER           86.64            90     90     36     3.429     3.429     1.621     0.2199      0.2199      0.2199      0.0633
2       A         B            2           LYS           93.65            90     90     36     3.429     3.429     1.621     0.6725      0.6725      0.6725      0.3424
3       A         B            3           GLU           95.11            90     90     36     3.429     3.429     1.621     0.6669      0.6669      0.6669      0.3387
4       A         B            4           GLU           95.65            90     90     36     3.429     3.429     1.621     0.7673      0.7673      0.7673      0.4522
5       A         B            5           TYR           96.32            90     90     36     3.429     3.429     1.621     0.8814      0.8814      0.8814      0.6434
6       A         B            6           GLN           95.68            90     90     36     3.429     3.429     1.621     0.8735      0.8735      0.8735      0.6292
7       A         B            7           LYS           96.98            90     90     36     3.429     3.429     1.621     0.8748      0.8748      0.8748      0.6313
8       A         B            8           GLN           97.23            90     90     36     3.429     3.429     1.621     0.9057      0.9057      0.9057      0.6994
9       A         B            9           MET           98.04            90     90     36     3.429     3.429     1.621     0.9381      0.9381      0.9381      0.7835
10      A         B           10           SER           97.59            90     90     36     3.429     3.429     1.621     0.9283      0.9283      0.9283      0.7568
11      A         B           11           GLU           97.36            90     90     36     3.429     3.429     1.621     0.9255      0.9255      0.9255      0.7497
12      A         B           12           GLU           97.98            90     90     36     3.429     3.429     1.621     0.9433      0.9433      0.9433      0.7980
13      A         B           13           ALA           98.43            90     90     36     3.429     3.429     1.621     0.9546      0.9546      0.9546      0.8327
14      A         B           14           ASN           97.15            90     90     36     3.429     3.429     1.621     0.9399      0.9399      0.9399      0.7890
15      A         B           15           LYS           97.62            90     90     36     3.429     3.429     1.621     0.9392      0.9392      0.9392      0.7860
16      A         B           16           ILE           97.92            90     90     36     3.429     3.429     1.621     0.9482      0.9482      0.9482      0.8109
17      A         B           17           THR           96.79            90     90     36     3.429     3.429     1.621     0.9320      0.9320      0.9320      0.7644
18      A         B           18           GLU           96.80            90     90     36     3.429     3.429     1.621     0.9319      0.9319      0.9319      0.7667
19      A         B           19           GLU           97.25            90     90     36     3.429     3.429     1.621     0.9296      0.9296      0.9296      0.7565
20      A         B           20           ALA           97.54            90     90     36     3.429     3.429     1.621     0.9151      0.9151      0.9151      0.7167
21      A         B           21           MET           96.21            90     90     36     3.429     3.429     1.621     0.8999      0.8999      0.8999      0.6791
22      A         B           22           LYS           97.37            90     90     36     3.429     3.429     1.621     0.8930      0.8930      0.8930      0.6643
23      A         B           23           ASP           97.59            90     90     36     3.429     3.429     1.621     0.8767      0.8767      0.8767      0.6232
24      A         B           24           PRO           97.58            90     90     36     3.429     3.429     1.621     0.8378      0.8378      0.8378      0.5477
25      A         B           25           GLU           98.05            90     90     36     3.429     3.429     1.621     0.8593      0.8593      0.8593      0.5887
26      A         B           26           LYS           97.69            90     90     36     3.429     3.429     1.621     0.9343      0.9343      0.9343      0.7680
27      A         B           27           TYR           98.13            90     90     36     3.429     3.429     1.621     0.9471      0.9471      0.9471      0.8045
28      A         B           28           LYS           97.88            90     90     36     3.429     3.429     1.621     0.9232      0.9232      0.9232      0.7363
29      A         B           29           GLU           97.94            90     90     36     3.429     3.429     1.621     0.9440      0.9440      0.9440      0.7970
30      A         B           30           VAL           98.52            90     90     36     3.429     3.429     1.621     0.9651      0.9651      0.9651      0.8653
31      A         B           31           SER           98.07            90     90     36     3.429     3.429     1.621     0.9540      0.9540      0.9540      0.8277
32      A         B           32           GLU           97.62            90     90     36     3.429     3.429     1.621     0.9436      0.9436      0.9436      0.7950
33      A         B           33           LYS           98.28            90     90     36     3.429     3.429     1.621     0.9601      0.9601      0.9601      0.8488
34      A         B           34           LEU           98.06            90     90     36     3.429     3.429     1.621     0.9666      0.9666      0.9666      0.8697
35      A         B           35           ASN           96.82            90     90     36     3.429     3.429     1.621     0.9486      0.9486      0.9486      0.8112
36      A         B           36           THR           95.68            90     90     36     3.429     3.429     1.621     0.9291      0.9291      0.9291      0.7537
37      A         B           37           GLU           93.66            90     90     36     3.429     3.429     1.621     0.9009      0.9009      0.9009      0.6799
38      A         B           38           GLU           96.68            90     90     36     3.429     3.429     1.621     0.8755      0.8755      0.8755      0.6235
39      A         B           39           GLY           97.61            90     90     36     3.429     3.429     1.621     0.9157      0.9157      0.9157      0.7207
40      A         B           40           ARG           96.54            90     90     36     3.429     3.429     1.621     0.9390      0.9390      0.9390      0.7823
41      A         B           41           TYR           98.01            90     90     36     3.429     3.429     1.621     0.9420      0.9420      0.9420      0.7909
42      A         B           42           LYS           97.98            90     90     36     3.429     3.429     1.621     0.9295      0.9295      0.9295      0.7554
43      A         B           43           LEU           98.24            90     90     36     3.429     3.429     1.621     0.9485      0.9485      0.9485      0.8118
44      A         B           44           LYS           98.26            90     90     36     3.429     3.429     1.621     0.9491      0.9491      0.9491      0.8133
45      A         B           45           GLU           98.30            90     90     36     3.429     3.429     1.621     0.9343      0.9343      0.9343      0.7698
46      A         B           46           GLU           97.75            90     90     36     3.429     3.429     1.621     0.9384      0.9384      0.9384      0.7813
47      A         B           47           VAL           98.40            90     90     36     3.429     3.429     1.621     0.9416      0.9416      0.9416      0.7914
48      A         B           48           GLU           97.84            90     90     36     3.429     3.429     1.621     0.9414      0.9414      0.9414      0.7902
49      A         B           49           LYS           98.04            90     90     36     3.429     3.429     1.621     0.9004      0.9004      0.9004      0.6823
50      A         B           50           ARG           97.46            90     90     36     3.429     3.429     1.621     0.9071      0.9071      0.9071      0.6969
51      A         B           51           ILE           97.03            90     90     36     3.429     3.429     1.621     0.8781      0.8781      0.8781      0.6299
52      A         B           52           LYS           95.64            90     90     36     3.429     3.429     1.621     0.8275      0.8275      0.8275      0.5347
53      A         B           53           GLU           92.86            90     90     36     3.429     3.429     1.621     0.6084      0.6084      0.6084      0.2762
54      A         B           54           SER           79.02            90     90     33     3.429     3.429     1.450     0.1657      0.1714      0.1714      0.0364
55      B         A            1           CYS           93.47            90     90     54     3.429     3.429     2.405     0.5597      0.5597      0.5597      0.3903
56      B         A            2           SER           89.52            90     90     54     3.429     3.429     2.405     0.6426      0.6426      0.6426      0.4767
57      B         A            3           GLN           90.68            90     90     54     3.429     3.429     2.405     0.5229      0.5229      0.5229      0.3563
58      B         A            4           ASN           93.57            90     90     54     3.429     3.429     2.405     0.7909      0.7909      0.7909      0.6586
59      B         A            5           GLU           96.86            90     90     54     3.429     3.429     2.405     0.9068      0.9068      0.9068      0.8296
60      B         A            6           TYR           97.23            90     90     54     3.429     3.429     2.405     0.9401      0.9401      0.9401      0.8864
61      B         A            7           PHE           97.29            90     90     54     3.429     3.429     2.405     0.9491      0.9491      0.9491      0.9026
62      B         A            8           ASP           97.83            90     90     54     3.429     3.429     2.405     0.9569      0.9569      0.9569      0.9169
63      B         A            9           SER           95.39            90     90     54     3.429     3.429     2.405     0.9033      0.9033      0.9033      0.8240
64      B         A           10           LEU           97.13            90     90     54     3.429     3.429     2.405     0.9566      0.9566      0.9566      0.9165
65      B         A           11           LEU           98.02            90     90     54     3.429     3.429     2.405     0.9628      0.9628      0.9628      0.9281
66      B         A           12           HIS           97.44            90     90     54     3.429     3.429     2.405     0.9531      0.9531      0.9531      0.9102
67      B         A           13           ALA           97.81            90     90     54     3.429     3.429     2.405     0.9376      0.9376      0.9376      0.8822
68      B         A           14           CYS           97.63            90     90     54     3.429     3.429     2.405     0.9483      0.9483      0.9483      0.9012
69      B         A           15           ILE           98.01            90     90     54     3.429     3.429     2.405     0.9537      0.9537      0.9537      0.9113
70      B         A           16           PRO           96.98            90     90     54     3.429     3.429     2.405     0.9403      0.9403      0.9403      0.8872
71      B         A           17           CYS           97.66            90     90     54     3.429     3.429     2.405     0.9254      0.9254      0.9254      0.8620
72      B         A           18           GLN           95.12            90     90     54     3.429     3.429     2.405     0.8695      0.8695      0.8695      0.7759
73      B         A           19           LEU           97.88            90     90     54     3.429     3.429     2.405     0.9422      0.9422      0.9422      0.8924
74      B         A           20           ARG           97.28            90     90     54     3.429     3.429     2.405     0.9153      0.9153      0.9153      0.8472
75      B         A           21           CYS           95.49            90     90     54     3.429     3.429     2.405     0.8619      0.8619      0.8619      0.7609
76      B         A           22           SER           92.07            90     90     54     3.429     3.429     2.405     0.7345      0.7345      0.7345      0.5938
77      B         A           23           SER           91.39            90     90     54     3.429     3.429     2.405     0.6831      0.6831      0.6831      0.5343
78      B         A           24           ASN           87.94            90     90     54     3.429     3.429     2.405     0.5898      0.5898      0.5898      0.4337
79      B         A           25           THR           90.28            90     90     54     3.429     3.429     2.405     0.6384      0.6384      0.6384      0.4766
80      B         A           26           PRO           95.04            90     90     54     3.429     3.429     2.405     0.7612      0.7612      0.7612      0.6193
81      B         A           27           PRO           95.42            90     90     54     3.429     3.429     2.405     0.8389      0.8389      0.8389      0.7261
82      B         A           28           LEU           93.65            90     90     54     3.429     3.429     2.405     0.7898      0.7898      0.7898      0.6556
83      B         A           29           THR           92.95            90     90     54     3.429     3.429     2.405     0.7803      0.7803      0.7803      0.6432
84      B         A           30           CYS           96.88            90     90     54     3.429     3.429     2.405     0.8563      0.8563      0.8563      0.7498
85      B         A           31           GLN           95.82            90     90     54     3.429     3.429     2.405     0.8138      0.8138      0.8138      0.6868
86      B         A           32           ARG           93.44            90     90     54     3.429     3.429     2.405     0.6797      0.6797      0.6797      0.5175
87      B         A           33           TYR           95.83            90     90     54     3.429     3.429     2.405     0.8211      0.8211      0.8211      0.6998
88      B         A           34           CYS           96.24            90     90     54     3.429     3.429     2.405     0.7672      0.7672      0.7672      0.6275
89      B         A           35           ASN           93.10            90     90     54     3.429     3.429     2.405     0.5984      0.5984      0.5984      0.4290
90      B         A           36           ALA           84.42            90     90     39     3.429     3.429     1.777     0.1486      0.1717      0.1717      0.0534
