i   AlignChn ScoredChain  AlignResNum  AlignResType  AlignRespLDDT      n0chn  n0dom  n0res    d0chn     d0dom     d0res   ipTM_pae  ipSAE_d0chn ipSAE_d0dom    ipSAE 
1       A         B            1           SER           89.80            90     90     36     3.429     3.429     1.621     0.2388      0.2388      0.2388      0.0702
2       A         B            2           LYS           94.22            90     90     36     3.429     3.429     1.621     0.5909      0.5909      0.5909      0.2675
3       A         B            3           GLU           95.34            90     90     36     3.429     3.429     1.621     0.5993      0.5993      0.5993      0.2752
4       A         B            4           GLU           95.96            90     90     36     3.429     3.429     1.621     0.7155      0.7155      0.7155      0.3886
5       A         B            5           TYR           96.46            90     90     36     3.429     3.429     1.621     0.8420      0.8420      0.8420      0.5696
6       A         B            6           GLN           95.95            90     90     36     3.429     3.429     1.621     0.8302      0.8302      0.8302      0.5504
7       A         B            7           LYS           97.08            90     90     36     3.429     3.429     1.621     0.8350      0.8350      0.8350      0.5574
8       A         B            8           GLN           97.32            90     90     36     3.429     3.429     1.621     0.8760      0.8760      0.8760      0.6368
9       A         B            9           MET           98.16            90     90     36     3.429     3.429     1.621     0.9151      0.9151      0.9151      0.7253
10      A         B           10           SER           97.72            90     90     36     3.429     3.429     1.621     0.9045      0.9045      0.9045      0.6989
11      A         B           11           GLU           97.47            90     90     36     3.429     3.429     1.621     0.9021      0.9021      0.9021      0.6940
12      A         B           12           GLU           98.13            90     90     36     3.429     3.429     1.621     0.9230      0.9230      0.9230      0.7449
13      A         B           13           ALA           98.51            90     90     36     3.429     3.429     1.621     0.9369      0.9369      0.9369      0.7827
14      A         B           14           ASN           97.25            90     90     36     3.429     3.429     1.621     0.9155      0.9155      0.9155      0.7260
15      A         B           15           LYS           97.81            90     90     36     3.429     3.429     1.621     0.9159      0.9159      0.9159      0.7263
16      A         B           16           ILE           98.09            90     90     36     3.429     3.429     1.621     0.9263      0.9263      0.9263      0.7504
17      A         B           17           THR           96.74            90     90     36     3.429     3.429     1.621     0.9006      0.9006      0.9006      0.6867
18      A         B           18           GLU           96.91            90     90     36     3.429     3.429     1.621     0.8999      0.8999      0.8999      0.6889
19      A         B           19           GLU           97.38            90     90     36     3.429     3.429     1.621     0.9011      0.9011      0.9011      0.6864
20      A         B           20           ALA           97.54            90     90     36     3.429     3.429     1.621     0.8852      0.8852      0.8852      0.6477
21      A         B           21           MET           96.29            90     90     36     3.429     3.429     1.621     0.8577      0.8577      0.8577      0.5902
22      A         B           22           LYS           97.41            90     90     36     3.429     3.429     1.621     0.8501      0.8501      0.8501      0.5779
23      A         B           23           ASP           97.79            90     90     36     3.429     3.429     1.621     0.8391      0.8391      0.8391      0.5502
24      A         B           24           PRO           97.72            90     90     36     3.429     3.429     1.621     0.7953      0.7953      0.7953      0.4774
25      A         B           25           GLU           98.16            90     90     36     3.429     3.429     1.621     0.8190      0.8190      0.8190      0.5166
26      A         B           26           LYS           97.89            90     90     36     3.429     3.429     1.621     0.9090      0.9090      0.9090      0.7023
27      A         B           27           TYR           98.14            90     90     36     3.429     3.429     1.621     0.9251      0.9251      0.9251      0.7419
28      A         B           28           LYS           97.89            90     90     36     3.429     3.429     1.621     0.8978      0.8978      0.8978      0.6726
29      A         B           29           GLU           98.30            90     90     36     3.429     3.429     1.621     0.9228      0.9228      0.9228      0.7388
30      A         B           30           VAL           98.53            90     90     36     3.429     3.429     1.621     0.9484      0.9484      0.9484      0.8131
31      A         B           31           SER           98.04            90     90     36     3.429     3.429     1.621     0.9347      0.9347      0.9347      0.7707
32      A         B           32           GLU           97.61            90     90     36     3.429     3.429     1.621     0.9181      0.9181      0.9181      0.7246
33      A         B           33           LYS           98.33            90     90     36     3.429     3.429     1.621     0.9429      0.9429      0.9429      0.7967
34      A         B           34           LEU           98.05            90     90     36     3.429     3.429     1.621     0.9521      0.9521      0.9521      0.8230
35      A         B           35           ASN           96.54            90     90     36     3.429     3.429     1.621     0.9280      0.9280      0.9280      0.7524
36      A         B           36           THR           95.71            90     90     36     3.429     3.429     1.621     0.9084      0.9084      0.9084      0.7000
37      A         B           37           GLU           94.24            90     90     36     3.429     3.429     1.621     0.8845      0.8845      0.8845      0.6427
38      A         B           38           GLU           96.68            90     90     36     3.429     3.429     1.621     0.8532      0.8532      0.8532      0.5789
39      A         B           39           GLY           97.61            90     90     36     3.429     3.429     1.621     0.8969      0.8969      0.8969      0.6762
40      A         B           40           ARG           96.82            90     90     36     3.429     3.429     1.621     0.9173      0.9173      0.9173      0.7239
41      A         B           41           TYR           98.14            90     90     36     3.429     3.429     1.621     0.9260      0.9260      0.9260      0.7472
42      A         B           42           LYS           98.10            90     90     36     3.429     3.429     1.621     0.9058      0.9058      0.9058      0.6959
43      A         B           43           LEU           98.31            90     90     36     3.429     3.429     1.621     0.9303      0.9303      0.9303      0.7611
44      A         B           44           LYS           98.39            90     90     36     3.429     3.429     1.621     0.9313      0.9313      0.9313      0.7630
45      A         B           45           GLU           98.45            90     90     36     3.429     3.429     1.621     0.9142      0.9142      0.9142      0.7186
46      A         B           46           GLU           97.98            90     90     36     3.429     3.429     1.621     0.9189      0.9189      0.9189      0.7300
47      A         B           47           VAL           98.53            90     90     36     3.429     3.429     1.621     0.9227      0.9227      0.9227      0.7408
48      A         B           48           GLU           98.09            90     90     36     3.429     3.429     1.621     0.9217      0.9217      0.9217      0.7377
49      A         B           49           LYS           98.18            90     90     36     3.429     3.429     1.621     0.8679      0.8679      0.8679      0.6134
50      A         B           50           ARG           97.60            90     90     36     3.429     3.429     1.621     0.8790      0.8790      0.8790      0.6346
51      A         B           51           ILE           97.24            90     90     36     3.429     3.429     1.621     0.8487      0.8487      0.8487      0.5731
52      A         B           52           LYS           96.33            90     90     36     3.429     3.429     1.621     0.7896      0.7896      0.7896      0.4760
53      A         B           53           GLU           93.17            90     90     36     3.429     3.429     1.621     0.5606      0.5606      0.5606      0.2388
54      A         B           54           SER           79.83            90     90     29     3.429     3.429     1.189     0.1363      0.1472      0.1472      0.0206
55      B         A            1           CYS           93.79            90     90     54     3.429     3.429     2.405     0.5084      0.5084      0.5084      0.3422
56      B         A            2           SER           89.54            90     90     54     3.429     3.429     2.405     0.5698      0.5698      0.5698      0.4021
57      B         A            3           GLN           90.94            90     90     54     3.429     3.429     2.405     0.4530      0.4530      0.4530      0.2944
58      B         A            4           ASN           93.67            90     90     54     3.429     3.429     2.405     0.7389      0.7389      0.7389      0.5916
59      B         A            5           GLU           96.93            90     90     54     3.429     3.429     2.405     0.8816      0.8816      0.8816      0.7891
60      B         A            6           TYR           97.24            90     90     54     3.429     3.429     2.405     0.9213      0.9213      0.9213      0.8540
61      B         A            7           PHE           97.42            90     90     54     3.429     3.429     2.405     0.9356      0.9356      0.9356      0.8789
62      B         A            8           ASP           97.94            90     90     54     3.429     3.429     2.405     0.9458      0.9458      0.9458      0.8970
63      B         A            9           SER           95.77            90     90     54     3.429     3.429     2.405     0.8878      0.8878      0.8878      0.7991
64      B         A           10           LEU           97.34            90     90     54     3.429     3.429     2.405     0.9461      0.9461      0.9461      0.8978
65      B         A           11           LEU           98.10            90     90     54     3.429     3.429     2.405     0.9533      0.9533      0.9533      0.9109
66      B         A           12           HIS           97.67            90     90     54     3.429     3.429     2.405     0.9418      0.9418      0.9418      0.8902
67      B         A           13           ALA           97.80            90     90     54     3.429     3.429     2.405     0.9190      0.9190      0.9190      0.8503
68      B         A           14           CYS           97.70            90     90     54     3.429     3.429     2.405     0.9323      0.9323      0.9323      0.8730
69      B         A           15           ILE           98.03            90     90     54     3.429     3.429     2.405     0.9350      0.9350      0.9350      0.8781
70      B         A           16           PRO           96.79            90     90     54     3.429     3.429     2.405     0.9190      0.9190      0.9190      0.8507
71      B         A           17           CYS           97.71            90     90     54     3.429     3.429     2.405     0.9033      0.9033      0.9033      0.8258
72      B         A           18           GLN           95.12            90     90     54     3.429     3.429     2.405     0.8416      0.8416      0.8416      0.7346
73      B         A           19           LEU           97.83            90     90     54     3.429     3.429     2.405     0.9187      0.9187      0.9187      0.8532
74      B         A           20           ARG           97.00            90     90     54     3.429     3.429     2.405     0.8695      0.8695      0.8695      0.7762
75      B         A           21           CYS           94.78            90     90     54     3.429     3.429     2.405     0.7896      0.7896      0.7896      0.6588
76      B         A           22           SER           91.07            90     90     54     3.429     3.429     2.405     0.6213      0.6213      0.6213      0.4641
77      B         A           23           SER           90.56            90     90     54     3.429     3.429     2.405     0.5586      0.5586      0.5586      0.4029
78      B         A           24           ASN           87.85            90     90     54     3.429     3.429     2.405     0.4707      0.4707      0.4707      0.3205
79      B         A           25           THR           90.31            90     90     54     3.429     3.429     2.405     0.5359      0.5359      0.5359      0.3735
80      B         A           26           PRO           95.08            90     90     54     3.429     3.429     2.405     0.6884      0.6884      0.6884      0.5310
81      B         A           27           PRO           95.58            90     90     54     3.429     3.429     2.405     0.7932      0.7932      0.7932      0.6627
82      B         A           28           LEU           93.73            90     90     54     3.429     3.429     2.405     0.7351      0.7351      0.7351      0.5857
83      B         A           29           THR           93.28            90     90     54     3.429     3.429     2.405     0.7230      0.7230      0.7230      0.5707
84      B         A           30           CYS           97.04            90     90     54     3.429     3.429     2.405     0.8191      0.8191      0.8191      0.6960
85      B         A           31           GLN           95.92            90     90     54     3.429     3.429     2.405     0.7688      0.7688      0.7688      0.6262
86      B         A           32           ARG           93.68            90     90     54     3.429     3.429     2.405     0.6278      0.6278      0.6278      0.4606
87      B         A           33           TYR           95.86            90     90     54     3.429     3.429     2.405     0.7669      0.7669      0.7669      0.6263
88      B         A           34           CYS           96.19            90     90     54     3.429     3.429     2.405     0.7101      0.7101      0.7101      0.5563
89      B         A           35           ASN           93.23            90     90     54     3.429     3.429     2.405     0.5249      0.5249      0.5249      0.3582
90      B         A           36           ALA           84.09            90     90     22     3.429     3.429     1.001     0.1088      0.1497      0.1497      0.0149
