i   AlignChn ScoredChain  AlignResNum  AlignResType  AlignRespLDDT      n0chn  n0dom  n0res    d0chn     d0dom     d0res   ipTM_pae  ipSAE_d0chn ipSAE_d0dom    ipSAE 
1       A         B            1           SER           89.86            90     90     36     3.429     3.429     1.621     0.3182      0.3182      0.3182      0.1030
2       A         B            2           LYS           94.38            90     90     36     3.429     3.429     1.621     0.6944      0.6944      0.6944      0.3655
3       A         B            3           GLU           95.41            90     90     36     3.429     3.429     1.621     0.6946      0.6946      0.6946      0.3668
4       A         B            4           GLU           95.63            90     90     36     3.429     3.429     1.621     0.7879      0.7879      0.7879      0.4804
5       A         B            5           TYR           96.40            90     90     36     3.429     3.429     1.621     0.8918      0.8918      0.8918      0.6654
6       A         B            6           GLN           95.85            90     90     36     3.429     3.429     1.621     0.8871      0.8871      0.8871      0.6575
7       A         B            7           LYS           96.98            90     90     36     3.429     3.429     1.621     0.8820      0.8820      0.8820      0.6457
8       A         B            8           GLN           97.17            90     90     36     3.429     3.429     1.621     0.9137      0.9137      0.9137      0.7182
9       A         B            9           MET           98.00            90     90     36     3.429     3.429     1.621     0.9428      0.9428      0.9428      0.7966
10      A         B           10           SER           97.46            90     90     36     3.429     3.429     1.621     0.9302      0.9302      0.9302      0.7616
11      A         B           11           GLU           97.29            90     90     36     3.429     3.429     1.621     0.9286      0.9286      0.9286      0.7575
12      A         B           12           GLU           97.93            90     90     36     3.429     3.429     1.621     0.9459      0.9459      0.9459      0.8054
13      A         B           13           ALA           98.24            90     90     36     3.429     3.429     1.621     0.9543      0.9543      0.9543      0.8312
14      A         B           14           ASN           96.86            90     90     36     3.429     3.429     1.621     0.9405      0.9405      0.9405      0.7902
15      A         B           15           LYS           97.41            90     90     36     3.429     3.429     1.621     0.9372      0.9372      0.9372      0.7801
16      A         B           16           ILE           97.68            90     90     36     3.429     3.429     1.621     0.9480      0.9480      0.9480      0.8099
17      A         B           17           THR           96.50            90     90     36     3.429     3.429     1.621     0.9316      0.9316      0.9316      0.7631
18      A         B           18           GLU           96.43            90     90     36     3.429     3.429     1.621     0.9301      0.9301      0.9301      0.7615
19      A         B           19           GLU           96.94            90     90     36     3.429     3.429     1.621     0.9281      0.9281      0.9281      0.7520
20      A         B           20           ALA           97.21            90     90     36     3.429     3.429     1.621     0.9128      0.9128      0.9128      0.7107
21      A         B           21           MET           95.89            90     90     36     3.429     3.429     1.621     0.9008      0.9008      0.9008      0.6811
22      A         B           22           LYS           97.14            90     90     36     3.429     3.429     1.621     0.8923      0.8923      0.8923      0.6621
23      A         B           23           ASP           97.65            90     90     36     3.429     3.429     1.621     0.8828      0.8828      0.8828      0.6360
24      A         B           24           PRO           97.38            90     90     36     3.429     3.429     1.621     0.8357      0.8357      0.8357      0.5438
25      A         B           25           GLU           98.00            90     90     36     3.429     3.429     1.621     0.8579      0.8579      0.8579      0.5854
26      A         B           26           LYS           97.53            90     90     36     3.429     3.429     1.621     0.9335      0.9335      0.9335      0.7650
27      A         B           27           TYR           97.99            90     90     36     3.429     3.429     1.621     0.9475      0.9475      0.9475      0.8057
28      A         B           28           LYS           97.68            90     90     36     3.429     3.429     1.621     0.9238      0.9238      0.9238      0.7374
29      A         B           29           GLU           97.96            90     90     36     3.429     3.429     1.621     0.9441      0.9441      0.9441      0.7969
30      A         B           30           VAL           98.41            90     90     36     3.429     3.429     1.621     0.9645      0.9645      0.9645      0.8630
31      A         B           31           SER           97.92            90     90     36     3.429     3.429     1.621     0.9548      0.9548      0.9548      0.8302
32      A         B           32           GLU           97.38            90     90     36     3.429     3.429     1.621     0.9439      0.9439      0.9439      0.7955
33      A         B           33           LYS           98.20            90     90     36     3.429     3.429     1.621     0.9605      0.9605      0.9605      0.8500
34      A         B           34           LEU           97.86            90     90     36     3.429     3.429     1.621     0.9668      0.9668      0.9668      0.8702
35      A         B           35           ASN           96.35            90     90     36     3.429     3.429     1.621     0.9501      0.9501      0.9501      0.8158
36      A         B           36           THR           95.58            90     90     36     3.429     3.429     1.621     0.9357      0.9357      0.9357      0.7719
37      A         B           37           GLU           94.02            90     90     36     3.429     3.429     1.621     0.9176      0.9176      0.9176      0.7215
38      A         B           38           GLU           96.57            90     90     36     3.429     3.429     1.621     0.8902      0.8902      0.8902      0.6554
39      A         B           39           GLY           97.42            90     90     36     3.429     3.429     1.621     0.9209      0.9209      0.9209      0.7333
40      A         B           40           ARG           96.28            90     90     36     3.429     3.429     1.621     0.9391      0.9391      0.9391      0.7828
41      A         B           41           TYR           97.75            90     90     36     3.429     3.429     1.621     0.9384      0.9384      0.9384      0.7800
42      A         B           42           LYS           97.92            90     90     36     3.429     3.429     1.621     0.9278      0.9278      0.9278      0.7505
43      A         B           43           LEU           98.10            90     90     36     3.429     3.429     1.621     0.9492      0.9492      0.9492      0.8136
44      A         B           44           LYS           98.13            90     90     36     3.429     3.429     1.621     0.9493      0.9493      0.9493      0.8135
45      A         B           45           GLU           98.30            90     90     36     3.429     3.429     1.621     0.9359      0.9359      0.9359      0.7739
46      A         B           46           GLU           97.50            90     90     36     3.429     3.429     1.621     0.9353      0.9353      0.9353      0.7718
47      A         B           47           VAL           98.31            90     90     36     3.429     3.429     1.621     0.9411      0.9411      0.9411      0.7892
48      A         B           48           GLU           97.71            90     90     36     3.429     3.429     1.621     0.9394      0.9394      0.9394      0.7841
49      A         B           49           LYS           97.98            90     90     36     3.429     3.429     1.621     0.8957      0.8957      0.8957      0.6707
50      A         B           50           ARG           97.21            90     90     36     3.429     3.429     1.621     0.9007      0.9007      0.9007      0.6809
51      A         B           51           ILE           96.98            90     90     36     3.429     3.429     1.621     0.8742      0.8742      0.8742      0.6213
52      A         B           52           LYS           95.64            90     90     36     3.429     3.429     1.621     0.8168      0.8168      0.8168      0.5167
53      A         B           53           GLU           92.45            90     90     36     3.429     3.429     1.621     0.5487      0.5487      0.5487      0.2299
54      A         B           54           SER           77.96            90     90     31     3.429     3.429     1.325     0.1561      0.1651      0.1651      0.0293
55      B         A            1           CYS           93.67            90     90     54     3.429     3.429     2.405     0.5810      0.5810      0.5810      0.4113
56      B         A            2           SER           89.44            90     90     54     3.429     3.429     2.405     0.6611      0.6611      0.6611      0.4971
57      B         A            3           GLN           91.14            90     90     54     3.429     3.429     2.405     0.5759      0.5759      0.5759      0.4071
58      B         A            4           ASN           93.48            90     90     54     3.429     3.429     2.405     0.8053      0.8053      0.8053      0.6782
59      B         A            5           GLU           96.54            90     90     54     3.429     3.429     2.405     0.9076      0.9076      0.9076      0.8307
60      B         A            6           TYR           97.17            90     90     54     3.429     3.429     2.405     0.9396      0.9396      0.9396      0.8854
61      B         A            7           PHE           97.29            90     90     54     3.429     3.429     2.405     0.9495      0.9495      0.9495      0.9034
62      B         A            8           ASP           97.72            90     90     54     3.429     3.429     2.405     0.9574      0.9574      0.9574      0.9179
63      B         A            9           SER           95.39            90     90     54     3.429     3.429     2.405     0.8996      0.8996      0.8996      0.8178
64      B         A           10           LEU           97.06            90     90     54     3.429     3.429     2.405     0.9578      0.9578      0.9578      0.9187
65      B         A           11           LEU           97.87            90     90     54     3.429     3.429     2.405     0.9625      0.9625      0.9625      0.9275
66      B         A           12           HIS           97.07            90     90     54     3.429     3.429     2.405     0.9516      0.9516      0.9516      0.9075
67      B         A           13           ALA           97.63            90     90     54     3.429     3.429     2.405     0.9369      0.9369      0.9369      0.8810
68      B         A           14           CYS           97.48            90     90     54     3.429     3.429     2.405     0.9471      0.9471      0.9471      0.8989
69      B         A           15           ILE           97.80            90     90     54     3.429     3.429     2.405     0.9524      0.9524      0.9524      0.9087
70      B         A           16           PRO           96.40            90     90     54     3.429     3.429     2.405     0.9377      0.9377      0.9377      0.8826
71      B         A           17           CYS           97.59            90     90     54     3.429     3.429     2.405     0.9267      0.9267      0.9267      0.8642
72      B         A           18           GLN           94.65            90     90     54     3.429     3.429     2.405     0.8708      0.8708      0.8708      0.7772
73      B         A           19           LEU           97.63            90     90     54     3.429     3.429     2.405     0.9415      0.9415      0.9415      0.8908
74      B         A           20           ARG           97.02            90     90     54     3.429     3.429     2.405     0.9129      0.9129      0.9129      0.8429
75      B         A           21           CYS           95.13            90     90     54     3.429     3.429     2.405     0.8590      0.8590      0.8590      0.7564
76      B         A           22           SER           91.26            90     90     54     3.429     3.429     2.405     0.7332      0.7332      0.7332      0.5914
77      B         A           23           SER           91.34            90     90     54     3.429     3.429     2.405     0.6979      0.6979      0.6979      0.5510
78      B         A           24           ASN           87.79            90     90     54     3.429     3.429     2.405     0.5971      0.5971      0.5971      0.4408
79      B         A           25           THR           89.90            90     90     54     3.429     3.429     2.405     0.6534      0.6534      0.6534      0.4927
80      B         A           26           PRO           95.00            90     90     54     3.429     3.429     2.405     0.7683      0.7683      0.7683      0.6283
81      B         A           27           PRO           95.56            90     90     54     3.429     3.429     2.405     0.8446      0.8446      0.8446      0.7344
82      B         A           28           LEU           93.84            90     90     54     3.429     3.429     2.405     0.7909      0.7909      0.7909      0.6571
83      B         A           29           THR           93.46            90     90     54     3.429     3.429     2.405     0.7880      0.7880      0.7880      0.6534
84      B         A           30           CYS           96.96            90     90     54     3.429     3.429     2.405     0.8617      0.8617      0.8617      0.7577
85      B         A           31           GLN           95.82            90     90     54     3.429     3.429     2.405     0.8288      0.8288      0.8288      0.7081
86      B         A           32           ARG           93.75            90     90     54     3.429     3.429     2.405     0.7027      0.7027      0.7027      0.5442
87      B         A           33           TYR           95.87            90     90     54     3.429     3.429     2.405     0.8307      0.8307      0.8307      0.7133
88      B         A           34           CYS           96.17            90     90     54     3.429     3.429     2.405     0.7803      0.7803      0.7803      0.6443
89      B         A           35           ASN           93.45            90     90     54     3.429     3.429     2.405     0.6260      0.6260      0.6260      0.4581
90      B         A           36           ALA           84.44            90     90     44     3.429     3.429     2.010     0.1642      0.1807      0.1807      0.0715
