i   AlignChn ScoredChain  AlignResNum  AlignResType  AlignRespLDDT      n0chn  n0dom  n0res    d0chn     d0dom     d0res   ipTM_pae  ipSAE_d0chn ipSAE_d0dom    ipSAE 
1       A         B            1           SER           89.45            90     90     36     3.429     3.429     1.621     0.2593      0.2593      0.2593      0.0782
2       A         B            2           LYS           93.61            90     90     36     3.429     3.429     1.621     0.6345      0.6345      0.6345      0.3053
3       A         B            3           GLU           95.02            90     90     36     3.429     3.429     1.621     0.6433      0.6433      0.6433      0.3150
4       A         B            4           GLU           95.84            90     90     36     3.429     3.429     1.621     0.7411      0.7411      0.7411      0.4182
5       A         B            5           TYR           96.09            90     90     36     3.429     3.429     1.621     0.8605      0.8605      0.8605      0.6015
6       A         B            6           GLN           95.51            90     90     36     3.429     3.429     1.621     0.8511      0.8511      0.8511      0.5865
7       A         B            7           LYS           97.01            90     90     36     3.429     3.429     1.621     0.8555      0.8555      0.8555      0.5938
8       A         B            8           GLN           97.20            90     90     36     3.429     3.429     1.621     0.8915      0.8915      0.8915      0.6682
9       A         B            9           MET           98.08            90     90     36     3.429     3.429     1.621     0.9277      0.9277      0.9277      0.7561
10      A         B           10           SER           97.62            90     90     36     3.429     3.429     1.621     0.9183      0.9183      0.9183      0.7315
11      A         B           11           GLU           97.33            90     90     36     3.429     3.429     1.621     0.9153      0.9153      0.9153      0.7243
12      A         B           12           GLU           97.97            90     90     36     3.429     3.429     1.621     0.9371      0.9371      0.9371      0.7814
13      A         B           13           ALA           98.48            90     90     36     3.429     3.429     1.621     0.9499      0.9499      0.9499      0.8189
14      A         B           14           ASN           97.31            90     90     36     3.429     3.429     1.621     0.9335      0.9335      0.9335      0.7720
15      A         B           15           LYS           97.46            90     90     36     3.429     3.429     1.621     0.9322      0.9322      0.9322      0.7674
16      A         B           16           ILE           97.84            90     90     36     3.429     3.429     1.621     0.9424      0.9424      0.9424      0.7942
17      A         B           17           THR           97.35            90     90     36     3.429     3.429     1.621     0.9383      0.9383      0.9383      0.7823
18      A         B           18           GLU           96.96            90     90     36     3.429     3.429     1.621     0.9260      0.9260      0.9260      0.7512
19      A         B           19           GLU           96.90            90     90     36     3.429     3.429     1.621     0.9152      0.9152      0.9152      0.7197
20      A         B           20           ALA           97.73            90     90     36     3.429     3.429     1.621     0.9080      0.9080      0.9080      0.6991
21      A         B           21           MET           96.56            90     90     36     3.429     3.429     1.621     0.8955      0.8955      0.8955      0.6686
22      A         B           22           LYS           97.41            90     90     36     3.429     3.429     1.621     0.8837      0.8837      0.8837      0.6441
23      A         B           23           ASP           97.55            90     90     36     3.429     3.429     1.621     0.8621      0.8621      0.8621      0.5935
24      A         B           24           PRO           97.70            90     90     36     3.429     3.429     1.621     0.8183      0.8183      0.8183      0.5140
25      A         B           25           GLU           98.04            90     90     36     3.429     3.429     1.621     0.8399      0.8399      0.8399      0.5521
26      A         B           26           LYS           97.64            90     90     36     3.429     3.429     1.621     0.9261      0.9261      0.9261      0.7452
27      A         B           27           TYR           98.22            90     90     36     3.429     3.429     1.621     0.9407      0.9407      0.9407      0.7857
28      A         B           28           LYS           97.96            90     90     36     3.429     3.429     1.621     0.9118      0.9118      0.9118      0.7066
29      A         B           29           GLU           97.94            90     90     36     3.429     3.429     1.621     0.9354      0.9354      0.9354      0.7724
30      A         B           30           VAL           98.58            90     90     36     3.429     3.429     1.621     0.9614      0.9614      0.9614      0.8533
31      A         B           31           SER           98.15            90     90     36     3.429     3.429     1.621     0.9486      0.9486      0.9486      0.8113
32      A         B           32           GLU           97.59            90     90     36     3.429     3.429     1.621     0.9351      0.9351      0.9351      0.7703
33      A         B           33           LYS           98.33            90     90     36     3.429     3.429     1.621     0.9550      0.9550      0.9550      0.8328
34      A         B           34           LEU           98.13            90     90     36     3.429     3.429     1.621     0.9629      0.9629      0.9629      0.8574
35      A         B           35           ASN           96.97            90     90     36     3.429     3.429     1.621     0.9452      0.9452      0.9452      0.8012
36      A         B           36           THR           96.12            90     90     36     3.429     3.429     1.621     0.9290      0.9290      0.9290      0.7535
37      A         B           37           GLU           94.49            90     90     36     3.429     3.429     1.621     0.9081      0.9081      0.9081      0.6975
38      A         B           38           GLU           96.82            90     90     36     3.429     3.429     1.621     0.8783      0.8783      0.8783      0.6296
39      A         B           39           GLY           97.72            90     90     36     3.429     3.429     1.621     0.9177      0.9177      0.9177      0.7254
40      A         B           40           ARG           97.02            90     90     36     3.429     3.429     1.621     0.9381      0.9381      0.9381      0.7798
41      A         B           41           TYR           98.31            90     90     36     3.429     3.429     1.621     0.9428      0.9428      0.9428      0.7939
42      A         B           42           LYS           98.05            90     90     36     3.429     3.429     1.621     0.9256      0.9256      0.9256      0.7455
43      A         B           43           LEU           98.29            90     90     36     3.429     3.429     1.621     0.9444      0.9444      0.9444      0.7999
44      A         B           44           LYS           98.38            90     90     36     3.429     3.429     1.621     0.9444      0.9444      0.9444      0.7998
45      A         B           45           GLU           98.29            90     90     36     3.429     3.429     1.621     0.9278      0.9278      0.9278      0.7525
46      A         B           46           GLU           97.57            90     90     36     3.429     3.429     1.621     0.9278      0.9278      0.9278      0.7520
47      A         B           47           VAL           98.39            90     90     36     3.429     3.429     1.621     0.9328      0.9328      0.9328      0.7668
48      A         B           48           GLU           97.87            90     90     36     3.429     3.429     1.621     0.9333      0.9333      0.9333      0.7676
49      A         B           49           LYS           97.92            90     90     36     3.429     3.429     1.621     0.8814      0.8814      0.8814      0.6399
50      A         B           50           ARG           97.04            90     90     36     3.429     3.429     1.621     0.8827      0.8827      0.8827      0.6406
51      A         B           51           ILE           97.01            90     90     36     3.429     3.429     1.621     0.8546      0.8546      0.8546      0.5825
52      A         B           52           LYS           95.52            90     90     36     3.429     3.429     1.621     0.7883      0.7883      0.7883      0.4724
53      A         B           53           GLU           92.13            90     90     36     3.429     3.429     1.621     0.4877      0.4877      0.4877      0.1894
54      A         B           54           SER           77.47            90     90     15     3.429     3.429     1.001     0.1112      0.1454      0.1454      0.0144
55      B         A            1           CYS           93.25            90     90     54     3.429     3.429     2.405     0.5308      0.5308      0.5308      0.3631
56      B         A            2           SER           88.86            90     90     54     3.429     3.429     2.405     0.6062      0.6062      0.6062      0.4383
57      B         A            3           GLN           90.16            90     90     54     3.429     3.429     2.405     0.4934      0.4934      0.4934      0.3295
58      B         A            4           ASN           93.62            90     90     54     3.429     3.429     2.405     0.7751      0.7751      0.7751      0.6377
59      B         A            5           GLU           96.92            90     90     54     3.429     3.429     2.405     0.9013      0.9013      0.9013      0.8208
60      B         A            6           TYR           97.22            90     90     54     3.429     3.429     2.405     0.9354      0.9354      0.9354      0.8784
61      B         A            7           PHE           97.24            90     90     54     3.429     3.429     2.405     0.9444      0.9444      0.9444      0.8945
62      B         A            8           ASP           97.89            90     90     54     3.429     3.429     2.405     0.9528      0.9528      0.9528      0.9096
63      B         A            9           SER           95.55            90     90     54     3.429     3.429     2.405     0.8987      0.8987      0.8987      0.8167
64      B         A           10           LEU           97.28            90     90     54     3.429     3.429     2.405     0.9528      0.9528      0.9528      0.9098
65      B         A           11           LEU           98.11            90     90     54     3.429     3.429     2.405     0.9589      0.9589      0.9589      0.9210
66      B         A           12           HIS           97.47            90     90     54     3.429     3.429     2.405     0.9485      0.9485      0.9485      0.9021
67      B         A           13           ALA           97.78            90     90     54     3.429     3.429     2.405     0.9308      0.9308      0.9308      0.8706
68      B         A           14           CYS           97.67            90     90     54     3.429     3.429     2.405     0.9443      0.9443      0.9443      0.8942
69      B         A           15           ILE           98.13            90     90     54     3.429     3.429     2.405     0.9508      0.9508      0.9508      0.9063
70      B         A           16           PRO           97.46            90     90     54     3.429     3.429     2.405     0.9408      0.9408      0.9408      0.8884
71      B         A           17           CYS           97.84            90     90     54     3.429     3.429     2.405     0.9248      0.9248      0.9248      0.8617
72      B         A           18           GLN           96.49            90     90     54     3.429     3.429     2.405     0.9075      0.9075      0.9075      0.8349
73      B         A           19           LEU           98.15            90     90     54     3.429     3.429     2.405     0.9411      0.9411      0.9411      0.8910
74      B         A           20           ARG           97.29            90     90     54     3.429     3.429     2.405     0.9041      0.9041      0.9041      0.8299
75      B         A           21           CYS           95.18            90     90     54     3.429     3.429     2.405     0.8404      0.8404      0.8404      0.7294
76      B         A           22           SER           91.75            90     90     54     3.429     3.429     2.405     0.7003      0.7003      0.7003      0.5530
77      B         A           23           SER           90.96            90     90     54     3.429     3.429     2.405     0.6397      0.6397      0.6397      0.4864
78      B         A           24           ASN           87.96            90     90     54     3.429     3.429     2.405     0.5493      0.5493      0.5493      0.3939
79      B         A           25           THR           90.08            90     90     54     3.429     3.429     2.405     0.6087      0.6087      0.6087      0.4456
80      B         A           26           PRO           94.98            90     90     54     3.429     3.429     2.405     0.7391      0.7391      0.7391      0.5917
81      B         A           27           PRO           95.52            90     90     54     3.429     3.429     2.405     0.8284      0.8284      0.8284      0.7114
82      B         A           28           LEU           93.09            90     90     54     3.429     3.429     2.405     0.7732      0.7732      0.7732      0.6342
83      B         A           29           THR           92.37            90     90     54     3.429     3.429     2.405     0.7567      0.7567      0.7567      0.6128
84      B         A           30           CYS           96.87            90     90     54     3.429     3.429     2.405     0.8457      0.8457      0.8457      0.7345
85      B         A           31           GLN           95.50            90     90     54     3.429     3.429     2.405     0.7942      0.7942      0.7942      0.6597
86      B         A           32           ARG           93.05            90     90     54     3.429     3.429     2.405     0.6625      0.6625      0.6625      0.4981
87      B         A           33           TYR           95.62            90     90     54     3.429     3.429     2.405     0.8038      0.8038      0.8038      0.6761
88      B         A           34           CYS           96.16            90     90     54     3.429     3.429     2.405     0.7453      0.7453      0.7453      0.6000
89      B         A           35           ASN           92.53            90     90     54     3.429     3.429     2.405     0.5496      0.5496      0.5496      0.3812
90      B         A           36           ALA           83.11            90     90     32     3.429     3.429     1.388     0.1271      0.1571      0.1571      0.0301
