i   AlignChn ScoredChain  AlignResNum  AlignResType  AlignRespLDDT      n0chn  n0dom  n0res    d0chn     d0dom     d0res   ipTM_pae  ipSAE_d0chn ipSAE_d0dom    ipSAE 
1       A         B            1           SER           89.72            90     90     36     3.429     3.429     1.621     0.3256      0.3256      0.3256      0.1065
2       A         B            2           LYS           94.55            90     90     36     3.429     3.429     1.621     0.7070      0.7070      0.7070      0.3812
3       A         B            3           GLU           95.52            90     90     36     3.429     3.429     1.621     0.7090      0.7090      0.7090      0.3841
4       A         B            4           GLU           96.09            90     90     36     3.429     3.429     1.621     0.7942      0.7942      0.7942      0.4910
5       A         B            5           TYR           96.73            90     90     36     3.429     3.429     1.621     0.9013      0.9013      0.9013      0.6874
6       A         B            6           GLN           96.46            90     90     36     3.429     3.429     1.621     0.8948      0.8948      0.8948      0.6748
7       A         B            7           LYS           97.15            90     90     36     3.429     3.429     1.621     0.8894      0.8894      0.8894      0.6620
8       A         B            8           GLN           97.29            90     90     36     3.429     3.429     1.621     0.9183      0.9183      0.9183      0.7298
9       A         B            9           MET           98.05            90     90     36     3.429     3.429     1.621     0.9473      0.9473      0.9473      0.8100
10      A         B           10           SER           97.57            90     90     36     3.429     3.429     1.621     0.9361      0.9361      0.9361      0.7776
11      A         B           11           GLU           97.19            90     90     36     3.429     3.429     1.621     0.9314      0.9314      0.9314      0.7649
12      A         B           12           GLU           97.93            90     90     36     3.429     3.429     1.621     0.9491      0.9491      0.9491      0.8148
13      A         B           13           ALA           98.17            90     90     36     3.429     3.429     1.621     0.9550      0.9550      0.9550      0.8334
14      A         B           14           ASN           96.75            90     90     36     3.429     3.429     1.621     0.9422      0.9422      0.9422      0.7953
15      A         B           15           LYS           97.39            90     90     36     3.429     3.429     1.621     0.9423      0.9423      0.9423      0.7946
16      A         B           16           ILE           97.75            90     90     36     3.429     3.429     1.621     0.9504      0.9504      0.9504      0.8176
17      A         B           17           THR           95.89            90     90     36     3.429     3.429     1.621     0.9252      0.9252      0.9252      0.7464
18      A         B           18           GLU           96.39            90     90     36     3.429     3.429     1.621     0.9310      0.9310      0.9310      0.7640
19      A         B           19           GLU           96.99            90     90     36     3.429     3.429     1.621     0.9341      0.9341      0.9341      0.7686
20      A         B           20           ALA           97.59            90     90     36     3.429     3.429     1.621     0.9239      0.9239      0.9239      0.7393
21      A         B           21           MET           95.96            90     90     36     3.429     3.429     1.621     0.9060      0.9060      0.9060      0.6939
22      A         B           22           LYS           97.22            90     90     36     3.429     3.429     1.621     0.8992      0.8992      0.8992      0.6786
23      A         B           23           ASP           97.77            90     90     36     3.429     3.429     1.621     0.8917      0.8917      0.8917      0.6559
24      A         B           24           PRO           97.53            90     90     36     3.429     3.429     1.621     0.8532      0.8532      0.8532      0.5759
25      A         B           25           GLU           98.02            90     90     36     3.429     3.429     1.621     0.8714      0.8714      0.8714      0.6130
26      A         B           26           LYS           97.78            90     90     36     3.429     3.429     1.621     0.9417      0.9417      0.9417      0.7891
27      A         B           27           TYR           98.07            90     90     36     3.429     3.429     1.621     0.9524      0.9524      0.9524      0.8213
28      A         B           28           LYS           97.86            90     90     36     3.429     3.429     1.621     0.9309      0.9309      0.9309      0.7571
29      A         B           29           GLU           98.09            90     90     36     3.429     3.429     1.621     0.9442      0.9442      0.9442      0.7973
30      A         B           30           VAL           98.49            90     90     36     3.429     3.429     1.621     0.9682      0.9682      0.9682      0.8756
31      A         B           31           SER           98.01            90     90     36     3.429     3.429     1.621     0.9583      0.9583      0.9583      0.8413
32      A         B           32           GLU           97.57            90     90     36     3.429     3.429     1.621     0.9466      0.9466      0.9466      0.8037
33      A         B           33           LYS           98.27            90     90     36     3.429     3.429     1.621     0.9620      0.9620      0.9620      0.8543
34      A         B           34           LEU           97.90            90     90     36     3.429     3.429     1.621     0.9678      0.9678      0.9678      0.8737
35      A         B           35           ASN           96.63            90     90     36     3.429     3.429     1.621     0.9522      0.9522      0.9522      0.8222
36      A         B           36           THR           95.72            90     90     36     3.429     3.429     1.621     0.9367      0.9367      0.9367      0.7747
37      A         B           37           GLU           94.19            90     90     36     3.429     3.429     1.621     0.9184      0.9184      0.9184      0.7232
38      A         B           38           GLU           96.61            90     90     36     3.429     3.429     1.621     0.8890      0.8890      0.8890      0.6526
39      A         B           39           GLY           97.54            90     90     36     3.429     3.429     1.621     0.9228      0.9228      0.9228      0.7382
40      A         B           40           ARG           96.27            90     90     36     3.429     3.429     1.621     0.9385      0.9385      0.9385      0.7805
41      A         B           41           TYR           97.73            90     90     36     3.429     3.429     1.621     0.9358      0.9358      0.9358      0.7717
42      A         B           42           LYS           97.92            90     90     36     3.429     3.429     1.621     0.9294      0.9294      0.9294      0.7545
43      A         B           43           LEU           98.11            90     90     36     3.429     3.429     1.621     0.9497      0.9497      0.9497      0.8148
44      A         B           44           LYS           98.18            90     90     36     3.429     3.429     1.621     0.9509      0.9509      0.9509      0.8181
45      A         B           45           GLU           98.32            90     90     36     3.429     3.429     1.621     0.9380      0.9380      0.9380      0.7797
46      A         B           46           GLU           97.66            90     90     36     3.429     3.429     1.621     0.9402      0.9402      0.9402      0.7858
47      A         B           47           VAL           98.37            90     90     36     3.429     3.429     1.621     0.9448      0.9448      0.9448      0.8002
48      A         B           48           GLU           97.89            90     90     36     3.429     3.429     1.621     0.9426      0.9426      0.9426      0.7934
49      A         B           49           LYS           98.02            90     90     36     3.429     3.429     1.621     0.9012      0.9012      0.9012      0.6833
50      A         B           50           ARG           97.42            90     90     36     3.429     3.429     1.621     0.9088      0.9088      0.9088      0.7006
51      A         B           51           ILE           97.14            90     90     36     3.429     3.429     1.621     0.8784      0.8784      0.8784      0.6301
52      A         B           52           LYS           95.76            90     90     36     3.429     3.429     1.621     0.8172      0.8172      0.8172      0.5178
53      A         B           53           GLU           92.42            90     90     36     3.429     3.429     1.621     0.5541      0.5541      0.5541      0.2346
54      A         B           54           SER           76.77            90     90     18     3.429     3.429     1.001     0.1207      0.1515      0.1515      0.0152
55      B         A            1           CYS           93.60            90     90     54     3.429     3.429     2.405     0.6073      0.6073      0.6073      0.4382
56      B         A            2           SER           90.36            90     90     54     3.429     3.429     2.405     0.7173      0.7173      0.7173      0.5614
57      B         A            3           GLN           91.39            90     90     54     3.429     3.429     2.405     0.6133      0.6133      0.6133      0.4450
58      B         A            4           ASN           93.76            90     90     54     3.429     3.429     2.405     0.8218      0.8218      0.8218      0.7010
59      B         A            5           GLU           96.72            90     90     54     3.429     3.429     2.405     0.9166      0.9166      0.9166      0.8459
60      B         A            6           TYR           97.21            90     90     54     3.429     3.429     2.405     0.9441      0.9441      0.9441      0.8935
61      B         A            7           PHE           97.38            90     90     54     3.429     3.429     2.405     0.9531      0.9531      0.9531      0.9099
62      B         A            8           ASP           97.75            90     90     54     3.429     3.429     2.405     0.9598      0.9598      0.9598      0.9223
63      B         A            9           SER           95.55            90     90     54     3.429     3.429     2.405     0.9132      0.9132      0.9132      0.8405
64      B         A           10           LEU           97.11            90     90     54     3.429     3.429     2.405     0.9598      0.9598      0.9598      0.9224
65      B         A           11           LEU           97.92            90     90     54     3.429     3.429     2.405     0.9652      0.9652      0.9652      0.9325
66      B         A           12           HIS           97.43            90     90     54     3.429     3.429     2.405     0.9568      0.9568      0.9568      0.9170
67      B         A           13           ALA           97.61            90     90     54     3.429     3.429     2.405     0.9398      0.9398      0.9398      0.8862
68      B         A           14           CYS           97.52            90     90     54     3.429     3.429     2.405     0.9497      0.9497      0.9497      0.9037
69      B         A           15           ILE           97.80            90     90     54     3.429     3.429     2.405     0.9552      0.9552      0.9552      0.9138
70      B         A           16           PRO           96.52            90     90     54     3.429     3.429     2.405     0.9419      0.9419      0.9419      0.8899
71      B         A           17           CYS           97.64            90     90     54     3.429     3.429     2.405     0.9318      0.9318      0.9318      0.8729
72      B         A           18           GLN           95.67            90     90     54     3.429     3.429     2.405     0.9051      0.9051      0.9051      0.8302
73      B         A           19           LEU           97.79            90     90     54     3.429     3.429     2.405     0.9471      0.9471      0.9471      0.9007
74      B         A           20           ARG           97.21            90     90     54     3.429     3.429     2.405     0.9189      0.9189      0.9189      0.8529
75      B         A           21           CYS           95.32            90     90     54     3.429     3.429     2.405     0.8690      0.8690      0.8690      0.7715
76      B         A           22           SER           92.35            90     90     54     3.429     3.429     2.405     0.7594      0.7594      0.7594      0.6243
77      B         A           23           SER           91.54            90     90     54     3.429     3.429     2.405     0.7090      0.7090      0.7090      0.5642
78      B         A           24           ASN           88.30            90     90     54     3.429     3.429     2.405     0.6075      0.6075      0.6075      0.4524
79      B         A           25           THR           90.75            90     90     54     3.429     3.429     2.405     0.6684      0.6684      0.6684      0.5094
80      B         A           26           PRO           95.35            90     90     54     3.429     3.429     2.405     0.7861      0.7861      0.7861      0.6517
81      B         A           27           PRO           95.65            90     90     54     3.429     3.429     2.405     0.8561      0.8561      0.8561      0.7512
82      B         A           28           LEU           93.97            90     90     54     3.429     3.429     2.405     0.8100      0.8100      0.8100      0.6832
83      B         A           29           THR           93.39            90     90     54     3.429     3.429     2.405     0.7944      0.7944      0.7944      0.6619
84      B         A           30           CYS           97.09            90     90     54     3.429     3.429     2.405     0.8731      0.8731      0.8731      0.7754
85      B         A           31           GLN           96.11            90     90     54     3.429     3.429     2.405     0.8410      0.8410      0.8410      0.7261
86      B         A           32           ARG           93.90            90     90     54     3.429     3.429     2.405     0.7051      0.7051      0.7051      0.5467
87      B         A           33           TYR           95.92            90     90     54     3.429     3.429     2.405     0.8300      0.8300      0.8300      0.7123
88      B         A           34           CYS           96.43            90     90     54     3.429     3.429     2.405     0.7883      0.7883      0.7883      0.6550
89      B         A           35           ASN           92.87            90     90     54     3.429     3.429     2.405     0.6326      0.6326      0.6326      0.4655
90      B         A           36           ALA           84.98            90     90     45     3.429     3.429     2.053     0.1769      0.1929      0.1929      0.0804
