i   AlignChn ScoredChain  AlignResNum  AlignResType  AlignRespLDDT      n0chn  n0dom  n0res    d0chn     d0dom     d0res   ipTM_pae  ipSAE_d0chn ipSAE_d0dom    ipSAE 
1       A         B            1           MET           88.38           100    100     24     3.652     3.652     1.001     0.1451      0.1661      0.1661      0.0150
2       A         B            2           LEU           97.55           100    100     36     3.652     3.652     1.621     0.6519      0.6519      0.6519      0.2848
3       A         B            3           SER           98.25           100    100     36     3.652     3.652     1.621     0.7931      0.7931      0.7931      0.4452
4       A         B            4           LYS           98.13           100    100     36     3.652     3.652     1.621     0.8200      0.8200      0.8200      0.4909
5       A         B            5           GLU           98.14           100    100     36     3.652     3.652     1.621     0.7822      0.7822      0.7822      0.4312
6       A         B            6           GLU           98.55           100    100     36     3.652     3.652     1.621     0.8216      0.8216      0.8216      0.4967
7       A         B            7           GLN           98.75           100    100     36     3.652     3.652     1.621     0.8823      0.8823      0.8823      0.6156
8       A         B            8           ARG           98.39           100    100     36     3.652     3.652     1.621     0.8618      0.8618      0.8618      0.5713
9       A         B            9           LYS           98.68           100    100     36     3.652     3.652     1.621     0.8222      0.8222      0.8222      0.4946
10      A         B           10           TRP           98.70           100    100     36     3.652     3.652     1.621     0.8712      0.8712      0.8712      0.5893
11      A         B           11           ILE           98.78           100    100     36     3.652     3.652     1.621     0.8762      0.8762      0.8762      0.6013
12      A         B           12           GLU           98.23           100    100     36     3.652     3.652     1.621     0.8269      0.8269      0.8269      0.5043
13      A         B           13           GLU           98.25           100    100     36     3.652     3.652     1.621     0.7812      0.7812      0.7812      0.4286
14      A         B           14           ASN           98.58           100    100     36     3.652     3.652     1.621     0.8465      0.8465      0.8465      0.5383
15      A         B           15           LYS           97.70           100    100     36     3.652     3.652     1.621     0.8138      0.8138      0.8138      0.4776
16      A         B           16           GLU           97.50           100    100     36     3.652     3.652     1.621     0.7711      0.7711      0.7711      0.4157
17      A         B           17           LYS           97.83           100    100     36     3.652     3.652     1.621     0.8483      0.8483      0.8483      0.5478
18      A         B           18           VAL           98.63           100    100     36     3.652     3.652     1.621     0.9029      0.9029      0.9029      0.6669
19      A         B           19           MET           97.15           100    100     36     3.652     3.652     1.621     0.8624      0.8624      0.8624      0.5698
20      A         B           20           LYS           96.97           100    100     36     3.652     3.652     1.621     0.8341      0.8341      0.8341      0.5184
21      A         B           21           VAL           97.53           100    100     36     3.652     3.652     1.621     0.8872      0.8872      0.8872      0.6295
22      A         B           22           VAL           97.51           100    100     36     3.652     3.652     1.621     0.8900      0.8900      0.8900      0.6327
23      A         B           23           LEU           95.56           100    100     36     3.652     3.652     1.621     0.8390      0.8390      0.8390      0.5271
24      A         B           24           SER           94.94           100    100     36     3.652     3.652     1.621     0.7182      0.7182      0.7182      0.3530
25      A         B           25           SER           93.73           100    100     36     3.652     3.652     1.621     0.7522      0.7522      0.7522      0.3929
26      A         B           26           GLU           92.00           100    100     36     3.652     3.652     1.621     0.6642      0.6642      0.6642      0.2945
27      A         B           27           HIS           90.49           100    100     36     3.652     3.652     1.621     0.7350      0.7350      0.7350      0.3695
28      A         B           28           ALA           93.74           100    100     36     3.652     3.652     1.621     0.7714      0.7714      0.7714      0.4149
29      A         B           29           GLU           91.68           100    100     36     3.652     3.652     1.621     0.7927      0.7927      0.7927      0.4424
30      A         B           30           TRP           94.21           100    100     36     3.652     3.652     1.621     0.8491      0.8491      0.8491      0.5361
31      A         B           31           TYR           95.54           100    100     36     3.652     3.652     1.621     0.8623      0.8623      0.8623      0.5669
32      A         B           32           ALA           91.45           100    100     36     3.652     3.652     1.621     0.7429      0.7429      0.7429      0.3883
33      A         B           33           GLY           91.12           100    100     36     3.652     3.652     1.621     0.6190      0.6190      0.6190      0.2612
34      A         B           34           MET           93.69           100    100     36     3.652     3.652     1.621     0.8056      0.8056      0.8056      0.4654
35      A         B           35           SER           94.78           100    100     36     3.652     3.652     1.621     0.8366      0.8366      0.8366      0.5182
36      A         B           36           TRP           97.27           100    100     36     3.652     3.652     1.621     0.8883      0.8883      0.8883      0.6272
37      A         B           37           GLU           96.52           100    100     36     3.652     3.652     1.621     0.8836      0.8836      0.8836      0.6138
38      A         B           38           GLU           95.78           100    100     36     3.652     3.652     1.621     0.9070      0.9070      0.9070      0.6766
39      A         B           39           LEU           97.14           100    100     36     3.652     3.652     1.621     0.9161      0.9161      0.9161      0.7002
40      A         B           40           LYS           97.72           100    100     36     3.652     3.652     1.621     0.9036      0.9036      0.9036      0.6679
41      A         B           41           LYS           97.28           100    100     36     3.652     3.652     1.621     0.9173      0.9173      0.9173      0.7059
42      A         B           42           ILE           97.86           100    100     36     3.652     3.652     1.621     0.9356      0.9356      0.9356      0.7598
43      A         B           43           PHE           98.74           100    100     36     3.652     3.652     1.621     0.9345      0.9345      0.9345      0.7571
44      A         B           44           ASP           98.56           100    100     36     3.652     3.652     1.621     0.9208      0.9208      0.9208      0.7159
45      A         B           45           TYR           98.30           100    100     36     3.652     3.652     1.621     0.9308      0.9308      0.9308      0.7449
46      A         B           46           VAL           98.63           100    100     36     3.652     3.652     1.621     0.9353      0.9353      0.9353      0.7598
47      A         B           47           ILE           98.75           100    100     36     3.652     3.652     1.621     0.9243      0.9243      0.9243      0.7270
48      A         B           48           GLU           98.18           100    100     36     3.652     3.652     1.621     0.8900      0.8900      0.8900      0.6372
49      A         B           49           ASN           97.14           100    100     36     3.652     3.652     1.621     0.8945      0.8945      0.8945      0.6498
50      A         B           50           TYR           97.76           100    100     36     3.652     3.652     1.621     0.9003      0.9003      0.9003      0.6649
51      A         B           51           PRO           97.94           100    100     36     3.652     3.652     1.621     0.8644      0.8644      0.8644      0.5842
52      A         B           52           GLU           97.55           100    100     36     3.652     3.652     1.621     0.8369      0.8369      0.8369      0.5367
53      A         B           53           SER           96.76           100    100     36     3.652     3.652     1.621     0.8780      0.8780      0.8780      0.6140
54      A         B           54           MET           98.57           100    100     36     3.652     3.652     1.621     0.9056      0.9056      0.9056      0.6803
55      A         B           55           GLN           98.16           100    100     36     3.652     3.652     1.621     0.8880      0.8880      0.8880      0.6363
56      A         B           56           ARG           97.47           100    100     36     3.652     3.652     1.621     0.8684      0.8684      0.8684      0.5912
57      A         B           57           PHE           98.36           100    100     36     3.652     3.652     1.621     0.9138      0.9138      0.9138      0.7013
58      A         B           58           LEU           98.63           100    100     36     3.652     3.652     1.621     0.8998      0.8998      0.8998      0.6664
59      A         B           59           GLU           97.83           100    100     36     3.652     3.652     1.621     0.8524      0.8524      0.8524      0.5600
60      A         B           60           MET           96.78           100    100     36     3.652     3.652     1.621     0.8410      0.8410      0.8410      0.5350
61      A         B           61           VAL           98.39           100    100     36     3.652     3.652     1.621     0.8641      0.8641      0.8641      0.5822
62      A         B           62           GLU           97.29           100    100     36     3.652     3.652     1.621     0.7906      0.7906      0.7906      0.4523
63      A         B           63           LYS           93.17           100    100     36     3.652     3.652     1.621     0.4101      0.4101      0.4101      0.1289
64      A         B           64           GLU           82.21           100    100     22     3.652     3.652     1.001     0.1336      0.1530      0.1530      0.0135
65      B         A            1           CYS           90.99           100    100     64     3.652     3.652     2.738     0.3838      0.3838      0.3838      0.2631
66      B         A            2           SER           88.69           100    100     64     3.652     3.652     2.738     0.4325      0.4325      0.4325      0.3050
67      B         A            3           GLN           90.37           100    100     64     3.652     3.652     2.738     0.3444      0.3444      0.3444      0.2313
68      B         A            4           ASN           93.27           100    100     64     3.652     3.652     2.738     0.6270      0.6270      0.6270      0.4921
69      B         A            5           GLU           96.13           100    100     64     3.652     3.652     2.738     0.8000      0.8000      0.8000      0.6959
70      B         A            6           TYR           95.49           100    100     64     3.652     3.652     2.738     0.8854      0.8854      0.8854      0.8145
71      B         A            7           PHE           95.64           100    100     64     3.652     3.652     2.738     0.9137      0.9137      0.9137      0.8570
72      B         A            8           ASP           96.88           100    100     64     3.652     3.652     2.738     0.9238      0.9238      0.9238      0.8729
73      B         A            9           SER           93.98           100    100     64     3.652     3.652     2.738     0.8686      0.8686      0.8686      0.7905
74      B         A           10           LEU           96.47           100    100     64     3.652     3.652     2.738     0.9410      0.9410      0.9410      0.9001
75      B         A           11           LEU           97.69           100    100     64     3.652     3.652     2.738     0.9435      0.9435      0.9435      0.9044
76      B         A           12           HIS           96.97           100    100     64     3.652     3.652     2.738     0.9263      0.9263      0.9263      0.8769
77      B         A           13           ALA           97.12           100    100     64     3.652     3.652     2.738     0.8757      0.8757      0.8757      0.8005
78      B         A           14           CYS           96.87           100    100     64     3.652     3.652     2.738     0.8834      0.8834      0.8834      0.8119
79      B         A           15           ILE           97.30           100    100     64     3.652     3.652     2.738     0.8990      0.8990      0.8990      0.8350
80      B         A           16           PRO           96.94           100    100     64     3.652     3.652     2.738     0.8729      0.8729      0.8729      0.7968
81      B         A           17           CYS           96.96           100    100     64     3.652     3.652     2.738     0.8419      0.8419      0.8419      0.7536
82      B         A           18           GLN           95.49           100    100     64     3.652     3.652     2.738     0.7807      0.7807      0.7807      0.6733
83      B         A           19           LEU           96.97           100    100     64     3.652     3.652     2.738     0.8682      0.8682      0.8682      0.7904
84      B         A           20           ARG           95.81           100    100     64     3.652     3.652     2.738     0.7759      0.7759      0.7759      0.6674
85      B         A           21           CYS           93.40           100    100     64     3.652     3.652     2.738     0.6599      0.6599      0.6599      0.5318
86      B         A           22           SER           87.14           100    100     64     3.652     3.652     2.738     0.4898      0.4898      0.4898      0.3621
87      B         A           23           SER           88.99           100    100     64     3.652     3.652     2.738     0.5153      0.5153      0.5153      0.3872
88      B         A           24           ASN           84.58           100    100     64     3.652     3.652     2.738     0.4843      0.4843      0.4843      0.3584
89      B         A           25           THR           86.47           100    100     64     3.652     3.652     2.738     0.5634      0.5634      0.5634      0.4351
90      B         A           26           PRO           90.64           100    100     64     3.652     3.652     2.738     0.6659      0.6659      0.6659      0.5401
91      B         A           27           PRO           92.91           100    100     64     3.652     3.652     2.738     0.7459      0.7459      0.7459      0.6299
92      B         A           28           LEU           89.39           100    100     64     3.652     3.652     2.738     0.6787      0.6787      0.6787      0.5501
93      B         A           29           THR           89.42           100    100     64     3.652     3.652     2.738     0.6357      0.6357      0.6357      0.5024
94      B         A           30           CYS           95.10           100    100     64     3.652     3.652     2.738     0.7217      0.7217      0.7217      0.5994
95      B         A           31           GLN           92.02           100    100     64     3.652     3.652     2.738     0.6632      0.6632      0.6632      0.5315
96      B         A           32           ARG           90.28           100    100     64     3.652     3.652     2.738     0.5028      0.5028      0.5028      0.3692
97      B         A           33           TYR           94.09           100    100     64     3.652     3.652     2.738     0.6267      0.6267      0.6267      0.4923
98      B         A           34           CYS           93.59           100    100     64     3.652     3.652     2.738     0.5071      0.5071      0.5071      0.3734
99      B         A           35           ASN           88.70           100    100     64     3.652     3.652     2.738     0.3047      0.3047      0.3047      0.2004
100     B         A           36           ALA           78.15           100    100      9     3.652     3.652     1.001     0.0767      0.1507      0.1507      0.0132
