i   AlignChn ScoredChain  AlignResNum  AlignResType  AlignRespLDDT      n0chn  n0dom  n0res    d0chn     d0dom     d0res   ipTM_pae  ipSAE_d0chn ipSAE_d0dom    ipSAE 
1       A         B            1           MET           90.68           100    100     15     3.652     3.652     1.001     0.1282      0.1693      0.1693      0.0152
2       A         B            2           LEU           97.69           100    100     36     3.652     3.652     1.621     0.5918      0.5918      0.5918      0.2360
3       A         B            3           SER           98.32           100    100     36     3.652     3.652     1.621     0.7310      0.7310      0.7310      0.3653
4       A         B            4           LYS           98.26           100    100     36     3.652     3.652     1.621     0.7642      0.7642      0.7642      0.4105
5       A         B            5           GLU           98.30           100    100     36     3.652     3.652     1.621     0.7133      0.7133      0.7133      0.3455
6       A         B            6           GLU           98.65           100    100     36     3.652     3.652     1.621     0.7552      0.7552      0.7552      0.4002
7       A         B            7           GLN           98.79           100    100     36     3.652     3.652     1.621     0.8280      0.8280      0.8280      0.5131
8       A         B            8           ARG           98.61           100    100     36     3.652     3.652     1.621     0.8127      0.8127      0.8127      0.4869
9       A         B            9           LYS           98.72           100    100     36     3.652     3.652     1.621     0.7561      0.7561      0.7561      0.3985
10      A         B           10           TRP           98.72           100    100     36     3.652     3.652     1.621     0.8152      0.8152      0.8152      0.4881
11      A         B           11           ILE           98.78           100    100     36     3.652     3.652     1.621     0.8229      0.8229      0.8229      0.5021
12      A         B           12           GLU           98.37           100    100     36     3.652     3.652     1.621     0.7686      0.7686      0.7686      0.4183
13      A         B           13           GLU           98.25           100    100     36     3.652     3.652     1.621     0.7095      0.7095      0.7095      0.3410
14      A         B           14           ASN           98.54           100    100     36     3.652     3.652     1.621     0.7821      0.7821      0.7821      0.4341
15      A         B           15           LYS           97.81           100    100     36     3.652     3.652     1.621     0.7470      0.7470      0.7470      0.3825
16      A         B           16           GLU           96.98           100    100     36     3.652     3.652     1.621     0.6686      0.6686      0.6686      0.2997
17      A         B           17           LYS           97.53           100    100     36     3.652     3.652     1.621     0.7590      0.7590      0.7590      0.4093
18      A         B           18           VAL           98.58           100    100     36     3.652     3.652     1.621     0.8408      0.8408      0.8408      0.5375
19      A         B           19           MET           96.77           100    100     36     3.652     3.652     1.621     0.7677      0.7677      0.7677      0.4122
20      A         B           20           LYS           96.71           100    100     36     3.652     3.652     1.621     0.7457      0.7457      0.7457      0.3865
21      A         B           21           VAL           97.42           100    100     36     3.652     3.652     1.621     0.8152      0.8152      0.8152      0.4887
22      A         B           22           VAL           97.64           100    100     36     3.652     3.652     1.621     0.8222      0.8222      0.8222      0.4982
23      A         B           23           LEU           95.66           100    100     36     3.652     3.652     1.621     0.7529      0.7529      0.7529      0.3951
24      A         B           24           SER           95.06           100    100     36     3.652     3.652     1.621     0.6054      0.6054      0.6054      0.2448
25      A         B           25           SER           94.20           100    100     36     3.652     3.652     1.621     0.6288      0.6288      0.6288      0.2638
26      A         B           26           GLU           92.67           100    100     36     3.652     3.652     1.621     0.5094      0.5094      0.5094      0.1777
27      A         B           27           HIS           90.86           100    100     36     3.652     3.652     1.621     0.5865      0.5865      0.5865      0.2288
28      A         B           28           ALA           94.09           100    100     36     3.652     3.652     1.621     0.6236      0.6236      0.6236      0.2568
29      A         B           29           GLU           92.40           100    100     36     3.652     3.652     1.621     0.6570      0.6570      0.6570      0.2819
30      A         B           30           TRP           94.36           100    100     36     3.652     3.652     1.621     0.7293      0.7293      0.7293      0.3553
31      A         B           31           TYR           95.44           100    100     36     3.652     3.652     1.621     0.7560      0.7560      0.7560      0.3933
32      A         B           32           ALA           91.58           100    100     36     3.652     3.652     1.621     0.6112      0.6112      0.6112      0.2547
33      A         B           33           GLY           90.78           100    100     36     3.652     3.652     1.621     0.4808      0.4808      0.4808      0.1649
34      A         B           34           MET           93.74           100    100     36     3.652     3.652     1.621     0.6868      0.6868      0.6868      0.3148
35      A         B           35           SER           95.02           100    100     36     3.652     3.652     1.621     0.7523      0.7523      0.7523      0.3882
36      A         B           36           TRP           97.40           100    100     36     3.652     3.652     1.621     0.8300      0.8300      0.8300      0.5116
37      A         B           37           GLU           96.81           100    100     36     3.652     3.652     1.621     0.8156      0.8156      0.8156      0.4854
38      A         B           38           GLU           96.08           100    100     36     3.652     3.652     1.621     0.8447      0.8447      0.8447      0.5418
39      A         B           39           LEU           97.26           100    100     36     3.652     3.652     1.621     0.8622      0.8622      0.8622      0.5766
40      A         B           40           LYS           97.84           100    100     36     3.652     3.652     1.621     0.8488      0.8488      0.8488      0.5505
41      A         B           41           LYS           97.61           100    100     36     3.652     3.652     1.621     0.8704      0.8704      0.8704      0.6015
42      A         B           42           ILE           98.11           100    100     36     3.652     3.652     1.621     0.8947      0.8947      0.8947      0.6548
43      A         B           43           PHE           98.78           100    100     36     3.652     3.652     1.621     0.9026      0.9026      0.9026      0.6785
44      A         B           44           ASP           98.62           100    100     36     3.652     3.652     1.621     0.8834      0.8834      0.8834      0.6318
45      A         B           45           TYR           98.55           100    100     36     3.652     3.652     1.621     0.8910      0.8910      0.8910      0.6512
46      A         B           46           VAL           98.73           100    100     36     3.652     3.652     1.621     0.8971      0.8971      0.8971      0.6662
47      A         B           47           ILE           98.80           100    100     36     3.652     3.652     1.621     0.8911      0.8911      0.8911      0.6485
48      A         B           48           GLU           98.32           100    100     36     3.652     3.652     1.621     0.8463      0.8463      0.8463      0.5532
49      A         B           49           ASN           97.75           100    100     36     3.652     3.652     1.621     0.8513      0.8513      0.8513      0.5642
50      A         B           50           TYR           98.26           100    100     36     3.652     3.652     1.621     0.8619      0.8619      0.8619      0.5869
51      A         B           51           PRO           98.15           100    100     36     3.652     3.652     1.621     0.8193      0.8193      0.8193      0.5069
52      A         B           52           GLU           98.05           100    100     36     3.652     3.652     1.621     0.7973      0.7973      0.7973      0.4757
53      A         B           53           SER           97.26           100    100     36     3.652     3.652     1.621     0.8287      0.8287      0.8287      0.5222
54      A         B           54           MET           98.64           100    100     36     3.652     3.652     1.621     0.8622      0.8622      0.8622      0.5901
55      A         B           55           GLN           98.39           100    100     36     3.652     3.652     1.621     0.8387      0.8387      0.8387      0.5428
56      A         B           56           ARG           97.66           100    100     36     3.652     3.652     1.621     0.8056      0.8056      0.8056      0.4800
57      A         B           57           PHE           98.38           100    100     36     3.652     3.652     1.621     0.8733      0.8733      0.8733      0.6142
58      A         B           58           LEU           98.66           100    100     36     3.652     3.652     1.621     0.8512      0.8512      0.8512      0.5700
59      A         B           59           GLU           97.92           100    100     36     3.652     3.652     1.621     0.7847      0.7847      0.7847      0.4526
60      A         B           60           MET           96.56           100    100     36     3.652     3.652     1.621     0.7511      0.7511      0.7511      0.4003
61      A         B           61           VAL           98.26           100    100     36     3.652     3.652     1.621     0.7917      0.7917      0.7917      0.4613
62      A         B           62           GLU           97.41           100    100     36     3.652     3.652     1.621     0.7024      0.7024      0.7024      0.3445
63      A         B           63           LYS           94.25           100    100     36     3.652     3.652     1.621     0.3445      0.3445      0.3445      0.1000
64      A         B           64           GLU           80.60           100    100      6     3.652     3.652     1.001     0.0899      0.1435      0.1435      0.0125
65      B         A            1           CYS           91.94           100    100     64     3.652     3.652     2.738     0.3416      0.3416      0.3416      0.2290
66      B         A            2           SER           90.44           100    100     64     3.652     3.652     2.738     0.4115      0.4115      0.4115      0.2866
67      B         A            3           GLN           90.92           100    100     64     3.652     3.652     2.738     0.2844      0.2844      0.2844      0.1848
68      B         A            4           ASN           93.59           100    100     64     3.652     3.652     2.738     0.5490      0.5490      0.5490      0.4133
69      B         A            5           GLU           96.76           100    100     64     3.652     3.652     2.738     0.7629      0.7629      0.7629      0.6479
70      B         A            6           TYR           95.91           100    100     64     3.652     3.652     2.738     0.8461      0.8461      0.8461      0.7580
71      B         A            7           PHE           96.36           100    100     64     3.652     3.652     2.738     0.8837      0.8837      0.8837      0.8120
72      B         A            8           ASP           97.16           100    100     64     3.652     3.652     2.738     0.8892      0.8892      0.8892      0.8202
73      B         A            9           SER           94.14           100    100     64     3.652     3.652     2.738     0.8199      0.8199      0.8199      0.7226
74      B         A           10           LEU           96.54           100    100     64     3.652     3.652     2.738     0.9043      0.9043      0.9043      0.8429
75      B         A           11           LEU           97.79           100    100     64     3.652     3.652     2.738     0.9118      0.9118      0.9118      0.8548
76      B         A           12           HIS           97.36           100    100     64     3.652     3.652     2.738     0.8914      0.8914      0.8914      0.8237
77      B         A           13           ALA           97.71           100    100     64     3.652     3.652     2.738     0.8490      0.8490      0.8490      0.7624
78      B         A           14           CYS           97.72           100    100     64     3.652     3.652     2.738     0.8610      0.8610      0.8610      0.7797
79      B         A           15           ILE           97.61           100    100     64     3.652     3.652     2.738     0.8654      0.8654      0.8654      0.7858
80      B         A           16           PRO           97.38           100    100     64     3.652     3.652     2.738     0.8327      0.8327      0.8327      0.7405
81      B         A           17           CYS           97.15           100    100     64     3.652     3.652     2.738     0.7867      0.7867      0.7867      0.6806
82      B         A           18           GLN           95.71           100    100     64     3.652     3.652     2.738     0.7118      0.7118      0.7118      0.5894
83      B         A           19           LEU           97.35           100    100     64     3.652     3.652     2.738     0.8108      0.8108      0.8108      0.7113
84      B         A           20           ARG           95.68           100    100     64     3.652     3.652     2.738     0.6530      0.6530      0.6530      0.5239
85      B         A           21           CYS           93.59           100    100     64     3.652     3.652     2.738     0.5312      0.5312      0.5312      0.3994
86      B         A           22           SER           86.94           100    100     64     3.652     3.652     2.738     0.3443      0.3443      0.3443      0.2360
87      B         A           23           SER           88.57           100    100     64     3.652     3.652     2.738     0.3320      0.3320      0.3320      0.2274
88      B         A           24           ASN           85.40           100    100     64     3.652     3.652     2.738     0.3202      0.3202      0.3202      0.2172
89      B         A           25           THR           88.53           100    100     64     3.652     3.652     2.738     0.4033      0.4033      0.4033      0.2855
90      B         A           26           PRO           90.95           100    100     64     3.652     3.652     2.738     0.5243      0.5243      0.5243      0.3927
91      B         A           27           PRO           93.25           100    100     64     3.652     3.652     2.738     0.6351      0.6351      0.6351      0.5025
92      B         A           28           LEU           90.65           100    100     64     3.652     3.652     2.738     0.5778      0.5778      0.5778      0.4413
93      B         A           29           THR           90.34           100    100     64     3.652     3.652     2.738     0.5252      0.5252      0.5252      0.3899
94      B         A           30           CYS           95.47           100    100     64     3.652     3.652     2.738     0.6259      0.6259      0.6259      0.4913
95      B         A           31           GLN           92.70           100    100     64     3.652     3.652     2.738     0.5582      0.5582      0.5582      0.4211
96      B         A           32           ARG           91.43           100    100     64     3.652     3.652     2.738     0.4113      0.4113      0.4113      0.2867
97      B         A           33           TYR           94.71           100    100     64     3.652     3.652     2.738     0.5081      0.5081      0.5081      0.3731
98      B         A           34           CYS           94.00           100    100     64     3.652     3.652     2.738     0.3994      0.3994      0.3994      0.2772
99      B         A           35           ASN           89.71           100    100     62     3.652     3.652     2.675     0.2226      0.2261      0.2261      0.1373
100     B         A           36           ALA           76.82           100    100      1     3.652     3.652     1.001     0.0482      0.1260      0.1260      0.0107
