i   AlignChn ScoredChain  AlignResNum  AlignResType  AlignRespLDDT      n0chn  n0dom  n0res    d0chn     d0dom     d0res   ipTM_pae  ipSAE_d0chn ipSAE_d0dom    ipSAE 
1       A         B            1           MET           90.27           100    100     32     3.652     3.652     1.388     0.1733      0.1819      0.1819      0.0318
2       A         B            2           LEU           97.49           100    100     36     3.652     3.652     1.621     0.6728      0.6728      0.6728      0.3066
3       A         B            3           SER           98.29           100    100     36     3.652     3.652     1.621     0.7848      0.7848      0.7848      0.4349
4       A         B            4           LYS           98.15           100    100     36     3.652     3.652     1.621     0.8097      0.8097      0.8097      0.4762
5       A         B            5           GLU           98.21           100    100     36     3.652     3.652     1.621     0.7701      0.7701      0.7701      0.4157
6       A         B            6           GLU           98.56           100    100     36     3.652     3.652     1.621     0.8045      0.8045      0.8045      0.4709
7       A         B            7           GLN           98.77           100    100     36     3.652     3.652     1.621     0.8703      0.8703      0.8703      0.5920
8       A         B            8           ARG           98.46           100    100     36     3.652     3.652     1.621     0.8535      0.8535      0.8535      0.5573
9       A         B            9           LYS           98.69           100    100     36     3.652     3.652     1.621     0.8049      0.8049      0.8049      0.4686
10      A         B           10           TRP           98.67           100    100     36     3.652     3.652     1.621     0.8552      0.8552      0.8552      0.5578
11      A         B           11           ILE           98.75           100    100     36     3.652     3.652     1.621     0.8612      0.8612      0.8612      0.5708
12      A         B           12           GLU           98.23           100    100     36     3.652     3.652     1.621     0.8181      0.8181      0.8181      0.4919
13      A         B           13           GLU           98.17           100    100     36     3.652     3.652     1.621     0.7623      0.7623      0.7623      0.4040
14      A         B           14           ASN           98.43           100    100     36     3.652     3.652     1.621     0.8244      0.8244      0.8244      0.4990
15      A         B           15           LYS           97.78           100    100     36     3.652     3.652     1.621     0.8024      0.8024      0.8024      0.4592
16      A         B           16           GLU           97.01           100    100     36     3.652     3.652     1.621     0.7336      0.7336      0.7336      0.3677
17      A         B           17           LYS           97.05           100    100     36     3.652     3.652     1.621     0.7920      0.7920      0.7920      0.4539
18      A         B           18           VAL           98.46           100    100     36     3.652     3.652     1.621     0.8695      0.8695      0.8695      0.5900
19      A         B           19           MET           96.46           100    100     36     3.652     3.652     1.621     0.8163      0.8163      0.8163      0.4842
20      A         B           20           LYS           96.21           100    100     36     3.652     3.652     1.621     0.7873      0.7873      0.7873      0.4415
21      A         B           21           VAL           96.28           100    100     36     3.652     3.652     1.621     0.8327      0.8327      0.8327      0.5160
22      A         B           22           VAL           97.24           100    100     36     3.652     3.652     1.621     0.8517      0.8517      0.8517      0.5483
23      A         B           23           LEU           95.06           100    100     36     3.652     3.652     1.621     0.7906      0.7906      0.7906      0.4457
24      A         B           24           SER           94.44           100    100     36     3.652     3.652     1.621     0.6503      0.6503      0.6503      0.2808
25      A         B           25           SER           92.76           100    100     36     3.652     3.652     1.621     0.6549      0.6549      0.6549      0.2861
26      A         B           26           GLU           91.87           100    100     36     3.652     3.652     1.621     0.5902      0.5902      0.5902      0.2306
27      A         B           27           HIS           89.12           100    100     36     3.652     3.652     1.621     0.6812      0.6812      0.6812      0.3121
28      A         B           28           ALA           93.07           100    100     36     3.652     3.652     1.621     0.7050      0.7050      0.7050      0.3325
29      A         B           29           GLU           89.70           100    100     36     3.652     3.652     1.621     0.7241      0.7241      0.7241      0.3505
30      A         B           30           TRP           92.28           100    100     36     3.652     3.652     1.621     0.7812      0.7812      0.7812      0.4221
31      A         B           31           TYR           94.80           100    100     36     3.652     3.652     1.621     0.8049      0.8049      0.8049      0.4638
32      A         B           32           ALA           90.55           100    100     36     3.652     3.652     1.621     0.6829      0.6829      0.6829      0.3201
33      A         B           33           GLY           90.30           100    100     36     3.652     3.652     1.621     0.5616      0.5616      0.5616      0.2147
34      A         B           34           MET           93.32           100    100     36     3.652     3.652     1.621     0.7716      0.7716      0.7716      0.4132
35      A         B           35           SER           94.63           100    100     36     3.652     3.652     1.621     0.8119      0.8119      0.8119      0.4748
36      A         B           36           TRP           97.17           100    100     36     3.652     3.652     1.621     0.8724      0.8724      0.8724      0.5923
37      A         B           37           GLU           96.53           100    100     36     3.652     3.652     1.621     0.8686      0.8686      0.8686      0.5836
38      A         B           38           GLU           95.63           100    100     36     3.652     3.652     1.621     0.8925      0.8925      0.8925      0.6425
39      A         B           39           LEU           97.06           100    100     36     3.652     3.652     1.621     0.9022      0.9022      0.9022      0.6658
40      A         B           40           LYS           97.75           100    100     36     3.652     3.652     1.621     0.8923      0.8923      0.8923      0.6426
41      A         B           41           LYS           97.37           100    100     36     3.652     3.652     1.621     0.9064      0.9064      0.9064      0.6817
42      A         B           42           ILE           97.88           100    100     36     3.652     3.652     1.621     0.9270      0.9270      0.9270      0.7360
43      A         B           43           PHE           98.74           100    100     36     3.652     3.652     1.621     0.9282      0.9282      0.9282      0.7411
44      A         B           44           ASP           98.59           100    100     36     3.652     3.652     1.621     0.9129      0.9129      0.9129      0.6988
45      A         B           45           TYR           98.50           100    100     36     3.652     3.652     1.621     0.9246      0.9246      0.9246      0.7310
46      A         B           46           VAL           98.74           100    100     36     3.652     3.652     1.621     0.9289      0.9289      0.9289      0.7445
47      A         B           47           ILE           98.78           100    100     36     3.652     3.652     1.621     0.9178      0.9178      0.9178      0.7117
48      A         B           48           GLU           98.33           100    100     36     3.652     3.652     1.621     0.8839      0.8839      0.8839      0.6280
49      A         B           49           ASN           97.73           100    100     36     3.652     3.652     1.621     0.8912      0.8912      0.8912      0.6464
50      A         B           50           TYR           98.24           100    100     36     3.652     3.652     1.621     0.8977      0.8977      0.8977      0.6620
51      A         B           51           PRO           98.18           100    100     36     3.652     3.652     1.621     0.8631      0.8631      0.8631      0.5861
52      A         B           52           GLU           97.87           100    100     36     3.652     3.652     1.621     0.8364      0.8364      0.8364      0.5389
53      A         B           53           SER           97.37           100    100     36     3.652     3.652     1.621     0.8759      0.8759      0.8759      0.6123
54      A         B           54           MET           98.66           100    100     36     3.652     3.652     1.621     0.8987      0.8987      0.8987      0.6670
55      A         B           55           GLN           98.23           100    100     36     3.652     3.652     1.621     0.8790      0.8790      0.8790      0.6197
56      A         B           56           ARG           97.67           100    100     36     3.652     3.652     1.621     0.8593      0.8593      0.8593      0.5740
57      A         B           57           PHE           98.33           100    100     36     3.652     3.652     1.621     0.9031      0.9031      0.9031      0.6773
58      A         B           58           LEU           98.60           100    100     36     3.652     3.652     1.621     0.8867      0.8867      0.8867      0.6396
59      A         B           59           GLU           97.44           100    100     36     3.652     3.652     1.621     0.8291      0.8291      0.8291      0.5198
60      A         B           60           MET           96.00           100    100     36     3.652     3.652     1.621     0.8105      0.8105      0.8105      0.4854
61      A         B           61           VAL           97.66           100    100     36     3.652     3.652     1.621     0.8229      0.8229      0.8229      0.5102
62      A         B           62           GLU           96.81           100    100     36     3.652     3.652     1.621     0.7536      0.7536      0.7536      0.4029
63      A         B           63           LYS           93.34           100    100     36     3.652     3.652     1.621     0.4371      0.4371      0.4371      0.1428
64      A         B           64           GLU           81.60           100    100     20     3.652     3.652     1.001     0.1318      0.1554      0.1554      0.0138
65      B         A            1           CYS           91.33           100    100     64     3.652     3.652     2.738     0.3775      0.3775      0.3775      0.2578
66      B         A            2           SER           89.29           100    100     64     3.652     3.652     2.738     0.4375      0.4375      0.4375      0.3094
67      B         A            3           GLN           90.64           100    100     64     3.652     3.652     2.738     0.3192      0.3192      0.3192      0.2112
68      B         A            4           ASN           93.92           100    100     64     3.652     3.652     2.738     0.6175      0.6175      0.6175      0.4820
69      B         A            5           GLU           96.76           100    100     64     3.652     3.652     2.738     0.8035      0.8035      0.8035      0.6999
70      B         A            6           TYR           95.50           100    100     64     3.652     3.652     2.738     0.8815      0.8815      0.8815      0.8085
71      B         A            7           PHE           96.17           100    100     64     3.652     3.652     2.738     0.9117      0.9117      0.9117      0.8540
72      B         A            8           ASP           96.98           100    100     64     3.652     3.652     2.738     0.9227      0.9227      0.9227      0.8712
73      B         A            9           SER           93.55           100    100     64     3.652     3.652     2.738     0.8550      0.8550      0.8550      0.7708
74      B         A           10           LEU           95.85           100    100     64     3.652     3.652     2.738     0.9312      0.9312      0.9312      0.8844
75      B         A           11           LEU           97.59           100    100     64     3.652     3.652     2.738     0.9382      0.9382      0.9382      0.8959
76      B         A           12           HIS           97.24           100    100     64     3.652     3.652     2.738     0.9227      0.9227      0.9227      0.8712
77      B         A           13           ALA           97.70           100    100     64     3.652     3.652     2.738     0.8840      0.8840      0.8840      0.8125
78      B         A           14           CYS           97.59           100    100     64     3.652     3.652     2.738     0.8884      0.8884      0.8884      0.8192
79      B         A           15           ILE           97.42           100    100     64     3.652     3.652     2.738     0.8958      0.8958      0.8958      0.8301
80      B         A           16           PRO           97.27           100    100     64     3.652     3.652     2.738     0.8684      0.8684      0.8684      0.7904
81      B         A           17           CYS           97.07           100    100     64     3.652     3.652     2.738     0.8285      0.8285      0.8285      0.7351
82      B         A           18           GLN           95.63           100    100     64     3.652     3.652     2.738     0.7501      0.7501      0.7501      0.6350
83      B         A           19           LEU           97.14           100    100     64     3.652     3.652     2.738     0.8521      0.8521      0.8521      0.7675
84      B         A           20           ARG           95.65           100    100     64     3.652     3.652     2.738     0.7406      0.7406      0.7406      0.6234
85      B         A           21           CYS           93.54           100    100     64     3.652     3.652     2.738     0.6146      0.6146      0.6146      0.4825
86      B         A           22           SER           86.62           100    100     64     3.652     3.652     2.738     0.4155      0.4155      0.4155      0.2947
87      B         A           23           SER           87.73           100    100     64     3.652     3.652     2.738     0.4159      0.4159      0.4159      0.2964
88      B         A           24           ASN           83.54           100    100     64     3.652     3.652     2.738     0.3733      0.3733      0.3733      0.2596
89      B         A           25           THR           85.92           100    100     64     3.652     3.652     2.738     0.4390      0.4390      0.4390      0.3158
90      B         A           26           PRO           89.86           100    100     64     3.652     3.652     2.738     0.5554      0.5554      0.5554      0.4224
91      B         A           27           PRO           91.91           100    100     64     3.652     3.652     2.738     0.6685      0.6685      0.6685      0.5385
92      B         A           28           LEU           89.16           100    100     64     3.652     3.652     2.738     0.6068      0.6068      0.6068      0.4707
93      B         A           29           THR           89.55           100    100     64     3.652     3.652     2.738     0.5605      0.5605      0.5605      0.4236
94      B         A           30           CYS           94.81           100    100     64     3.652     3.652     2.738     0.6735      0.6735      0.6735      0.5430
95      B         A           31           GLN           92.23           100    100     64     3.652     3.652     2.738     0.6234      0.6234      0.6234      0.4874
96      B         A           32           ARG           91.48           100    100     64     3.652     3.652     2.738     0.4798      0.4798      0.4798      0.3466
97      B         A           33           TYR           94.88           100    100     64     3.652     3.652     2.738     0.5926      0.5926      0.5926      0.4558
98      B         A           34           CYS           94.21           100    100     64     3.652     3.652     2.738     0.5021      0.5021      0.5021      0.3679
99      B         A           35           ASN           90.43           100    100     64     3.652     3.652     2.738     0.3098      0.3098      0.3098      0.2039
100     B         A           36           ALA           80.28           100    100     10     3.652     3.652     1.001     0.0810      0.1465      0.1465      0.0128
