i   AlignChn ScoredChain  AlignResNum  AlignResType  AlignRespLDDT      n0chn  n0dom  n0res    d0chn     d0dom     d0res   ipTM_pae  ipSAE_d0chn ipSAE_d0dom    ipSAE 
1       A         B            1           MET           90.20           100    100     18     3.652     3.652     1.001     0.1345      0.1679      0.1679      0.0151
2       A         B            2           LEU           97.55           100    100     36     3.652     3.652     1.621     0.6189      0.6189      0.6189      0.2583
3       A         B            3           SER           98.30           100    100     36     3.652     3.652     1.621     0.7482      0.7482      0.7482      0.3855
4       A         B            4           LYS           98.22           100    100     36     3.652     3.652     1.621     0.7775      0.7775      0.7775      0.4278
5       A         B            5           GLU           98.20           100    100     36     3.652     3.652     1.621     0.7316      0.7316      0.7316      0.3667
6       A         B            6           GLU           98.62           100    100     36     3.652     3.652     1.621     0.7770      0.7770      0.7770      0.4293
7       A         B            7           GLN           98.77           100    100     36     3.652     3.652     1.621     0.8445      0.8445      0.8445      0.5415
8       A         B            8           ARG           98.52           100    100     36     3.652     3.652     1.621     0.8290      0.8290      0.8290      0.5137
9       A         B            9           LYS           98.71           100    100     36     3.652     3.652     1.621     0.7808      0.7808      0.7808      0.4322
10      A         B           10           TRP           98.70           100    100     36     3.652     3.652     1.621     0.8332      0.8332      0.8332      0.5171
11      A         B           11           ILE           98.78           100    100     36     3.652     3.652     1.621     0.8381      0.8381      0.8381      0.5272
12      A         B           12           GLU           98.24           100    100     36     3.652     3.652     1.621     0.7853      0.7853      0.7853      0.4412
13      A         B           13           GLU           98.25           100    100     36     3.652     3.652     1.621     0.7332      0.7332      0.7332      0.3677
14      A         B           14           ASN           98.50           100    100     36     3.652     3.652     1.621     0.8002      0.8002      0.8002      0.4600
15      A         B           15           LYS           97.72           100    100     36     3.652     3.652     1.621     0.7695      0.7695      0.7695      0.4115
16      A         B           16           GLU           97.01           100    100     36     3.652     3.652     1.621     0.7060      0.7060      0.7060      0.3365
17      A         B           17           LYS           97.39           100    100     36     3.652     3.652     1.621     0.7762      0.7762      0.7762      0.4320
18      A         B           18           VAL           98.52           100    100     36     3.652     3.652     1.621     0.8572      0.8572      0.8572      0.5664
19      A         B           19           MET           96.66           100    100     36     3.652     3.652     1.621     0.7975      0.7975      0.7975      0.4539
20      A         B           20           LYS           96.32           100    100     36     3.652     3.652     1.621     0.7612      0.7612      0.7612      0.4052
21      A         B           21           VAL           96.93           100    100     36     3.652     3.652     1.621     0.8225      0.8225      0.8225      0.4985
22      A         B           22           VAL           97.35           100    100     36     3.652     3.652     1.621     0.8290      0.8290      0.8290      0.5069
23      A         B           23           LEU           94.84           100    100     36     3.652     3.652     1.621     0.7467      0.7467      0.7467      0.3859
24      A         B           24           SER           94.61           100    100     36     3.652     3.652     1.621     0.6053      0.6053      0.6053      0.2432
25      A         B           25           SER           93.73           100    100     36     3.652     3.652     1.621     0.6010      0.6010      0.6010      0.2405
26      A         B           26           GLU           92.08           100    100     36     3.652     3.652     1.621     0.4719      0.4719      0.4719      0.1563
27      A         B           27           HIS           88.66           100    100     36     3.652     3.652     1.621     0.5549      0.5549      0.5549      0.2072
28      A         B           28           ALA           92.94           100    100     36     3.652     3.652     1.621     0.5755      0.5755      0.5755      0.2201
29      A         B           29           GLU           90.87           100    100     36     3.652     3.652     1.621     0.6352      0.6352      0.6352      0.2632
30      A         B           30           TRP           93.13           100    100     36     3.652     3.652     1.621     0.6891      0.6891      0.6891      0.3103
31      A         B           31           TYR           94.58           100    100     36     3.652     3.652     1.621     0.7226      0.7226      0.7226      0.3511
32      A         B           32           ALA           89.10           100    100     36     3.652     3.652     1.621     0.5710      0.5710      0.5710      0.2244
33      A         B           33           GLY           89.15           100    100     36     3.652     3.652     1.621     0.4547      0.4547      0.4547      0.1508
34      A         B           34           MET           93.17           100    100     36     3.652     3.652     1.621     0.6806      0.6806      0.6806      0.3076
35      A         B           35           SER           94.74           100    100     36     3.652     3.652     1.621     0.7654      0.7654      0.7654      0.4049
36      A         B           36           TRP           97.30           100    100     36     3.652     3.652     1.621     0.8463      0.8463      0.8463      0.5403
37      A         B           37           GLU           96.77           100    100     36     3.652     3.652     1.621     0.8373      0.8373      0.8373      0.5222
38      A         B           38           GLU           95.87           100    100     36     3.652     3.652     1.621     0.8594      0.8594      0.8594      0.5692
39      A         B           39           LEU           97.23           100    100     36     3.652     3.652     1.621     0.8770      0.8770      0.8770      0.6062
40      A         B           40           LYS           97.83           100    100     36     3.652     3.652     1.621     0.8692      0.8692      0.8692      0.5915
41      A         B           41           LYS           97.57           100    100     36     3.652     3.652     1.621     0.8809      0.8809      0.8809      0.6209
42      A         B           42           ILE           98.00           100    100     36     3.652     3.652     1.621     0.9078      0.9078      0.9078      0.6839
43      A         B           43           PHE           98.77           100    100     36     3.652     3.652     1.621     0.9127      0.9127      0.9127      0.7004
44      A         B           44           ASP           98.57           100    100     36     3.652     3.652     1.621     0.8922      0.8922      0.8922      0.6476
45      A         B           45           TYR           98.46           100    100     36     3.652     3.652     1.621     0.9014      0.9014      0.9014      0.6707
46      A         B           46           VAL           98.72           100    100     36     3.652     3.652     1.621     0.9099      0.9099      0.9099      0.6943
47      A         B           47           ILE           98.78           100    100     36     3.652     3.652     1.621     0.9026      0.9026      0.9026      0.6737
48      A         B           48           GLU           98.22           100    100     36     3.652     3.652     1.621     0.8504      0.8504      0.8504      0.5585
49      A         B           49           ASN           97.43           100    100     36     3.652     3.652     1.621     0.8570      0.8570      0.8570      0.5723
50      A         B           50           TYR           98.10           100    100     36     3.652     3.652     1.621     0.8703      0.8703      0.8703      0.6006
51      A         B           51           PRO           98.11           100    100     36     3.652     3.652     1.621     0.8336      0.8336      0.8336      0.5306
52      A         B           52           GLU           97.92           100    100     36     3.652     3.652     1.621     0.8152      0.8152      0.8152      0.5023
53      A         B           53           SER           97.19           100    100     36     3.652     3.652     1.621     0.8493      0.8493      0.8493      0.5576
54      A         B           54           MET           98.64           100    100     36     3.652     3.652     1.621     0.8765      0.8765      0.8765      0.6176
55      A         B           55           GLN           98.30           100    100     36     3.652     3.652     1.621     0.8576      0.8576      0.8576      0.5759
56      A         B           56           ARG           97.54           100    100     36     3.652     3.652     1.621     0.8331      0.8331      0.8331      0.5246
57      A         B           57           PHE           98.32           100    100     36     3.652     3.652     1.621     0.8881      0.8881      0.8881      0.6444
58      A         B           58           LEU           98.63           100    100     36     3.652     3.652     1.621     0.8673      0.8673      0.8673      0.6005
59      A         B           59           GLU           97.67           100    100     36     3.652     3.652     1.621     0.8026      0.8026      0.8026      0.4787
60      A         B           60           MET           96.21           100    100     36     3.652     3.652     1.621     0.7828      0.7828      0.7828      0.4426
61      A         B           61           VAL           98.12           100    100     36     3.652     3.652     1.621     0.8096      0.8096      0.8096      0.4884
62      A         B           62           GLU           97.00           100    100     36     3.652     3.652     1.621     0.7212      0.7212      0.7212      0.3648
63      A         B           63           LYS           93.26           100    100     36     3.652     3.652     1.621     0.3262      0.3262      0.3262      0.0926
64      A         B           64           GLU           75.11           100    100      1     3.652     3.652     1.001     0.0639      0.1249      0.1249      0.0106
65      B         A            1           CYS           90.51           100    100     64     3.652     3.652     2.738     0.3271      0.3271      0.3271      0.2174
66      B         A            2           SER           88.20           100    100     64     3.652     3.652     2.738     0.3684      0.3684      0.3684      0.2514
67      B         A            3           GLN           90.76           100    100     64     3.652     3.652     2.738     0.2915      0.2915      0.2915      0.1902
68      B         A            4           ASN           93.99           100    100     64     3.652     3.652     2.738     0.5843      0.5843      0.5843      0.4477
69      B         A            5           GLU           96.52           100    100     64     3.652     3.652     2.738     0.7758      0.7758      0.7758      0.6640
70      B         A            6           TYR           95.59           100    100     64     3.652     3.652     2.738     0.8543      0.8543      0.8543      0.7695
71      B         A            7           PHE           96.12           100    100     64     3.652     3.652     2.738     0.8896      0.8896      0.8896      0.8208
72      B         A            8           ASP           96.93           100    100     64     3.652     3.652     2.738     0.8952      0.8952      0.8952      0.8292
73      B         A            9           SER           93.92           100    100     64     3.652     3.652     2.738     0.8351      0.8351      0.8351      0.7432
74      B         A           10           LEU           96.02           100    100     64     3.652     3.652     2.738     0.9104      0.9104      0.9104      0.8521
75      B         A           11           LEU           97.66           100    100     64     3.652     3.652     2.738     0.9203      0.9203      0.9203      0.8680
76      B         A           12           HIS           97.18           100    100     64     3.652     3.652     2.738     0.9040      0.9040      0.9040      0.8427
77      B         A           13           ALA           97.57           100    100     64     3.652     3.652     2.738     0.8566      0.8566      0.8566      0.7732
78      B         A           14           CYS           97.41           100    100     64     3.652     3.652     2.738     0.8658      0.8658      0.8658      0.7865
79      B         A           15           ILE           97.47           100    100     64     3.652     3.652     2.738     0.8720      0.8720      0.8720      0.7952
80      B         A           16           PRO           97.31           100    100     64     3.652     3.652     2.738     0.8445      0.8445      0.8445      0.7567
81      B         A           17           CYS           97.20           100    100     64     3.652     3.652     2.738     0.8102      0.8102      0.8102      0.7111
82      B         A           18           GLN           95.89           100    100     64     3.652     3.652     2.738     0.7342      0.7342      0.7342      0.6160
83      B         A           19           LEU           97.25           100    100     64     3.652     3.652     2.738     0.8303      0.8303      0.8303      0.7374
84      B         A           20           ARG           95.47           100    100     64     3.652     3.652     2.738     0.6911      0.6911      0.6911      0.5657
85      B         A           21           CYS           93.52           100    100     64     3.652     3.652     2.738     0.5696      0.5696      0.5696      0.4370
86      B         A           22           SER           86.54           100    100     64     3.652     3.652     2.738     0.3729      0.3729      0.3729      0.2587
87      B         A           23           SER           87.91           100    100     64     3.652     3.652     2.738     0.3679      0.3679      0.3679      0.2558
88      B         A           24           ASN           83.84           100    100     64     3.652     3.652     2.738     0.3342      0.3342      0.3342      0.2277
89      B         A           25           THR           86.99           100    100     64     3.652     3.652     2.738     0.4075      0.4075      0.4075      0.2884
90      B         A           26           PRO           90.31           100    100     64     3.652     3.652     2.738     0.5276      0.5276      0.5276      0.3954
91      B         A           27           PRO           92.67           100    100     64     3.652     3.652     2.738     0.6482      0.6482      0.6482      0.5161
92      B         A           28           LEU           90.02           100    100     64     3.652     3.652     2.738     0.5923      0.5923      0.5923      0.4555
93      B         A           29           THR           89.95           100    100     64     3.652     3.652     2.738     0.5617      0.5617      0.5617      0.4248
94      B         A           30           CYS           95.27           100    100     64     3.652     3.652     2.738     0.6574      0.6574      0.6574      0.5248
95      B         A           31           GLN           92.90           100    100     64     3.652     3.652     2.738     0.6038      0.6038      0.6038      0.4668
96      B         A           32           ARG           91.53           100    100     64     3.652     3.652     2.738     0.4567      0.4567      0.4567      0.3260
97      B         A           33           TYR           95.15           100    100     64     3.652     3.652     2.738     0.5768      0.5768      0.5768      0.4396
98      B         A           34           CYS           94.45           100    100     64     3.652     3.652     2.738     0.4734      0.4734      0.4734      0.3416
99      B         A           35           ASN           90.94           100    100     64     3.652     3.652     2.738     0.2961      0.2961      0.2961      0.1935
100     B         A           36           ALA           80.79           100    100      8     3.652     3.652     1.001     0.0738      0.1446      0.1446      0.0126
