i   AlignChn ScoredChain  AlignResNum  AlignResType  AlignRespLDDT      n0chn  n0dom  n0res    d0chn     d0dom     d0res   ipTM_pae  ipSAE_d0chn ipSAE_d0dom    ipSAE 
1       A         B            1           MET           89.30           100    100      5     3.652     3.652     1.001     0.0886      0.1474      0.1474      0.0128
2       A         B            2           LEU           97.57           100    100     36     3.652     3.652     1.621     0.5566      0.5566      0.5566      0.2110
3       A         B            3           SER           98.30           100    100     36     3.652     3.652     1.621     0.7098      0.7098      0.7098      0.3402
4       A         B            4           LYS           98.18           100    100     36     3.652     3.652     1.621     0.7386      0.7386      0.7386      0.3772
5       A         B            5           GLU           98.32           100    100     36     3.652     3.652     1.621     0.7016      0.7016      0.7016      0.3329
6       A         B            6           GLU           98.64           100    100     36     3.652     3.652     1.621     0.7438      0.7438      0.7438      0.3862
7       A         B            7           GLN           98.81           100    100     36     3.652     3.652     1.621     0.8149      0.8149      0.8149      0.4930
8       A         B            8           ARG           98.64           100    100     36     3.652     3.652     1.621     0.8068      0.8068      0.8068      0.4782
9       A         B            9           LYS           98.74           100    100     36     3.652     3.652     1.621     0.7482      0.7482      0.7482      0.3888
10      A         B           10           TRP           98.72           100    100     36     3.652     3.652     1.621     0.8022      0.8022      0.8022      0.4681
11      A         B           11           ILE           98.83           100    100     36     3.652     3.652     1.621     0.8104      0.8104      0.8104      0.4829
12      A         B           12           GLU           98.41           100    100     36     3.652     3.652     1.621     0.7565      0.7565      0.7565      0.4021
13      A         B           13           GLU           98.37           100    100     36     3.652     3.652     1.621     0.7006      0.7006      0.7006      0.3317
14      A         B           14           ASN           98.63           100    100     36     3.652     3.652     1.621     0.7707      0.7707      0.7707      0.4190
15      A         B           15           LYS           97.93           100    100     36     3.652     3.652     1.621     0.7366      0.7366      0.7366      0.3690
16      A         B           16           GLU           97.57           100    100     36     3.652     3.652     1.621     0.6821      0.6821      0.6821      0.3120
17      A         B           17           LYS           98.07           100    100     36     3.652     3.652     1.621     0.7765      0.7765      0.7765      0.4332
18      A         B           18           VAL           98.65           100    100     36     3.652     3.652     1.621     0.8375      0.8375      0.8375      0.5330
19      A         B           19           MET           97.30           100    100     36     3.652     3.652     1.621     0.7779      0.7779      0.7779      0.4267
20      A         B           20           LYS           96.99           100    100     36     3.652     3.652     1.621     0.7380      0.7380      0.7380      0.3768
21      A         B           21           VAL           97.54           100    100     36     3.652     3.652     1.621     0.8048      0.8048      0.8048      0.4732
22      A         B           22           VAL           97.72           100    100     36     3.652     3.652     1.621     0.8071      0.8071      0.8071      0.4727
23      A         B           23           LEU           95.75           100    100     36     3.652     3.652     1.621     0.7297      0.7297      0.7297      0.3667
24      A         B           24           SER           95.18           100    100     36     3.652     3.652     1.621     0.5823      0.5823      0.5823      0.2259
25      A         B           25           SER           94.16           100    100     36     3.652     3.652     1.621     0.5790      0.5790      0.5790      0.2243
26      A         B           26           GLU           92.64           100    100     36     3.652     3.652     1.621     0.4476      0.4476      0.4476      0.1434
27      A         B           27           HIS           90.17           100    100     36     3.652     3.652     1.621     0.5106      0.5106      0.5106      0.1779
28      A         B           28           ALA           93.94           100    100     36     3.652     3.652     1.621     0.5604      0.5604      0.5604      0.2086
29      A         B           29           GLU           91.60           100    100     36     3.652     3.652     1.621     0.5951      0.5951      0.5951      0.2301
30      A         B           30           TRP           93.84           100    100     36     3.652     3.652     1.621     0.6608      0.6608      0.6608      0.2837
31      A         B           31           TYR           95.41           100    100     36     3.652     3.652     1.621     0.7104      0.7104      0.7104      0.3374
32      A         B           32           ALA           91.20           100    100     36     3.652     3.652     1.621     0.5665      0.5665      0.5665      0.2192
33      A         B           33           GLY           89.99           100    100     36     3.652     3.652     1.621     0.4418      0.4418      0.4418      0.1417
34      A         B           34           MET           93.43           100    100     36     3.652     3.652     1.621     0.6375      0.6375      0.6375      0.2664
35      A         B           35           SER           94.88           100    100     36     3.652     3.652     1.621     0.7241      0.7241      0.7241      0.3530
36      A         B           36           TRP           97.52           100    100     36     3.652     3.652     1.621     0.8133      0.8133      0.8133      0.4825
37      A         B           37           GLU           96.77           100    100     36     3.652     3.652     1.621     0.7932      0.7932      0.7932      0.4496
38      A         B           38           GLU           95.86           100    100     36     3.652     3.652     1.621     0.8213      0.8213      0.8213      0.4987
39      A         B           39           LEU           97.38           100    100     36     3.652     3.652     1.621     0.8458      0.8458      0.8458      0.5445
40      A         B           40           LYS           97.93           100    100     36     3.652     3.652     1.621     0.8359      0.8359      0.8359      0.5262
41      A         B           41           LYS           97.53           100    100     36     3.652     3.652     1.621     0.8482      0.8482      0.8482      0.5566
42      A         B           42           ILE           98.11           100    100     36     3.652     3.652     1.621     0.8822      0.8822      0.8822      0.6253
43      A         B           43           PHE           98.82           100    100     36     3.652     3.652     1.621     0.8892      0.8892      0.8892      0.6487
44      A         B           44           ASP           98.67           100    100     36     3.652     3.652     1.621     0.8690      0.8690      0.8690      0.6015
45      A         B           45           TYR           98.59           100    100     36     3.652     3.652     1.621     0.8753      0.8753      0.8753      0.6145
46      A         B           46           VAL           98.77           100    100     36     3.652     3.652     1.621     0.8853      0.8853      0.8853      0.6404
47      A         B           47           ILE           98.80           100    100     36     3.652     3.652     1.621     0.8789      0.8789      0.8789      0.6228
48      A         B           48           GLU           98.39           100    100     36     3.652     3.652     1.621     0.8301      0.8301      0.8301      0.5246
49      A         B           49           ASN           97.85           100    100     36     3.652     3.652     1.621     0.8363      0.8363      0.8363      0.5368
50      A         B           50           TYR           98.39           100    100     36     3.652     3.652     1.621     0.8517      0.8517      0.8517      0.5683
51      A         B           51           PRO           98.19           100    100     36     3.652     3.652     1.621     0.8081      0.8081      0.8081      0.4894
52      A         B           52           GLU           98.03           100    100     36     3.652     3.652     1.621     0.7829      0.7829      0.7829      0.4555
53      A         B           53           SER           97.24           100    100     36     3.652     3.652     1.621     0.8181      0.8181      0.8181      0.5048
54      A         B           54           MET           98.67           100    100     36     3.652     3.652     1.621     0.8515      0.8515      0.8515      0.5715
55      A         B           55           GLN           98.26           100    100     36     3.652     3.652     1.621     0.8257      0.8257      0.8257      0.5215
56      A         B           56           ARG           97.71           100    100     36     3.652     3.652     1.621     0.8011      0.8011      0.8011      0.4731
57      A         B           57           PHE           98.45           100    100     36     3.652     3.652     1.621     0.8626      0.8626      0.8626      0.5949
58      A         B           58           LEU           98.69           100    100     36     3.652     3.652     1.621     0.8398      0.8398      0.8398      0.5520
59      A         B           59           GLU           97.86           100    100     36     3.652     3.652     1.621     0.7734      0.7734      0.7734      0.4376
60      A         B           60           MET           96.88           100    100     36     3.652     3.652     1.621     0.7628      0.7628      0.7628      0.4159
61      A         B           61           VAL           98.41           100    100     36     3.652     3.652     1.621     0.7830      0.7830      0.7830      0.4494
62      A         B           62           GLU           97.20           100    100     36     3.652     3.652     1.621     0.6977      0.6977      0.6977      0.3382
63      A         B           63           LYS           94.52           100    100     36     3.652     3.652     1.621     0.3485      0.3485      0.3485      0.1015
64      A         B           64           GLU           82.09           100    100      3     3.652     3.652     1.001     0.0805      0.1356      0.1356      0.0116
65      B         A            1           CYS           91.34           100    100     64     3.652     3.652     2.738     0.3013      0.3013      0.3013      0.1978
66      B         A            2           SER           88.76           100    100     64     3.652     3.652     2.738     0.3303      0.3303      0.3303      0.2211
67      B         A            3           GLN           90.69           100    100     64     3.652     3.652     2.738     0.2574      0.2574      0.2574      0.1650
68      B         A            4           ASN           93.49           100    100     64     3.652     3.652     2.738     0.5357      0.5357      0.5357      0.3997
69      B         A            5           GLU           96.72           100    100     64     3.652     3.652     2.738     0.7432      0.7432      0.7432      0.6235
70      B         A            6           TYR           95.70           100    100     64     3.652     3.652     2.738     0.8356      0.8356      0.8356      0.7435
71      B         A            7           PHE           96.16           100    100     64     3.652     3.652     2.738     0.8743      0.8743      0.8743      0.7985
72      B         A            8           ASP           97.10           100    100     64     3.652     3.652     2.738     0.8814      0.8814      0.8814      0.8089
73      B         A            9           SER           94.14           100    100     64     3.652     3.652     2.738     0.8049      0.8049      0.8049      0.7028
74      B         A           10           LEU           96.64           100    100     64     3.652     3.652     2.738     0.8987      0.8987      0.8987      0.8345
75      B         A           11           LEU           97.90           100    100     64     3.652     3.652     2.738     0.9074      0.9074      0.9074      0.8481
76      B         A           12           HIS           97.42           100    100     64     3.652     3.652     2.738     0.8865      0.8865      0.8865      0.8167
77      B         A           13           ALA           97.87           100    100     64     3.652     3.652     2.738     0.8447      0.8447      0.8447      0.7567
78      B         A           14           CYS           97.69           100    100     64     3.652     3.652     2.738     0.8451      0.8451      0.8451      0.7574
79      B         A           15           ILE           97.58           100    100     64     3.652     3.652     2.738     0.8495      0.8495      0.8495      0.7633
80      B         A           16           PRO           97.27           100    100     64     3.652     3.652     2.738     0.8172      0.8172      0.8172      0.7196
81      B         A           17           CYS           97.06           100    100     64     3.652     3.652     2.738     0.7690      0.7690      0.7690      0.6579
82      B         A           18           GLN           95.61           100    100     64     3.652     3.652     2.738     0.6810      0.6810      0.6810      0.5539
83      B         A           19           LEU           97.16           100    100     64     3.652     3.652     2.738     0.7866      0.7866      0.7866      0.6796
84      B         A           20           ARG           95.68           100    100     64     3.652     3.652     2.738     0.6338      0.6338      0.6338      0.5023
85      B         A           21           CYS           93.14           100    100     64     3.652     3.652     2.738     0.4862      0.4862      0.4862      0.3566
86      B         A           22           SER           86.41           100    100     64     3.652     3.652     2.738     0.3000      0.3000      0.3000      0.2001
87      B         A           23           SER           87.97           100    100     64     3.652     3.652     2.738     0.2800      0.2800      0.2800      0.1858
88      B         A           24           ASN           84.36           100    100     63     3.652     3.652     2.706     0.2647      0.2671      0.2671      0.1724
89      B         A           25           THR           87.32           100    100     64     3.652     3.652     2.738     0.3356      0.3356      0.3356      0.2286
90      B         A           26           PRO           90.59           100    100     64     3.652     3.652     2.738     0.4663      0.4663      0.4663      0.3378
91      B         A           27           PRO           92.94           100    100     64     3.652     3.652     2.738     0.5929      0.5929      0.5929      0.4572
92      B         A           28           LEU           90.10           100    100     64     3.652     3.652     2.738     0.5502      0.5502      0.5502      0.4132
93      B         A           29           THR           89.92           100    100     64     3.652     3.652     2.738     0.5080      0.5080      0.5080      0.3729
94      B         A           30           CYS           95.25           100    100     64     3.652     3.652     2.738     0.6017      0.6017      0.6017      0.4654
95      B         A           31           GLN           92.47           100    100     64     3.652     3.652     2.738     0.5347      0.5347      0.5347      0.3977
96      B         A           32           ARG           90.93           100    100     64     3.652     3.652     2.738     0.3785      0.3785      0.3785      0.2591
97      B         A           33           TYR           94.10           100    100     64     3.652     3.652     2.738     0.4749      0.4749      0.4749      0.3422
98      B         A           34           CYS           93.90           100    100     64     3.652     3.652     2.738     0.3841      0.3841      0.3841      0.2639
99      B         A           35           ASN           89.07           100    100     63     3.652     3.652     2.706     0.2159      0.2175      0.2175      0.1339
100     B         A           36           ALA           80.26           100    100      3     3.652     3.652     1.001     0.0606      0.1321      0.1321      0.0113
