i   AlignChn ScoredChain  AlignResNum  AlignResType  AlignRespLDDT      n0chn  n0dom  n0res    d0chn     d0dom     d0res   ipTM_pae  ipSAE_d0chn ipSAE_d0dom    ipSAE 
1       A         B            1           SER           93.87            90     90     36     3.429     3.429     1.621     0.3564      0.3564      0.3564      0.1205
2       A         B            2           ALA           95.06            90     90     36     3.429     3.429     1.621     0.7526      0.7526      0.7526      0.4347
3       A         B            3           ALA           96.06            90     90     36     3.429     3.429     1.621     0.7688      0.7688      0.7688      0.4556
4       A         B            4           ASP           96.87            90     90     36     3.429     3.429     1.621     0.8001      0.8001      0.8001      0.4994
5       A         B            5           LYS           95.89            90     90     36     3.429     3.429     1.621     0.8910      0.8910      0.8910      0.6649
6       A         B            6           LEU           96.58            90     90     36     3.429     3.429     1.621     0.9126      0.9126      0.9126      0.7158
7       A         B            7           ALA           96.85            90     90     36     3.429     3.429     1.621     0.8940      0.8940      0.8940      0.6721
8       A         B            8           LEU           97.61            90     90     36     3.429     3.429     1.621     0.9239      0.9239      0.9239      0.7438
9       A         B            9           LEU           98.18            90     90     36     3.429     3.429     1.621     0.9498      0.9498      0.9498      0.8171
10      A         B           10           GLY           98.40            90     90     36     3.429     3.429     1.621     0.9294      0.9294      0.9294      0.7600
11      A         B           11           LYS           97.58            90     90     36     3.429     3.429     1.621     0.9335      0.9335      0.9335      0.7702
12      A         B           12           GLU           98.19            90     90     36     3.429     3.429     1.621     0.9508      0.9508      0.9508      0.8198
13      A         B           13           ALA           98.69            90     90     36     3.429     3.429     1.621     0.9619      0.9619      0.9619      0.8554
14      A         B           14           GLN           96.85            90     90     36     3.429     3.429     1.621     0.9443      0.9443      0.9443      0.8017
15      A         B           15           GLN           97.49            90     90     36     3.429     3.429     1.621     0.9477      0.9477      0.9477      0.8103
16      A         B           16           ILE           98.28            90     90     36     3.429     3.429     1.621     0.9548      0.9548      0.9548      0.8315
17      A         B           17           THR           98.31            90     90     36     3.429     3.429     1.621     0.9538      0.9538      0.9538      0.8282
18      A         B           18           GLN           96.33            90     90     36     3.429     3.429     1.621     0.9402      0.9402      0.9402      0.7893
19      A         B           19           ASP           97.44            90     90     36     3.429     3.429     1.621     0.9386      0.9386      0.9386      0.7821
20      A         B           20           ALA           98.20            90     90     36     3.429     3.429     1.621     0.9342      0.9342      0.9342      0.7676
21      A         B           21           LEU           97.69            90     90     36     3.429     3.429     1.621     0.9386      0.9386      0.9386      0.7795
22      A         B           22           GLN           97.42            90     90     36     3.429     3.429     1.621     0.9221      0.9221      0.9221      0.7344
23      A         B           23           ASN           98.16            90     90     36     3.429     3.429     1.621     0.9007      0.9007      0.9007      0.6773
24      A         B           24           PRO           97.77            90     90     36     3.429     3.429     1.621     0.8568      0.8568      0.8568      0.5827
25      A         B           25           ALA           98.08            90     90     36     3.429     3.429     1.621     0.8665      0.8665      0.8665      0.6024
26      A         B           26           GLU           98.04            90     90     36     3.429     3.429     1.621     0.9479      0.9479      0.9479      0.8073
27      A         B           27           PHE           98.42            90     90     36     3.429     3.429     1.621     0.9542      0.9542      0.9542      0.8270
28      A         B           28           ALA           97.94            90     90     36     3.429     3.429     1.621     0.9381      0.9381      0.9381      0.7776
29      A         B           29           ARG           98.10            90     90     36     3.429     3.429     1.621     0.9550      0.9550      0.9550      0.8305
30      A         B           30           VAL           98.69            90     90     36     3.429     3.429     1.621     0.9709      0.9709      0.9709      0.8848
31      A         B           31           SER           98.25            90     90     36     3.429     3.429     1.621     0.9623      0.9623      0.9623      0.8546
32      A         B           32           ASN           97.64            90     90     36     3.429     3.429     1.621     0.9538      0.9538      0.9538      0.8264
33      A         B           33           MET           98.41            90     90     36     3.429     3.429     1.621     0.9636      0.9636      0.9636      0.8603
34      A         B           34           LEU           98.48            90     90     36     3.429     3.429     1.621     0.9704      0.9704      0.9704      0.8828
35      A         B           35           ASN           97.35            90     90     36     3.429     3.429     1.621     0.9546      0.9546      0.9546      0.8301
36      A         B           36           THR           96.18            90     90     36     3.429     3.429     1.621     0.9397      0.9397      0.9397      0.7835
37      A         B           37           ASN           94.08            90     90     36     3.429     3.429     1.621     0.9249      0.9249      0.9249      0.7411
38      A         B           38           GLU           96.82            90     90     36     3.429     3.429     1.621     0.9036      0.9036      0.9036      0.6871
39      A         B           39           GLY           97.83            90     90     36     3.429     3.429     1.621     0.9361      0.9361      0.9361      0.7750
40      A         B           40           ARG           97.47            90     90     36     3.429     3.429     1.621     0.9547      0.9547      0.9547      0.8299
41      A         B           41           GLN           98.06            90     90     36     3.429     3.429     1.621     0.9545      0.9545      0.9545      0.8291
42      A         B           42           GLN           98.34            90     90     36     3.429     3.429     1.621     0.9434      0.9434      0.9434      0.7951
43      A         B           43           LEU           98.66            90     90     36     3.429     3.429     1.621     0.9601      0.9601      0.9601      0.8483
44      A         B           44           LEU           98.57            90     90     36     3.429     3.429     1.621     0.9628      0.9628      0.9628      0.8572
45      A         B           45           GLN           98.59            90     90     36     3.429     3.429     1.621     0.9484      0.9484      0.9484      0.8109
46      A         B           46           GLU           98.25            90     90     36     3.429     3.429     1.621     0.9499      0.9499      0.9499      0.8153
47      A         B           47           VAL           98.65            90     90     36     3.429     3.429     1.621     0.9500      0.9500      0.9500      0.8159
48      A         B           48           GLN           98.09            90     90     36     3.429     3.429     1.621     0.9513      0.9513      0.9513      0.8197
49      A         B           49           ALA           98.33            90     90     36     3.429     3.429     1.621     0.9126      0.9126      0.9126      0.7117
50      A         B           50           ARG           97.14            90     90     36     3.429     3.429     1.621     0.9155      0.9155      0.9155      0.7175
51      A         B           51           ILE           97.50            90     90     36     3.429     3.429     1.621     0.9072      0.9072      0.9072      0.6960
52      A         B           52           LYS           96.30            90     90     36     3.429     3.429     1.621     0.8626      0.8626      0.8626      0.5989
53      A         B           53           ALA           94.22            90     90     36     3.429     3.429     1.621     0.7023      0.7023      0.7023      0.3641
54      A         B           54           SER           84.95            90     90     36     3.429     3.429     1.621     0.2464      0.2464      0.2464      0.0700
55      B         A            1           CYS           94.95            90     90     54     3.429     3.429     2.405     0.6339      0.6339      0.6339      0.4668
56      B         A            2           SER           90.87            90     90     54     3.429     3.429     2.405     0.7044      0.7044      0.7044      0.5470
57      B         A            3           GLN           93.67            90     90     54     3.429     3.429     2.405     0.6284      0.6284      0.6284      0.4619
58      B         A            4           ASN           95.49            90     90     54     3.429     3.429     2.405     0.8423      0.8423      0.8423      0.7306
59      B         A            5           GLU           97.56            90     90     54     3.429     3.429     2.405     0.9227      0.9227      0.9227      0.8563
60      B         A            6           TYR           97.55            90     90     54     3.429     3.429     2.405     0.9496      0.9496      0.9496      0.9034
61      B         A            7           PHE           97.51            90     90     54     3.429     3.429     2.405     0.9583      0.9583      0.9583      0.9194
62      B         A            8           ASP           98.23            90     90     54     3.429     3.429     2.405     0.9653      0.9653      0.9653      0.9326
63      B         A            9           SER           96.04            90     90     54     3.429     3.429     2.405     0.9273      0.9273      0.9273      0.8646
64      B         A           10           LEU           97.67            90     90     54     3.429     3.429     2.405     0.9666      0.9666      0.9666      0.9351
65      B         A           11           LEU           98.51            90     90     54     3.429     3.429     2.405     0.9704      0.9704      0.9704      0.9422
66      B         A           12           HIS           97.76            90     90     54     3.429     3.429     2.405     0.9613      0.9613      0.9613      0.9253
67      B         A           13           ALA           98.26            90     90     54     3.429     3.429     2.405     0.9474      0.9474      0.9474      0.8997
68      B         A           14           CYS           97.89            90     90     54     3.429     3.429     2.405     0.9560      0.9560      0.9560      0.9152
69      B         A           15           ILE           98.41            90     90     54     3.429     3.429     2.405     0.9613      0.9613      0.9613      0.9250
70      B         A           16           PRO           97.68            90     90     54     3.429     3.429     2.405     0.9513      0.9513      0.9513      0.9069
71      B         A           17           CYS           98.28            90     90     54     3.429     3.429     2.405     0.9413      0.9413      0.9413      0.8895
72      B         A           18           GLN           96.88            90     90     54     3.429     3.429     2.405     0.9249      0.9249      0.9249      0.8625
73      B         A           19           LEU           98.46            90     90     54     3.429     3.429     2.405     0.9526      0.9526      0.9526      0.9105
74      B         A           20           ARG           97.76            90     90     54     3.429     3.429     2.405     0.9229      0.9229      0.9229      0.8594
75      B         A           21           CYS           95.83            90     90     54     3.429     3.429     2.405     0.8732      0.8732      0.8732      0.7779
76      B         A           22           SER           91.55            90     90     54     3.429     3.429     2.405     0.7602      0.7602      0.7602      0.6252
77      B         A           23           SER           92.61            90     90     54     3.429     3.429     2.405     0.7444      0.7444      0.7444      0.6064
78      B         A           24           ASN           87.70            90     90     54     3.429     3.429     2.405     0.6642      0.6642      0.6642      0.5119
79      B         A           25           THR           89.58            90     90     54     3.429     3.429     2.405     0.7148      0.7148      0.7148      0.5627
80      B         A           26           PRO           94.72            90     90     54     3.429     3.429     2.405     0.8013      0.8013      0.8013      0.6722
81      B         A           27           PRO           96.27            90     90     54     3.429     3.429     2.405     0.8677      0.8677      0.8677      0.7689
82      B         A           28           LEU           93.28            90     90     54     3.429     3.429     2.405     0.8386      0.8386      0.8386      0.7241
83      B         A           29           THR           92.78            90     90     54     3.429     3.429     2.405     0.8199      0.8199      0.8199      0.6969
84      B         A           30           CYS           97.56            90     90     54     3.429     3.429     2.405     0.8786      0.8786      0.8786      0.7841
85      B         A           31           GLN           95.81            90     90     54     3.429     3.429     2.405     0.8398      0.8398      0.8398      0.7242
86      B         A           32           ARG           93.96            90     90     54     3.429     3.429     2.405     0.7247      0.7247      0.7247      0.5705
87      B         A           33           TYR           96.58            90     90     54     3.429     3.429     2.405     0.8405      0.8405      0.8405      0.7273
88      B         A           34           CYS           96.83            90     90     54     3.429     3.429     2.405     0.7842      0.7842      0.7842      0.6499
89      B         A           35           ASN           92.45            90     90     54     3.429     3.429     2.405     0.6134      0.6134      0.6134      0.4453
90      B         A           36           ALA           86.87            90     90     46     3.429     3.429     2.095     0.1724      0.1857      0.1857      0.0797
