i   AlignChn ScoredChain  AlignResNum  AlignResType  AlignRespLDDT      n0chn  n0dom  n0res    d0chn     d0dom     d0res   ipTM_pae  ipSAE_d0chn ipSAE_d0dom    ipSAE 
1       A         B            1           SER           93.61            90     90     36     3.429     3.429     1.621     0.3028      0.3028      0.3028      0.0962
2       A         B            2           ALA           94.87            90     90     36     3.429     3.429     1.621     0.7326      0.7326      0.7326      0.4098
3       A         B            3           ALA           96.36            90     90     36     3.429     3.429     1.621     0.7461      0.7461      0.7461      0.4266
4       A         B            4           ASP           96.40            90     90     36     3.429     3.429     1.621     0.7798      0.7798      0.7798      0.4707
5       A         B            5           LYS           95.41            90     90     36     3.429     3.429     1.621     0.8719      0.8719      0.8719      0.6256
6       A         B            6           LEU           96.60            90     90     36     3.429     3.429     1.621     0.9023      0.9023      0.9023      0.6912
7       A         B            7           ALA           97.07            90     90     36     3.429     3.429     1.621     0.8862      0.8862      0.8862      0.6552
8       A         B            8           LEU           97.46            90     90     36     3.429     3.429     1.621     0.9177      0.9177      0.9177      0.7282
9       A         B            9           LEU           98.16            90     90     36     3.429     3.429     1.621     0.9463      0.9463      0.9463      0.8071
10      A         B           10           GLY           98.54            90     90     36     3.429     3.429     1.621     0.9288      0.9288      0.9288      0.7591
11      A         B           11           LYS           97.80            90     90     36     3.429     3.429     1.621     0.9308      0.9308      0.9308      0.7636
12      A         B           12           GLU           98.26            90     90     36     3.429     3.429     1.621     0.9470      0.9470      0.9470      0.8089
13      A         B           13           ALA           98.75            90     90     36     3.429     3.429     1.621     0.9621      0.9621      0.9621      0.8563
14      A         B           14           GLN           97.51            90     90     36     3.429     3.429     1.621     0.9449      0.9449      0.9449      0.8034
15      A         B           15           GLN           97.75            90     90     36     3.429     3.429     1.621     0.9460      0.9460      0.9460      0.8055
16      A         B           16           ILE           98.42            90     90     36     3.429     3.429     1.621     0.9547      0.9547      0.9547      0.8312
17      A         B           17           THR           98.51            90     90     36     3.429     3.429     1.621     0.9532      0.9532      0.9532      0.8262
18      A         B           18           GLN           96.60            90     90     36     3.429     3.429     1.621     0.9361      0.9361      0.9361      0.7776
19      A         B           19           ASP           97.55            90     90     36     3.429     3.429     1.621     0.9334      0.9334      0.9334      0.7679
20      A         B           20           ALA           98.33            90     90     36     3.429     3.429     1.621     0.9308      0.9308      0.9308      0.7582
21      A         B           21           LEU           97.92            90     90     36     3.429     3.429     1.621     0.9333      0.9333      0.9333      0.7645
22      A         B           22           GLN           97.42            90     90     36     3.429     3.429     1.621     0.9149      0.9149      0.9149      0.7156
23      A         B           23           ASN           98.00            90     90     36     3.429     3.429     1.621     0.8862      0.8862      0.8862      0.6439
24      A         B           24           PRO           97.74            90     90     36     3.429     3.429     1.621     0.8480      0.8480      0.8480      0.5659
25      A         B           25           ALA           98.15            90     90     36     3.429     3.429     1.621     0.8653      0.8653      0.8653      0.6000
26      A         B           26           GLU           98.22            90     90     36     3.429     3.429     1.621     0.9453      0.9453      0.9453      0.7994
27      A         B           27           PHE           98.53            90     90     36     3.429     3.429     1.621     0.9521      0.9521      0.9521      0.8200
28      A         B           28           ALA           97.85            90     90     36     3.429     3.429     1.621     0.9301      0.9301      0.9301      0.7549
29      A         B           29           ARG           98.18            90     90     36     3.429     3.429     1.621     0.9527      0.9527      0.9527      0.8232
30      A         B           30           VAL           98.78            90     90     36     3.429     3.429     1.621     0.9702      0.9702      0.9702      0.8825
31      A         B           31           SER           98.34            90     90     36     3.429     3.429     1.621     0.9598      0.9598      0.9598      0.8461
32      A         B           32           ASN           97.60            90     90     36     3.429     3.429     1.621     0.9493      0.9493      0.9493      0.8120
33      A         B           33           MET           98.42            90     90     36     3.429     3.429     1.621     0.9586      0.9586      0.9586      0.8436
34      A         B           34           LEU           98.52            90     90     36     3.429     3.429     1.621     0.9665      0.9665      0.9665      0.8693
35      A         B           35           ASN           97.24            90     90     36     3.429     3.429     1.621     0.9441      0.9441      0.9441      0.7974
36      A         B           36           THR           95.96            90     90     36     3.429     3.429     1.621     0.9304      0.9304      0.9304      0.7570
37      A         B           37           ASN           93.80            90     90     36     3.429     3.429     1.621     0.9088      0.9088      0.9088      0.6989
38      A         B           38           GLU           96.83            90     90     36     3.429     3.429     1.621     0.8847      0.8847      0.8847      0.6427
39      A         B           39           GLY           97.74            90     90     36     3.429     3.429     1.621     0.9210      0.9210      0.9210      0.7335
40      A         B           40           ARG           97.06            90     90     36     3.429     3.429     1.621     0.9381      0.9381      0.9381      0.7792
41      A         B           41           GLN           97.58            90     90     36     3.429     3.429     1.621     0.9396      0.9396      0.9396      0.7831
42      A         B           42           GLN           98.26            90     90     36     3.429     3.429     1.621     0.9312      0.9312      0.9312      0.7595
43      A         B           43           LEU           98.69            90     90     36     3.429     3.429     1.621     0.9525      0.9525      0.9525      0.8239
44      A         B           44           LEU           98.57            90     90     36     3.429     3.429     1.621     0.9562      0.9562      0.9562      0.8356
45      A         B           45           GLN           98.60            90     90     36     3.429     3.429     1.621     0.9408      0.9408      0.9408      0.7880
46      A         B           46           GLU           98.38            90     90     36     3.429     3.429     1.621     0.9445      0.9445      0.9445      0.7987
47      A         B           47           VAL           98.68            90     90     36     3.429     3.429     1.621     0.9437      0.9437      0.9437      0.7969
48      A         B           48           GLN           97.94            90     90     36     3.429     3.429     1.621     0.9444      0.9444      0.9444      0.7986
49      A         B           49           ALA           98.44            90     90     36     3.429     3.429     1.621     0.9049      0.9049      0.9049      0.6929
50      A         B           50           ARG           97.49            90     90     36     3.429     3.429     1.621     0.9039      0.9039      0.9039      0.6890
51      A         B           51           ILE           97.44            90     90     36     3.429     3.429     1.621     0.8960      0.8960      0.8960      0.6692
52      A         B           52           LYS           96.05            90     90     36     3.429     3.429     1.621     0.8425      0.8425      0.8425      0.5611
53      A         B           53           ALA           95.15            90     90     36     3.429     3.429     1.621     0.6691      0.6691      0.6691      0.3302
54      A         B           54           SER           83.56            90     90     36     3.429     3.429     1.621     0.2017      0.2017      0.2017      0.0547
55      B         A            1           CYS           95.57            90     90     54     3.429     3.429     2.405     0.6010      0.6010      0.6010      0.4326
56      B         A            2           SER           90.14            90     90     54     3.429     3.429     2.405     0.6542      0.6542      0.6542      0.4910
57      B         A            3           GLN           93.62            90     90     54     3.429     3.429     2.405     0.5825      0.5825      0.5825      0.4151
58      B         A            4           ASN           95.74            90     90     54     3.429     3.429     2.405     0.8242      0.8242      0.8242      0.7049
59      B         A            5           GLU           97.77            90     90     54     3.429     3.429     2.405     0.9153      0.9153      0.9153      0.8439
60      B         A            6           TYR           97.71            90     90     54     3.429     3.429     2.405     0.9459      0.9459      0.9459      0.8968
61      B         A            7           PHE           97.76            90     90     54     3.429     3.429     2.405     0.9547      0.9547      0.9547      0.9128
62      B         A            8           ASP           98.22            90     90     54     3.429     3.429     2.405     0.9619      0.9619      0.9619      0.9262
63      B         A            9           SER           96.11            90     90     54     3.429     3.429     2.405     0.9095      0.9095      0.9095      0.8342
64      B         A           10           LEU           97.55            90     90     54     3.429     3.429     2.405     0.9616      0.9616      0.9616      0.9257
65      B         A           11           LEU           98.49            90     90     54     3.429     3.429     2.405     0.9670      0.9670      0.9670      0.9358
66      B         A           12           HIS           98.04            90     90     54     3.429     3.429     2.405     0.9587      0.9587      0.9587      0.9205
67      B         A           13           ALA           98.38            90     90     54     3.429     3.429     2.405     0.9438      0.9438      0.9438      0.8933
68      B         A           14           CYS           98.09            90     90     54     3.429     3.429     2.405     0.9531      0.9531      0.9531      0.9100
69      B         A           15           ILE           98.52            90     90     54     3.429     3.429     2.405     0.9592      0.9592      0.9592      0.9213
70      B         A           16           PRO           98.05            90     90     54     3.429     3.429     2.405     0.9512      0.9512      0.9512      0.9068
71      B         A           17           CYS           98.37            90     90     54     3.429     3.429     2.405     0.9399      0.9399      0.9399      0.8872
72      B         A           18           GLN           97.56            90     90     54     3.429     3.429     2.405     0.9287      0.9287      0.9287      0.8692
73      B         A           19           LEU           98.61            90     90     54     3.429     3.429     2.405     0.9514      0.9514      0.9514      0.9085
74      B         A           20           ARG           97.70            90     90     54     3.429     3.429     2.405     0.9136      0.9136      0.9136      0.8445
75      B         A           21           CYS           95.91            90     90     54     3.429     3.429     2.405     0.8639      0.8639      0.8639      0.7641
76      B         A           22           SER           91.72            90     90     54     3.429     3.429     2.405     0.7299      0.7299      0.7299      0.5878
77      B         A           23           SER           91.89            90     90     54     3.429     3.429     2.405     0.6814      0.6814      0.6814      0.5326
78      B         A           24           ASN           87.61            90     90     54     3.429     3.429     2.405     0.5880      0.5880      0.5880      0.4316
79      B         A           25           THR           89.61            90     90     54     3.429     3.429     2.405     0.6559      0.6559      0.6559      0.4947
80      B         A           26           PRO           95.11            90     90     54     3.429     3.429     2.405     0.7742      0.7742      0.7742      0.6359
81      B         A           27           PRO           96.26            90     90     54     3.429     3.429     2.405     0.8553      0.8553      0.8553      0.7500
82      B         A           28           LEU           94.20            90     90     54     3.429     3.429     2.405     0.8108      0.8108      0.8108      0.6844
83      B         A           29           THR           93.13            90     90     54     3.429     3.429     2.405     0.8065      0.8065      0.8065      0.6786
84      B         A           30           CYS           97.73            90     90     54     3.429     3.429     2.405     0.8764      0.8764      0.8764      0.7809
85      B         A           31           GLN           96.20            90     90     54     3.429     3.429     2.405     0.8340      0.8340      0.8340      0.7157
86      B         A           32           ARG           94.14            90     90     54     3.429     3.429     2.405     0.7096      0.7096      0.7096      0.5529
87      B         A           33           TYR           96.80            90     90     54     3.429     3.429     2.405     0.8339      0.8339      0.8339      0.7182
88      B         A           34           CYS           96.95            90     90     54     3.429     3.429     2.405     0.7893      0.7893      0.7893      0.6567
89      B         A           35           ASN           93.72            90     90     54     3.429     3.429     2.405     0.6334      0.6334      0.6334      0.4664
90      B         A           36           ALA           86.98            90     90     46     3.429     3.429     2.095     0.1769      0.1912      0.1912      0.0825
