i   AlignChn ScoredChain  AlignResNum  AlignResType  AlignRespLDDT      n0chn  n0dom  n0res    d0chn     d0dom     d0res   ipTM_pae  ipSAE_d0chn ipSAE_d0dom    ipSAE 
1       A         B            1           SER           94.20            90     90     36     3.429     3.429     1.621     0.3591      0.3591      0.3591      0.1220
2       A         B            2           ALA           95.23            90     90     36     3.429     3.429     1.621     0.7526      0.7526      0.7526      0.4370
3       A         B            3           ALA           96.47            90     90     36     3.429     3.429     1.621     0.7667      0.7667      0.7667      0.4552
4       A         B            4           ASP           96.99            90     90     36     3.429     3.429     1.621     0.7987      0.7987      0.7987      0.4991
5       A         B            5           LYS           95.93            90     90     36     3.429     3.429     1.621     0.8883      0.8883      0.8883      0.6607
6       A         B            6           LEU           96.76            90     90     36     3.429     3.429     1.621     0.9108      0.9108      0.9108      0.7141
7       A         B            7           ALA           97.17            90     90     36     3.429     3.429     1.621     0.8909      0.8909      0.8909      0.6673
8       A         B            8           LEU           97.74            90     90     36     3.429     3.429     1.621     0.9225      0.9225      0.9225      0.7421
9       A         B            9           LEU           98.31            90     90     36     3.429     3.429     1.621     0.9499      0.9499      0.9499      0.8197
10      A         B           10           GLY           98.58            90     90     36     3.429     3.429     1.621     0.9321      0.9321      0.9321      0.7696
11      A         B           11           LYS           97.70            90     90     36     3.429     3.429     1.621     0.9331      0.9331      0.9331      0.7714
12      A         B           12           GLU           98.27            90     90     36     3.429     3.429     1.621     0.9495      0.9495      0.9495      0.8177
13      A         B           13           ALA           98.69            90     90     36     3.429     3.429     1.621     0.9612      0.9612      0.9612      0.8550
14      A         B           14           GLN           97.15            90     90     36     3.429     3.429     1.621     0.9450      0.9450      0.9450      0.8053
15      A         B           15           GLN           97.31            90     90     36     3.429     3.429     1.621     0.9452      0.9452      0.9452      0.8043
16      A         B           16           ILE           98.23            90     90     36     3.429     3.429     1.621     0.9531      0.9531      0.9531      0.8279
17      A         B           17           THR           98.39            90     90     36     3.429     3.429     1.621     0.9529      0.9529      0.9529      0.8270
18      A         B           18           GLN           96.34            90     90     36     3.429     3.429     1.621     0.9371      0.9371      0.9371      0.7822
19      A         B           19           ASP           97.03            90     90     36     3.429     3.429     1.621     0.9332      0.9332      0.9332      0.7684
20      A         B           20           ALA           98.11            90     90     36     3.429     3.429     1.621     0.9264      0.9264      0.9264      0.7478
21      A         B           21           LEU           97.76            90     90     36     3.429     3.429     1.621     0.9328      0.9328      0.9328      0.7641
22      A         B           22           GLN           97.37            90     90     36     3.429     3.429     1.621     0.9168      0.9168      0.9168      0.7218
23      A         B           23           ASN           97.87            90     90     36     3.429     3.429     1.621     0.8937      0.8937      0.8937      0.6616
24      A         B           24           PRO           97.57            90     90     36     3.429     3.429     1.621     0.8636      0.8636      0.8636      0.5967
25      A         B           25           ALA           98.17            90     90     36     3.429     3.429     1.621     0.8823      0.8823      0.8823      0.6370
26      A         B           26           GLU           98.19            90     90     36     3.429     3.429     1.621     0.9494      0.9494      0.9494      0.8135
27      A         B           27           PHE           98.45            90     90     36     3.429     3.429     1.621     0.9550      0.9550      0.9550      0.8308
28      A         B           28           ALA           97.81            90     90     36     3.429     3.429     1.621     0.9357      0.9357      0.9357      0.7716
29      A         B           29           ARG           98.17            90     90     36     3.429     3.429     1.621     0.9559      0.9559      0.9559      0.8348
30      A         B           30           VAL           98.72            90     90     36     3.429     3.429     1.621     0.9703      0.9703      0.9703      0.8850
31      A         B           31           SER           98.22            90     90     36     3.429     3.429     1.621     0.9613      0.9613      0.9613      0.8529
32      A         B           32           ASN           97.56            90     90     36     3.429     3.429     1.621     0.9526      0.9526      0.9526      0.8234
33      A         B           33           MET           98.31            90     90     36     3.429     3.429     1.621     0.9592      0.9592      0.9592      0.8476
34      A         B           34           LEU           98.34            90     90     36     3.429     3.429     1.621     0.9661      0.9661      0.9661      0.8696
35      A         B           35           ASN           96.64            90     90     36     3.429     3.429     1.621     0.9469      0.9469      0.9469      0.8076
36      A         B           36           THR           95.77            90     90     36     3.429     3.429     1.621     0.9347      0.9347      0.9347      0.7703
37      A         B           37           ASN           93.85            90     90     36     3.429     3.429     1.621     0.9196      0.9196      0.9196      0.7280
38      A         B           38           GLU           97.12            90     90     36     3.429     3.429     1.621     0.8966      0.8966      0.8966      0.6710
39      A         B           39           GLY           97.72            90     90     36     3.429     3.429     1.621     0.9251      0.9251      0.9251      0.7465
40      A         B           40           ARG           97.16            90     90     36     3.429     3.429     1.621     0.9455      0.9455      0.9455      0.8033
41      A         B           41           GLN           97.85            90     90     36     3.429     3.429     1.621     0.9469      0.9469      0.9469      0.8066
42      A         B           42           GLN           98.38            90     90     36     3.429     3.429     1.621     0.9364      0.9364      0.9364      0.7760
43      A         B           43           LEU           98.63            90     90     36     3.429     3.429     1.621     0.9551      0.9551      0.9551      0.8339
44      A         B           44           LEU           98.52            90     90     36     3.429     3.429     1.621     0.9581      0.9581      0.9581      0.8432
45      A         B           45           GLN           98.61            90     90     36     3.429     3.429     1.621     0.9431      0.9431      0.9431      0.7967
46      A         B           46           GLU           98.29            90     90     36     3.429     3.429     1.621     0.9459      0.9459      0.9459      0.8047
47      A         B           47           VAL           98.65            90     90     36     3.429     3.429     1.621     0.9452      0.9452      0.9452      0.8027
48      A         B           48           GLN           98.01            90     90     36     3.429     3.429     1.621     0.9462      0.9462      0.9462      0.8057
49      A         B           49           ALA           98.36            90     90     36     3.429     3.429     1.621     0.9023      0.9023      0.9023      0.6884
50      A         B           50           ARG           97.06            90     90     36     3.429     3.429     1.621     0.9036      0.9036      0.9036      0.6896
51      A         B           51           ILE           97.59            90     90     36     3.429     3.429     1.621     0.8938      0.8938      0.8938      0.6655
52      A         B           52           LYS           95.96            90     90     36     3.429     3.429     1.621     0.8330      0.8330      0.8330      0.5450
53      A         B           53           ALA           94.40            90     90     36     3.429     3.429     1.621     0.6781      0.6781      0.6781      0.3384
54      A         B           54           SER           84.41            90     90     36     3.429     3.429     1.621     0.2371      0.2371      0.2371      0.0667
55      B         A            1           CYS           95.07            90     90     54     3.429     3.429     2.405     0.6178      0.6178      0.6178      0.4497
56      B         A            2           SER           92.00            90     90     54     3.429     3.429     2.405     0.7230      0.7230      0.7230      0.5689
57      B         A            3           GLN           93.44            90     90     54     3.429     3.429     2.405     0.6121      0.6121      0.6121      0.4443
58      B         A            4           ASN           95.58            90     90     54     3.429     3.429     2.405     0.8333      0.8333      0.8333      0.7178
59      B         A            5           GLU           97.90            90     90     54     3.429     3.429     2.405     0.9263      0.9263      0.9263      0.8625
60      B         A            6           TYR           97.78            90     90     54     3.429     3.429     2.405     0.9512      0.9512      0.9512      0.9064
61      B         A            7           PHE           97.91            90     90     54     3.429     3.429     2.405     0.9597      0.9597      0.9597      0.9219
62      B         A            8           ASP           98.29            90     90     54     3.429     3.429     2.405     0.9657      0.9657      0.9657      0.9333
63      B         A            9           SER           96.34            90     90     54     3.429     3.429     2.405     0.9226      0.9226      0.9226      0.8564
64      B         A           10           LEU           97.68            90     90     54     3.429     3.429     2.405     0.9662      0.9662      0.9662      0.9343
65      B         A           11           LEU           98.50            90     90     54     3.429     3.429     2.405     0.9699      0.9699      0.9699      0.9413
66      B         A           12           HIS           97.98            90     90     54     3.429     3.429     2.405     0.9619      0.9619      0.9619      0.9263
67      B         A           13           ALA           98.36            90     90     54     3.429     3.429     2.405     0.9477      0.9477      0.9477      0.9002
68      B         A           14           CYS           98.06            90     90     54     3.429     3.429     2.405     0.9553      0.9553      0.9553      0.9139
69      B         A           15           ILE           98.48            90     90     54     3.429     3.429     2.405     0.9628      0.9628      0.9628      0.9279
70      B         A           16           PRO           98.00            90     90     54     3.429     3.429     2.405     0.9545      0.9545      0.9545      0.9126
71      B         A           17           CYS           98.37            90     90     54     3.429     3.429     2.405     0.9422      0.9422      0.9422      0.8911
72      B         A           18           GLN           96.58            90     90     54     3.429     3.429     2.405     0.9061      0.9061      0.9061      0.8319
73      B         A           19           LEU           98.47            90     90     54     3.429     3.429     2.405     0.9516      0.9516      0.9516      0.9086
74      B         A           20           ARG           97.40            90     90     54     3.429     3.429     2.405     0.9174      0.9174      0.9174      0.8501
75      B         A           21           CYS           95.60            90     90     54     3.429     3.429     2.405     0.8637      0.8637      0.8637      0.7633
76      B         A           22           SER           89.95            90     90     54     3.429     3.429     2.405     0.7319      0.7319      0.7319      0.5886
77      B         A           23           SER           91.45            90     90     54     3.429     3.429     2.405     0.7243      0.7243      0.7243      0.5813
78      B         A           24           ASN           87.65            90     90     54     3.429     3.429     2.405     0.6212      0.6212      0.6212      0.4643
79      B         A           25           THR           89.50            90     90     54     3.429     3.429     2.405     0.7078      0.7078      0.7078      0.5534
80      B         A           26           PRO           95.06            90     90     54     3.429     3.429     2.405     0.8077      0.8077      0.8077      0.6807
81      B         A           27           PRO           96.24            90     90     54     3.429     3.429     2.405     0.8709      0.8709      0.8709      0.7734
82      B         A           28           LEU           93.98            90     90     54     3.429     3.429     2.405     0.8359      0.8359      0.8359      0.7198
83      B         A           29           THR           92.88            90     90     54     3.429     3.429     2.405     0.8201      0.8201      0.8201      0.6972
84      B         A           30           CYS           97.69            90     90     54     3.429     3.429     2.405     0.8877      0.8877      0.8877      0.7985
85      B         A           31           GLN           96.25            90     90     54     3.429     3.429     2.405     0.8522      0.8522      0.8522      0.7426
86      B         A           32           ARG           93.96            90     90     54     3.429     3.429     2.405     0.7287      0.7287      0.7287      0.5755
87      B         A           33           TYR           96.80            90     90     54     3.429     3.429     2.405     0.8428      0.8428      0.8428      0.7306
88      B         A           34           CYS           96.79            90     90     54     3.429     3.429     2.405     0.7758      0.7758      0.7758      0.6390
89      B         A           35           ASN           92.52            90     90     54     3.429     3.429     2.405     0.5411      0.5411      0.5411      0.3738
90      B         A           36           ALA           76.17            90     90      6     3.429     3.429     1.001     0.0778      0.1298      0.1298      0.0126
