i   AlignChn ScoredChain  AlignResNum  AlignResType  AlignRespLDDT      n0chn  n0dom  n0res    d0chn     d0dom     d0res   ipTM_pae  ipSAE_d0chn ipSAE_d0dom    ipSAE 
1       A         B            1           SER           94.09            90     90     36     3.429     3.429     1.621     0.3782      0.3782      0.3782      0.1316
2       A         B            2           ALA           95.01            90     90     36     3.429     3.429     1.621     0.7652      0.7652      0.7652      0.4517
3       A         B            3           ALA           96.10            90     90     36     3.429     3.429     1.621     0.7739      0.7739      0.7739      0.4635
4       A         B            4           ASP           96.75            90     90     36     3.429     3.429     1.621     0.8148      0.8148      0.8148      0.5227
5       A         B            5           LYS           95.83            90     90     36     3.429     3.429     1.621     0.8984      0.8984      0.8984      0.6817
6       A         B            6           LEU           96.43            90     90     36     3.429     3.429     1.621     0.9198      0.9198      0.9198      0.7339
7       A         B            7           ALA           96.81            90     90     36     3.429     3.429     1.621     0.9000      0.9000      0.9000      0.6860
8       A         B            8           LEU           97.58            90     90     36     3.429     3.429     1.621     0.9301      0.9301      0.9301      0.7602
9       A         B            9           LEU           98.09            90     90     36     3.429     3.429     1.621     0.9560      0.9560      0.9560      0.8366
10      A         B           10           GLY           98.50            90     90     36     3.429     3.429     1.621     0.9392      0.9392      0.9392      0.7874
11      A         B           11           LYS           97.68            90     90     36     3.429     3.429     1.621     0.9416      0.9416      0.9416      0.7936
12      A         B           12           GLU           98.24            90     90     36     3.429     3.429     1.621     0.9565      0.9565      0.9565      0.8379
13      A         B           13           ALA           98.73            90     90     36     3.429     3.429     1.621     0.9692      0.9692      0.9692      0.8800
14      A         B           14           GLN           97.49            90     90     36     3.429     3.429     1.621     0.9569      0.9569      0.9569      0.8398
15      A         B           15           GLN           97.71            90     90     36     3.429     3.429     1.621     0.9569      0.9569      0.9569      0.8390
16      A         B           16           ILE           98.36            90     90     36     3.429     3.429     1.621     0.9618      0.9618      0.9618      0.8542
17      A         B           17           THR           98.51            90     90     36     3.429     3.429     1.621     0.9641      0.9641      0.9641      0.8614
18      A         B           18           GLN           96.72            90     90     36     3.429     3.429     1.621     0.9512      0.9512      0.9512      0.8216
19      A         B           19           ASP           97.56            90     90     36     3.429     3.429     1.621     0.9479      0.9479      0.9479      0.8096
20      A         B           20           ALA           98.39            90     90     36     3.429     3.429     1.621     0.9468      0.9468      0.9468      0.8046
21      A         B           21           LEU           97.95            90     90     36     3.429     3.429     1.621     0.9494      0.9494      0.9494      0.8124
22      A         B           22           GLN           97.55            90     90     36     3.429     3.429     1.621     0.9368      0.9368      0.9368      0.7748
23      A         B           23           ASN           98.17            90     90     36     3.429     3.429     1.621     0.9168      0.9168      0.9168      0.7177
24      A         B           24           PRO           97.71            90     90     36     3.429     3.429     1.621     0.8799      0.8799      0.8799      0.6301
25      A         B           25           ALA           98.19            90     90     36     3.429     3.429     1.621     0.8976      0.8976      0.8976      0.6707
26      A         B           26           GLU           98.18            90     90     36     3.429     3.429     1.621     0.9563      0.9563      0.9563      0.8340
27      A         B           27           PHE           98.46            90     90     36     3.429     3.429     1.621     0.9613      0.9613      0.9613      0.8504
28      A         B           28           ALA           97.86            90     90     36     3.429     3.429     1.621     0.9428      0.9428      0.9428      0.7916
29      A         B           29           ARG           98.13            90     90     36     3.429     3.429     1.621     0.9597      0.9597      0.9597      0.8459
30      A         B           30           VAL           98.77            90     90     36     3.429     3.429     1.621     0.9748      0.9748      0.9748      0.8988
31      A         B           31           SER           98.24            90     90     36     3.429     3.429     1.621     0.9652      0.9652      0.9652      0.8646
32      A         B           32           ASN           97.57            90     90     36     3.429     3.429     1.621     0.9569      0.9569      0.9569      0.8364
33      A         B           33           MET           98.40            90     90     36     3.429     3.429     1.621     0.9647      0.9647      0.9647      0.8638
34      A         B           34           LEU           98.46            90     90     36     3.429     3.429     1.621     0.9708      0.9708      0.9708      0.8842
35      A         B           35           ASN           96.93            90     90     36     3.429     3.429     1.621     0.9507      0.9507      0.9507      0.8176
36      A         B           36           THR           96.00            90     90     36     3.429     3.429     1.621     0.9391      0.9391      0.9391      0.7819
37      A         B           37           ASN           93.77            90     90     36     3.429     3.429     1.621     0.9167      0.9167      0.9167      0.7193
38      A         B           38           GLU           97.16            90     90     36     3.429     3.429     1.621     0.8973      0.8973      0.8973      0.6718
39      A         B           39           GLY           97.82            90     90     36     3.429     3.429     1.621     0.9289      0.9289      0.9289      0.7553
40      A         B           40           ARG           97.22            90     90     36     3.429     3.429     1.621     0.9498      0.9498      0.9498      0.8147
41      A         B           41           GLN           97.79            90     90     36     3.429     3.429     1.621     0.9497      0.9497      0.9497      0.8141
42      A         B           42           GLN           98.30            90     90     36     3.429     3.429     1.621     0.9417      0.9417      0.9417      0.7901
43      A         B           43           LEU           98.67            90     90     36     3.429     3.429     1.621     0.9600      0.9600      0.9600      0.8479
44      A         B           44           LEU           98.55            90     90     36     3.429     3.429     1.621     0.9633      0.9633      0.9633      0.8590
45      A         B           45           GLN           98.58            90     90     36     3.429     3.429     1.621     0.9498      0.9498      0.9498      0.8153
46      A         B           46           GLU           98.30            90     90     36     3.429     3.429     1.621     0.9528      0.9528      0.9528      0.8241
47      A         B           47           VAL           98.67            90     90     36     3.429     3.429     1.621     0.9531      0.9531      0.9531      0.8255
48      A         B           48           GLN           98.12            90     90     36     3.429     3.429     1.621     0.9540      0.9540      0.9540      0.8284
49      A         B           49           ALA           98.39            90     90     36     3.429     3.429     1.621     0.9177      0.9177      0.9177      0.7247
50      A         B           50           ARG           97.41            90     90     36     3.429     3.429     1.621     0.9191      0.9191      0.9191      0.7272
51      A         B           51           ILE           97.65            90     90     36     3.429     3.429     1.621     0.9153      0.9153      0.9153      0.7165
52      A         B           52           LYS           96.35            90     90     36     3.429     3.429     1.621     0.8715      0.8715      0.8715      0.6177
53      A         B           53           ALA           94.55            90     90     36     3.429     3.429     1.621     0.7229      0.7229      0.7229      0.3873
54      A         B           54           SER           84.61            90     90     36     3.429     3.429     1.621     0.2851      0.2851      0.2851      0.0846
55      B         A            1           CYS           95.57            90     90     54     3.429     3.429     2.405     0.6360      0.6360      0.6360      0.4692
56      B         A            2           SER           90.80            90     90     54     3.429     3.429     2.405     0.7133      0.7133      0.7133      0.5579
57      B         A            3           GLN           93.68            90     90     54     3.429     3.429     2.405     0.6334      0.6334      0.6334      0.4676
58      B         A            4           ASN           95.73            90     90     54     3.429     3.429     2.405     0.8489      0.8489      0.8489      0.7411
59      B         A            5           GLU           97.90            90     90     54     3.429     3.429     2.405     0.9308      0.9308      0.9308      0.8703
60      B         A            6           TYR           97.79            90     90     54     3.429     3.429     2.405     0.9545      0.9545      0.9545      0.9123
61      B         A            7           PHE           97.82            90     90     54     3.429     3.429     2.405     0.9621      0.9621      0.9621      0.9263
62      B         A            8           ASP           98.30            90     90     54     3.429     3.429     2.405     0.9682      0.9682      0.9682      0.9380
63      B         A            9           SER           96.41            90     90     54     3.429     3.429     2.405     0.9261      0.9261      0.9261      0.8622
64      B         A           10           LEU           97.67            90     90     54     3.429     3.429     2.405     0.9679      0.9679      0.9679      0.9374
65      B         A           11           LEU           98.50            90     90     54     3.429     3.429     2.405     0.9713      0.9713      0.9713      0.9439
66      B         A           12           HIS           97.82            90     90     54     3.429     3.429     2.405     0.9633      0.9633      0.9633      0.9289
67      B         A           13           ALA           98.34            90     90     54     3.429     3.429     2.405     0.9499      0.9499      0.9499      0.9041
68      B         A           14           CYS           98.01            90     90     54     3.429     3.429     2.405     0.9566      0.9566      0.9566      0.9162
69      B         A           15           ILE           98.52            90     90     54     3.429     3.429     2.405     0.9662      0.9662      0.9662      0.9342
70      B         A           16           PRO           98.08            90     90     54     3.429     3.429     2.405     0.9590      0.9590      0.9590      0.9209
71      B         A           17           CYS           98.36            90     90     54     3.429     3.429     2.405     0.9480      0.9480      0.9480      0.9013
72      B         A           18           GLN           97.56            90     90     54     3.429     3.429     2.405     0.9393      0.9393      0.9393      0.8869
73      B         A           19           LEU           98.63            90     90     54     3.429     3.429     2.405     0.9582      0.9582      0.9582      0.9204
74      B         A           20           ARG           97.57            90     90     54     3.429     3.429     2.405     0.9211      0.9211      0.9211      0.8565
75      B         A           21           CYS           95.74            90     90     54     3.429     3.429     2.405     0.8723      0.8723      0.8723      0.7764
76      B         A           22           SER           90.91            90     90     54     3.429     3.429     2.405     0.7492      0.7492      0.7492      0.6103
77      B         A           23           SER           92.18            90     90     54     3.429     3.429     2.405     0.7366      0.7366      0.7366      0.5969
78      B         A           24           ASN           88.07            90     90     54     3.429     3.429     2.405     0.6376      0.6376      0.6376      0.4831
79      B         A           25           THR           89.75            90     90     54     3.429     3.429     2.405     0.7138      0.7138      0.7138      0.5612
80      B         A           26           PRO           95.13            90     90     54     3.429     3.429     2.405     0.8135      0.8135      0.8135      0.6889
81      B         A           27           PRO           96.33            90     90     54     3.429     3.429     2.405     0.8788      0.8788      0.8788      0.7858
82      B         A           28           LEU           94.11            90     90     54     3.429     3.429     2.405     0.8443      0.8443      0.8443      0.7322
83      B         A           29           THR           93.21            90     90     54     3.429     3.429     2.405     0.8332      0.8332      0.8332      0.7162
84      B         A           30           CYS           97.73            90     90     54     3.429     3.429     2.405     0.8933      0.8933      0.8933      0.8075
85      B         A           31           GLN           96.34            90     90     54     3.429     3.429     2.405     0.8601      0.8601      0.8601      0.7548
86      B         A           32           ARG           93.99            90     90     54     3.429     3.429     2.405     0.7320      0.7320      0.7320      0.5796
87      B         A           33           TYR           96.60            90     90     54     3.429     3.429     2.405     0.8464      0.8464      0.8464      0.7360
88      B         A           34           CYS           96.83            90     90     54     3.429     3.429     2.405     0.8033      0.8033      0.8033      0.6754
89      B         A           35           ASN           93.16            90     90     54     3.429     3.429     2.405     0.6461      0.6461      0.6461      0.4801
90      B         A           36           ALA           87.21            90     90     47     3.429     3.429     2.137     0.1809      0.1937      0.1937      0.0868
