i   AlignChn ScoredChain  AlignResNum  AlignResType  AlignRespLDDT      n0chn  n0dom  n0res    d0chn     d0dom     d0res   ipTM_pae  ipSAE_d0chn ipSAE_d0dom    ipSAE 
1       A         B            1           SER           94.02            90     90     36     3.429     3.429     1.621     0.2603      0.2603      0.2603      0.0786
2       A         B            2           ALA           95.19            90     90     36     3.429     3.429     1.621     0.6840      0.6840      0.6840      0.3553
3       A         B            3           ALA           96.53            90     90     36     3.429     3.429     1.621     0.6991      0.6991      0.6991      0.3709
4       A         B            4           ASP           96.71            90     90     36     3.429     3.429     1.621     0.7389      0.7389      0.7389      0.4173
5       A         B            5           LYS           95.48            90     90     36     3.429     3.429     1.621     0.8461      0.8461      0.8461      0.5781
6       A         B            6           LEU           96.75            90     90     36     3.429     3.429     1.621     0.8783      0.8783      0.8783      0.6394
7       A         B            7           ALA           97.04            90     90     36     3.429     3.429     1.621     0.8579      0.8579      0.8579      0.5988
8       A         B            8           LEU           97.61            90     90     36     3.429     3.429     1.621     0.9007      0.9007      0.9007      0.6890
9       A         B            9           LEU           98.29            90     90     36     3.429     3.429     1.621     0.9331      0.9331      0.9331      0.7711
10      A         B           10           GLY           98.58            90     90     36     3.429     3.429     1.621     0.9164      0.9164      0.9164      0.7287
11      A         B           11           LYS           97.69            90     90     36     3.429     3.429     1.621     0.9147      0.9147      0.9147      0.7235
12      A         B           12           GLU           98.28            90     90     36     3.429     3.429     1.621     0.9348      0.9348      0.9348      0.7753
13      A         B           13           ALA           98.78            90     90     36     3.429     3.429     1.621     0.9530      0.9530      0.9530      0.8291
14      A         B           14           GLN           97.57            90     90     36     3.429     3.429     1.621     0.9325      0.9325      0.9325      0.7702
15      A         B           15           GLN           97.85            90     90     36     3.429     3.429     1.621     0.9365      0.9365      0.9365      0.7795
16      A         B           16           ILE           98.41            90     90     36     3.429     3.429     1.621     0.9418      0.9418      0.9418      0.7934
17      A         B           17           THR           98.50            90     90     36     3.429     3.429     1.621     0.9444      0.9444      0.9444      0.8005
18      A         B           18           GLN           96.74            90     90     36     3.429     3.429     1.621     0.9232      0.9232      0.9232      0.7443
19      A         B           19           ASP           97.56            90     90     36     3.429     3.429     1.621     0.9200      0.9200      0.9200      0.7331
20      A         B           20           ALA           98.43            90     90     36     3.429     3.429     1.621     0.9193      0.9193      0.9193      0.7285
21      A         B           21           LEU           97.95            90     90     36     3.429     3.429     1.621     0.9196      0.9196      0.9196      0.7280
22      A         B           22           GLN           97.51            90     90     36     3.429     3.429     1.621     0.8986      0.8986      0.8986      0.6774
23      A         B           23           ASN           98.15            90     90     36     3.429     3.429     1.621     0.8716      0.8716      0.8716      0.6132
24      A         B           24           PRO           97.57            90     90     36     3.429     3.429     1.621     0.8241      0.8241      0.8241      0.5235
25      A         B           25           ALA           98.21            90     90     36     3.429     3.429     1.621     0.8470      0.8470      0.8470      0.5653
26      A         B           26           GLU           98.28            90     90     36     3.429     3.429     1.621     0.9335      0.9335      0.9335      0.7657
27      A         B           27           PHE           98.46            90     90     36     3.429     3.429     1.621     0.9399      0.9399      0.9399      0.7832
28      A         B           28           ALA           97.81            90     90     36     3.429     3.429     1.621     0.9176      0.9176      0.9176      0.7213
29      A         B           29           ARG           98.29            90     90     36     3.429     3.429     1.621     0.9427      0.9427      0.9427      0.7934
30      A         B           30           VAL           98.79            90     90     36     3.429     3.429     1.621     0.9622      0.9622      0.9622      0.8561
31      A         B           31           SER           98.20            90     90     36     3.429     3.429     1.621     0.9485      0.9485      0.9485      0.8107
32      A         B           32           ASN           97.58            90     90     36     3.429     3.429     1.621     0.9356      0.9356      0.9356      0.7715
33      A         B           33           MET           98.45            90     90     36     3.429     3.429     1.621     0.9476      0.9476      0.9476      0.8101
34      A         B           34           LEU           98.45            90     90     36     3.429     3.429     1.621     0.9555      0.9555      0.9555      0.8333
35      A         B           35           ASN           96.80            90     90     36     3.429     3.429     1.621     0.9260      0.9260      0.9260      0.7459
36      A         B           36           THR           95.84            90     90     36     3.429     3.429     1.621     0.9130      0.9130      0.9130      0.7109
37      A         B           37           ASN           94.14            90     90     36     3.429     3.429     1.621     0.8944      0.8944      0.8944      0.6644
38      A         B           38           GLU           97.17            90     90     36     3.429     3.429     1.621     0.8632      0.8632      0.8632      0.5981
39      A         B           39           GLY           97.83            90     90     36     3.429     3.429     1.621     0.9069      0.9069      0.9069      0.6997
40      A         B           40           ARG           97.27            90     90     36     3.429     3.429     1.621     0.9267      0.9267      0.9267      0.7481
41      A         B           41           GLN           98.20            90     90     36     3.429     3.429     1.621     0.9329      0.9329      0.9329      0.7654
42      A         B           42           GLN           98.46            90     90     36     3.429     3.429     1.621     0.9191      0.9191      0.9191      0.7287
43      A         B           43           LEU           98.71            90     90     36     3.429     3.429     1.621     0.9436      0.9436      0.9436      0.7983
44      A         B           44           LEU           98.63            90     90     36     3.429     3.429     1.621     0.9463      0.9463      0.9463      0.8060
45      A         B           45           GLN           98.65            90     90     36     3.429     3.429     1.621     0.9271      0.9271      0.9271      0.7515
46      A         B           46           GLU           98.43            90     90     36     3.429     3.429     1.621     0.9315      0.9315      0.9315      0.7628
47      A         B           47           VAL           98.72            90     90     36     3.429     3.429     1.621     0.9317      0.9317      0.9317      0.7639
48      A         B           48           GLN           98.03            90     90     36     3.429     3.429     1.621     0.9323      0.9323      0.9323      0.7655
49      A         B           49           ALA           98.42            90     90     36     3.429     3.429     1.621     0.8830      0.8830      0.8830      0.6452
50      A         B           50           ARG           97.45            90     90     36     3.429     3.429     1.621     0.8856      0.8856      0.8856      0.6488
51      A         B           51           ILE           97.56            90     90     36     3.429     3.429     1.621     0.8724      0.8724      0.8724      0.6189
52      A         B           52           LYS           96.05            90     90     36     3.429     3.429     1.621     0.8136      0.8136      0.8136      0.5130
53      A         B           53           ALA           94.89            90     90     36     3.429     3.429     1.621     0.6155      0.6155      0.6155      0.2813
54      A         B           54           SER           84.22            90     90     34     3.429     3.429     1.509     0.1668      0.1707      0.1707      0.0390
55      B         A            1           CYS           95.68            90     90     54     3.429     3.429     2.405     0.5592      0.5592      0.5592      0.3907
56      B         A            2           SER           90.86            90     90     54     3.429     3.429     2.405     0.6262      0.6262      0.6262      0.4603
57      B         A            3           GLN           93.61            90     90     54     3.429     3.429     2.405     0.5311      0.5311      0.5311      0.3647
58      B         A            4           ASN           95.47            90     90     54     3.429     3.429     2.405     0.7871      0.7871      0.7871      0.6541
59      B         A            5           GLU           97.83            90     90     54     3.429     3.429     2.405     0.9004      0.9004      0.9004      0.8195
60      B         A            6           TYR           97.81            90     90     54     3.429     3.429     2.405     0.9358      0.9358      0.9358      0.8791
61      B         A            7           PHE           97.92            90     90     54     3.429     3.429     2.405     0.9483      0.9483      0.9483      0.9013
62      B         A            8           ASP           98.37            90     90     54     3.429     3.429     2.405     0.9573      0.9573      0.9573      0.9177
63      B         A            9           SER           96.65            90     90     54     3.429     3.429     2.405     0.9126      0.9126      0.9126      0.8396
64      B         A           10           LEU           97.82            90     90     54     3.429     3.429     2.405     0.9581      0.9581      0.9581      0.9193
65      B         A           11           LEU           98.63            90     90     54     3.429     3.429     2.405     0.9640      0.9640      0.9640      0.9304
66      B         A           12           HIS           98.23            90     90     54     3.429     3.429     2.405     0.9550      0.9550      0.9550      0.9137
67      B         A           13           ALA           98.45            90     90     54     3.429     3.429     2.405     0.9373      0.9373      0.9373      0.8818
68      B         A           14           CYS           98.17            90     90     54     3.429     3.429     2.405     0.9467      0.9467      0.9467      0.8986
69      B         A           15           ILE           98.51            90     90     54     3.429     3.429     2.405     0.9503      0.9503      0.9503      0.9053
70      B         A           16           PRO           97.93            90     90     54     3.429     3.429     2.405     0.9395      0.9395      0.9395      0.8860
71      B         A           17           CYS           98.34            90     90     54     3.429     3.429     2.405     0.9239      0.9239      0.9239      0.8599
72      B         A           18           GLN           96.71            90     90     54     3.429     3.429     2.405     0.8726      0.8726      0.8726      0.7808
73      B         A           19           LEU           98.54            90     90     54     3.429     3.429     2.405     0.9365      0.9365      0.9365      0.8830
74      B         A           20           ARG           97.60            90     90     54     3.429     3.429     2.405     0.8860      0.8860      0.8860      0.8009
75      B         A           21           CYS           95.28            90     90     54     3.429     3.429     2.405     0.8071      0.8071      0.8071      0.6825
76      B         A           22           SER           89.95            90     90     54     3.429     3.429     2.405     0.6390      0.6390      0.6390      0.4826
77      B         A           23           SER           91.28            90     90     54     3.429     3.429     2.405     0.6201      0.6201      0.6201      0.4647
78      B         A           24           ASN           87.73            90     90     54     3.429     3.429     2.405     0.5190      0.5190      0.5190      0.3636
79      B         A           25           THR           89.31            90     90     54     3.429     3.429     2.405     0.6065      0.6065      0.6065      0.4420
80      B         A           26           PRO           95.09            90     90     54     3.429     3.429     2.405     0.7343      0.7343      0.7343      0.5854
81      B         A           27           PRO           96.25            90     90     54     3.429     3.429     2.405     0.8260      0.8260      0.8260      0.7077
82      B         A           28           LEU           93.90            90     90     54     3.429     3.429     2.405     0.7782      0.7782      0.7782      0.6407
83      B         A           29           THR           92.90            90     90     54     3.429     3.429     2.405     0.7537      0.7537      0.7537      0.6088
84      B         A           30           CYS           97.73            90     90     54     3.429     3.429     2.405     0.8488      0.8488      0.8488      0.7389
85      B         A           31           GLN           96.39            90     90     54     3.429     3.429     2.405     0.8062      0.8062      0.8062      0.6766
86      B         A           32           ARG           94.26            90     90     54     3.429     3.429     2.405     0.6581      0.6581      0.6581      0.4936
87      B         A           33           TYR           96.43            90     90     54     3.429     3.429     2.405     0.7763      0.7763      0.7763      0.6385
88      B         A           34           CYS           96.74            90     90     54     3.429     3.429     2.405     0.7322      0.7322      0.7322      0.5834
89      B         A           35           ASN           93.24            90     90     54     3.429     3.429     2.405     0.5355      0.5355      0.5355      0.3677
90      B         A           36           ALA           87.29            90     90     39     3.429     3.429     1.777     0.1483      0.1724      0.1724      0.0539
