i   AlignChn ScoredChain  AlignResNum  AlignResType  AlignRespLDDT      n0chn  n0dom  n0res    d0chn     d0dom     d0res   ipTM_pae  ipSAE_d0chn ipSAE_d0dom    ipSAE 
1       A         B            1           SER           66.75            94     94      9     3.521     3.521     1.001     0.1097      0.1892      0.1892      0.0190
2       A         B            2           SER           81.23            94     94     36     3.521     3.521     1.621     0.2849      0.2849      0.2849      0.0803
3       A         B            3           ILE           92.85            94     94     36     3.521     3.521     1.621     0.6726      0.6726      0.6726      0.3182
4       A         B            4           GLU           95.33            94     94     36     3.521     3.521     1.621     0.8563      0.8563      0.8563      0.5717
5       A         B            5           LYS           93.31            94     94     36     3.521     3.521     1.621     0.8808      0.8808      0.8808      0.6257
6       A         B            6           GLU           95.24            94     94     36     3.521     3.521     1.621     0.8925      0.8925      0.8925      0.6505
7       A         B            7           ILE           97.15            94     94     36     3.521     3.521     1.621     0.9100      0.9100      0.9100      0.6942
8       A         B            8           GLN           96.41            94     94     36     3.521     3.521     1.621     0.9216      0.9216      0.9216      0.7255
9       A         B            9           GLU           96.01            94     94     36     3.521     3.521     1.621     0.9224      0.9224      0.9224      0.7278
10      A         B           10           GLU           97.70            94     94     36     3.521     3.521     1.621     0.9332      0.9332      0.9332      0.7588
11      A         B           11           ILE           98.09            94     94     36     3.521     3.521     1.621     0.9311      0.9311      0.9311      0.7525
12      A         B           12           ASP           97.94            94     94     36     3.521     3.521     1.621     0.9327      0.9327      0.9327      0.7588
13      A         B           13           ILE           98.34            94     94     36     3.521     3.521     1.621     0.9451      0.9451      0.9451      0.7948
14      A         B           14           PHE           98.54            94     94     36     3.521     3.521     1.621     0.9365      0.9365      0.9365      0.7700
15      A         B           15           LYS           98.02            94     94     36     3.521     3.521     1.621     0.9237      0.9237      0.9237      0.7308
16      A         B           16           TYR           98.25            94     94     36     3.521     3.521     1.621     0.9315      0.9315      0.9315      0.7535
17      A         B           17           LEU           98.32            94     94     36     3.521     3.521     1.621     0.9305      0.9305      0.9305      0.7504
18      A         B           18           LEU           96.75            94     94     36     3.521     3.521     1.621     0.9082      0.9082      0.9082      0.6909
19      A         B           19           SER           96.81            94     94     36     3.521     3.521     1.621     0.8465      0.8465      0.8465      0.5540
20      A         B           20           GLN           96.02            94     94     36     3.521     3.521     1.621     0.8297      0.8297      0.8297      0.5249
21      A         B           21           GLY           96.65            94     94     36     3.521     3.521     1.621     0.7649      0.7649      0.7649      0.4244
22      A         B           22           MET           96.30            94     94     36     3.521     3.521     1.621     0.8246      0.8246      0.8246      0.5166
23      A         B           23           ASP           96.05            94     94     36     3.521     3.521     1.621     0.8211      0.8211      0.8211      0.5146
24      A         B           24           PRO           96.29            94     94     36     3.521     3.521     1.621     0.8053      0.8053      0.8053      0.4854
25      A         B           25           GLU           95.61            94     94     36     3.521     3.521     1.621     0.8233      0.8233      0.8233      0.5180
26      A         B           26           HIS           95.47            94     94     36     3.521     3.521     1.621     0.8755      0.8755      0.8755      0.6149
27      A         B           27           ILE           97.57            94     94     36     3.521     3.521     1.621     0.8837      0.8837      0.8837      0.6334
28      A         B           28           LYS           97.20            94     94     36     3.521     3.521     1.621     0.8775      0.8775      0.8775      0.6226
29      A         B           29           GLU           96.23            94     94     36     3.521     3.521     1.621     0.8543      0.8543      0.8543      0.5741
30      A         B           30           GLY           97.69            94     94     36     3.521     3.521     1.621     0.8815      0.8815      0.8815      0.6278
31      A         B           31           ILE           98.05            94     94     36     3.521     3.521     1.621     0.8910      0.8910      0.8910      0.6506
32      A         B           32           ILE           97.89            94     94     36     3.521     3.521     1.621     0.8884      0.8884      0.8884      0.6452
33      A         B           33           ARG           97.35            94     94     36     3.521     3.521     1.621     0.8613      0.8613      0.8613      0.5849
34      A         B           34           ARG           96.11            94     94     36     3.521     3.521     1.621     0.8716      0.8716      0.8716      0.6050
35      A         B           35           ALA           97.32            94     94     36     3.521     3.521     1.621     0.8740      0.8740      0.8740      0.6130
36      A         B           36           ARG           97.26            94     94     36     3.521     3.521     1.621     0.8276      0.8276      0.8276      0.5215
37      A         B           37           ASN           94.59            94     94     36     3.521     3.521     1.621     0.7691      0.7691      0.7691      0.4279
38      A         B           38           GLU           94.14            94     94     36     3.521     3.521     1.621     0.7988      0.7988      0.7988      0.4716
39      A         B           39           PRO           92.97            94     94     36     3.521     3.521     1.621     0.7113      0.7113      0.7113      0.3574
40      A         B           40           TRP           93.11            94     94     36     3.521     3.521     1.621     0.7611      0.7611      0.7611      0.4135
41      A         B           41           PHE           97.01            94     94     36     3.521     3.521     1.621     0.8307      0.8307      0.8307      0.5210
42      A         B           42           SER           96.83            94     94     36     3.521     3.521     1.621     0.7991      0.7991      0.7991      0.4671
43      A         B           43           GLU           97.01            94     94     36     3.521     3.521     1.621     0.7427      0.7427      0.7427      0.3889
44      A         B           44           GLU           96.43            94     94     36     3.521     3.521     1.621     0.7316      0.7316      0.7316      0.3771
45      A         B           45           GLU           97.43            94     94     36     3.521     3.521     1.621     0.8259      0.8259      0.8259      0.5146
46      A         B           46           ILE           98.32            94     94     36     3.521     3.521     1.621     0.8391      0.8391      0.8391      0.5361
47      A         B           47           GLU           98.03            94     94     36     3.521     3.521     1.621     0.7984      0.7984      0.7984      0.4686
48      A         B           48           GLU           97.14            94     94     36     3.521     3.521     1.621     0.8446      0.8446      0.8446      0.5465
49      A         B           49           LEU           98.30            94     94     36     3.521     3.521     1.621     0.8802      0.8802      0.8802      0.6206
50      A         B           50           GLU           97.98            94     94     36     3.521     3.521     1.621     0.8516      0.8516      0.8516      0.5601
51      A         B           51           GLU           97.67            94     94     36     3.521     3.521     1.621     0.7981      0.7981      0.7981      0.4682
52      A         B           52           ARG           98.00            94     94     36     3.521     3.521     1.621     0.8575      0.8575      0.8575      0.5721
53      A         B           53           LEU           98.15            94     94     36     3.521     3.521     1.621     0.8647      0.8647      0.8647      0.5876
54      A         B           54           GLU           96.33            94     94     36     3.521     3.521     1.621     0.8046      0.8046      0.8046      0.4781
55      A         B           55           GLU           95.77            94     94     36     3.521     3.521     1.621     0.7063      0.7063      0.7063      0.3485
56      A         B           56           LEU           95.89            94     94     36     3.521     3.521     1.621     0.7106      0.7106      0.7106      0.3534
57      A         B           57           THR           88.27            94     94     36     3.521     3.521     1.621     0.4637      0.4637      0.4637      0.1590
58      A         B           58           LYS           78.41            94     94     36     3.521     3.521     1.621     0.2345      0.2345      0.2345      0.0619
59      B         A            1           CYS           93.66            94     94     58     3.521     3.521     2.544     0.3564      0.3564      0.3564      0.2284
60      B         A            2           SER           89.53            94     94     58     3.521     3.521     2.544     0.3790      0.3790      0.3790      0.2474
61      B         A            3           GLN           91.32            94     94     58     3.521     3.521     2.544     0.3701      0.3701      0.3701      0.2380
62      B         A            4           ASN           93.76            94     94     58     3.521     3.521     2.544     0.6509      0.6509      0.6509      0.5026
63      B         A            5           GLU           96.87            94     94     58     3.521     3.521     2.544     0.8145      0.8145      0.8145      0.7016
64      B         A            6           TYR           96.38            94     94     58     3.521     3.521     2.544     0.8582      0.8582      0.8582      0.7641
65      B         A            7           PHE           96.89            94     94     58     3.521     3.521     2.544     0.8664      0.8664      0.8664      0.7762
66      B         A            8           ASP           96.86            94     94     58     3.521     3.521     2.544     0.8726      0.8726      0.8726      0.7852
67      B         A            9           SER           94.00            94     94     58     3.521     3.521     2.544     0.7548      0.7548      0.7548      0.6240
68      B         A           10           LEU           94.61            94     94     58     3.521     3.521     2.544     0.8346      0.8346      0.8346      0.7300
69      B         A           11           LEU           96.99            94     94     58     3.521     3.521     2.544     0.8731      0.8731      0.8731      0.7866
70      B         A           12           HIS           95.69            94     94     58     3.521     3.521     2.544     0.8412      0.8412      0.8412      0.7398
71      B         A           13           ALA           96.96            94     94     58     3.521     3.521     2.544     0.8140      0.8140      0.8140      0.7027
72      B         A           14           CYS           97.30            94     94     58     3.521     3.521     2.544     0.8527      0.8527      0.8527      0.7569
73      B         A           15           ILE           97.71            94     94     58     3.521     3.521     2.544     0.8824      0.8824      0.8824      0.8007
74      B         A           16           PRO           97.41            94     94     58     3.521     3.521     2.544     0.8654      0.8654      0.8654      0.7758
75      B         A           17           CYS           97.33            94     94     58     3.521     3.521     2.544     0.8548      0.8548      0.8548      0.7590
76      B         A           18           GLN           96.09            94     94     58     3.521     3.521     2.544     0.8246      0.8246      0.8246      0.7162
77      B         A           19           LEU           97.59            94     94     58     3.521     3.521     2.544     0.8878      0.8878      0.8878      0.8083
78      B         A           20           ARG           96.24            94     94     58     3.521     3.521     2.544     0.8237      0.8237      0.8237      0.7141
79      B         A           21           CYS           93.32            94     94     58     3.521     3.521     2.544     0.7237      0.7237      0.7237      0.5863
80      B         A           22           SER           86.64            94     94     58     3.521     3.521     2.544     0.5926      0.5926      0.5926      0.4433
81      B         A           23           SER           87.84            94     94     58     3.521     3.521     2.544     0.5879      0.5879      0.5879      0.4380
82      B         A           24           ASN           82.58            94     94     58     3.521     3.521     2.544     0.5624      0.5624      0.5624      0.4119
83      B         A           25           THR           84.23            94     94     58     3.521     3.521     2.544     0.5564      0.5564      0.5564      0.4063
84      B         A           26           PRO           92.37            94     94     58     3.521     3.521     2.544     0.6593      0.6593      0.6593      0.5104
85      B         A           27           PRO           93.47            94     94     58     3.521     3.521     2.544     0.7409      0.7409      0.7409      0.6045
86      B         A           28           LEU           91.72            94     94     58     3.521     3.521     2.544     0.6987      0.6987      0.6987      0.5524
87      B         A           29           THR           91.39            94     94     58     3.521     3.521     2.544     0.6384      0.6384      0.6384      0.4852
88      B         A           30           CYS           95.68            94     94     58     3.521     3.521     2.544     0.7352      0.7352      0.7352      0.5968
89      B         A           31           GLN           93.78            94     94     58     3.521     3.521     2.544     0.6730      0.6730      0.6730      0.5235
90      B         A           32           ARG           90.97            94     94     58     3.521     3.521     2.544     0.5292      0.5292      0.5292      0.3744
91      B         A           33           TYR           94.76            94     94     58     3.521     3.521     2.544     0.6877      0.6877      0.6877      0.5397
92      B         A           34           CYS           94.44            94     94     58     3.521     3.521     2.544     0.6335      0.6335      0.6335      0.4799
93      B         A           35           ASN           91.16            94     94     58     3.521     3.521     2.544     0.4037      0.4037      0.4037      0.2655
94      B         A           36           ALA           81.61            94     94     25     3.521     3.521     1.001     0.1083      0.1423      0.1423      0.0133
