i   AlignChn ScoredChain  AlignResNum  AlignResType  AlignRespLDDT      n0chn  n0dom  n0res    d0chn     d0dom     d0res   ipTM_pae  ipSAE_d0chn ipSAE_d0dom    ipSAE 
1       A         B            1           SER           70.60            94     94     36     3.521     3.521     1.621     0.2580      0.2580      0.2580      0.0729
2       A         B            2           SER           83.33            94     94     36     3.521     3.521     1.621     0.6305      0.6305      0.6305      0.2791
3       A         B            3           ILE           89.35            94     94     36     3.521     3.521     1.621     0.7977      0.7977      0.7977      0.4699
4       A         B            4           GLU           93.58            94     94     36     3.521     3.521     1.621     0.8862      0.8862      0.8862      0.6328
5       A         B            5           LYS           90.56            94     94     36     3.521     3.521     1.621     0.9079      0.9079      0.9079      0.6873
6       A         B            6           GLU           92.05            94     94     36     3.521     3.521     1.621     0.9055      0.9055      0.9055      0.6817
7       A         B            7           ILE           96.52            94     94     36     3.521     3.521     1.621     0.9380      0.9380      0.9380      0.7691
8       A         B            8           GLN           95.86            94     94     36     3.521     3.521     1.621     0.9503      0.9503      0.9503      0.8080
9       A         B            9           GLU           94.75            94     94     36     3.521     3.521     1.621     0.9512      0.9512      0.9512      0.8119
10      A         B           10           GLU           97.48            94     94     36     3.521     3.521     1.621     0.9607      0.9607      0.9607      0.8435
11      A         B           11           ILE           97.95            94     94     36     3.521     3.521     1.621     0.9614      0.9614      0.9614      0.8458
12      A         B           12           ASP           97.77            94     94     36     3.521     3.521     1.621     0.9630      0.9630      0.9630      0.8520
13      A         B           13           ILE           98.31            94     94     36     3.521     3.521     1.621     0.9711      0.9711      0.9711      0.8809
14      A         B           14           PHE           98.60            94     94     36     3.521     3.521     1.621     0.9658      0.9658      0.9658      0.8619
15      A         B           15           LYS           98.00            94     94     36     3.521     3.521     1.621     0.9563      0.9563      0.9563      0.8281
16      A         B           16           TYR           98.30            94     94     36     3.521     3.521     1.621     0.9634      0.9634      0.9634      0.8530
17      A         B           17           LEU           98.46            94     94     36     3.521     3.521     1.621     0.9632      0.9632      0.9632      0.8524
18      A         B           18           LEU           97.06            94     94     36     3.521     3.521     1.621     0.9495      0.9495      0.9495      0.8066
19      A         B           19           SER           96.72            94     94     36     3.521     3.521     1.621     0.9063      0.9063      0.9063      0.6834
20      A         B           20           GLN           96.19            94     94     36     3.521     3.521     1.621     0.9017      0.9017      0.9017      0.6732
21      A         B           21           GLY           96.98            94     94     36     3.521     3.521     1.621     0.8527      0.8527      0.8527      0.5673
22      A         B           22           MET           96.65            94     94     36     3.521     3.521     1.621     0.9006      0.9006      0.9006      0.6709
23      A         B           23           ASP           96.57            94     94     36     3.521     3.521     1.621     0.8957      0.8957      0.8957      0.6611
24      A         B           24           PRO           96.57            94     94     36     3.521     3.521     1.621     0.8762      0.8762      0.8762      0.6157
25      A         B           25           GLU           96.05            94     94     36     3.521     3.521     1.621     0.8908      0.8908      0.8908      0.6495
26      A         B           26           HIS           96.13            94     94     36     3.521     3.521     1.621     0.9287      0.9287      0.9287      0.7435
27      A         B           27           ILE           97.89            94     94     36     3.521     3.521     1.621     0.9394      0.9394      0.9394      0.7751
28      A         B           28           LYS           97.32            94     94     36     3.521     3.521     1.621     0.9305      0.9305      0.9305      0.7499
29      A         B           29           GLU           96.50            94     94     36     3.521     3.521     1.621     0.9137      0.9137      0.9137      0.7042
30      A         B           30           GLY           98.12            94     94     36     3.521     3.521     1.621     0.9327      0.9327      0.9327      0.7554
31      A         B           31           ILE           98.24            94     94     36     3.521     3.521     1.621     0.9479      0.9479      0.9479      0.8017
32      A         B           32           ILE           98.10            94     94     36     3.521     3.521     1.621     0.9420      0.9420      0.9420      0.7831
33      A         B           33           ARG           97.52            94     94     36     3.521     3.521     1.621     0.9232      0.9232      0.9232      0.7277
34      A         B           34           ARG           96.08            94     94     36     3.521     3.521     1.621     0.9286      0.9286      0.9286      0.7430
35      A         B           35           ALA           97.07            94     94     36     3.521     3.521     1.621     0.9306      0.9306      0.9306      0.7498
36      A         B           36           ARG           97.21            94     94     36     3.521     3.521     1.621     0.8973      0.8973      0.8973      0.6620
37      A         B           37           ASN           94.67            94     94     36     3.521     3.521     1.621     0.8576      0.8576      0.8576      0.5735
38      A         B           38           GLU           93.86            94     94     36     3.521     3.521     1.621     0.8892      0.8892      0.8892      0.6421
39      A         B           39           PRO           92.71            94     94     36     3.521     3.521     1.621     0.8247      0.8247      0.8247      0.5145
40      A         B           40           TRP           91.70            94     94     36     3.521     3.521     1.621     0.8700      0.8700      0.8700      0.5974
41      A         B           41           PHE           96.17            94     94     36     3.521     3.521     1.621     0.9052      0.9052      0.9052      0.6777
42      A         B           42           SER           95.41            94     94     36     3.521     3.521     1.621     0.8821      0.8821      0.8821      0.6218
43      A         B           43           GLU           96.43            94     94     36     3.521     3.521     1.621     0.8384      0.8384      0.8384      0.5334
44      A         B           44           GLU           95.71            94     94     36     3.521     3.521     1.621     0.8412      0.8412      0.8412      0.5391
45      A         B           45           GLU           96.38            94     94     36     3.521     3.521     1.621     0.9061      0.9061      0.9061      0.6797
46      A         B           46           ILE           97.85            94     94     36     3.521     3.521     1.621     0.9117      0.9117      0.9117      0.6935
47      A         B           47           GLU           97.63            94     94     36     3.521     3.521     1.621     0.8865      0.8865      0.8865      0.6322
48      A         B           48           GLU           96.40            94     94     36     3.521     3.521     1.621     0.9145      0.9145      0.9145      0.7003
49      A         B           49           LEU           98.02            94     94     36     3.521     3.521     1.621     0.9340      0.9340      0.9340      0.7562
50      A         B           50           GLU           97.83            94     94     36     3.521     3.521     1.621     0.9174      0.9174      0.9174      0.7089
51      A         B           51           GLU           97.18            94     94     36     3.521     3.521     1.621     0.8828      0.8828      0.8828      0.6239
52      A         B           52           ARG           97.54            94     94     36     3.521     3.521     1.621     0.9177      0.9177      0.9177      0.7098
53      A         B           53           LEU           98.18            94     94     36     3.521     3.521     1.621     0.9201      0.9201      0.9201      0.7167
54      A         B           54           GLU           96.05            94     94     36     3.521     3.521     1.621     0.8782      0.8782      0.8782      0.6139
55      A         B           55           GLU           95.26            94     94     36     3.521     3.521     1.621     0.8020      0.8020      0.8020      0.4726
56      A         B           56           LEU           95.68            94     94     36     3.521     3.521     1.621     0.7991      0.7991      0.7991      0.4682
57      A         B           57           THR           87.82            94     94     36     3.521     3.521     1.621     0.5616      0.5616      0.5616      0.2199
58      A         B           58           LYS           77.78            94     94     36     3.521     3.521     1.621     0.3129      0.3129      0.3129      0.0895
59      B         A            1           CYS           94.21            94     94     58     3.521     3.521     2.544     0.5107      0.5107      0.5107      0.3604
60      B         A            2           SER           91.71            94     94     58     3.521     3.521     2.544     0.5946      0.5946      0.5946      0.4429
61      B         A            3           GLN           91.92            94     94     58     3.521     3.521     2.544     0.5164      0.5164      0.5164      0.3629
62      B         A            4           ASN           94.21            94     94     58     3.521     3.521     2.544     0.7636      0.7636      0.7636      0.6349
63      B         A            5           GLU           97.09            94     94     58     3.521     3.521     2.544     0.8843      0.8843      0.8843      0.8023
64      B         A            6           TYR           96.61            94     94     58     3.521     3.521     2.544     0.9169      0.9169      0.9169      0.8540
65      B         A            7           PHE           97.01            94     94     58     3.521     3.521     2.544     0.9203      0.9203      0.9203      0.8596
66      B         A            8           ASP           97.20            94     94     58     3.521     3.521     2.544     0.9270      0.9270      0.9270      0.8706
67      B         A            9           SER           94.09            94     94     58     3.521     3.521     2.544     0.8373      0.8373      0.8373      0.7340
68      B         A           10           LEU           95.03            94     94     58     3.521     3.521     2.544     0.9009      0.9009      0.9009      0.8290
69      B         A           11           LEU           97.48            94     94     58     3.521     3.521     2.544     0.9306      0.9306      0.9306      0.8769
70      B         A           12           HIS           96.31            94     94     58     3.521     3.521     2.544     0.9087      0.9087      0.9087      0.8415
71      B         A           13           ALA           97.25            94     94     58     3.521     3.521     2.544     0.8811      0.8811      0.8811      0.7991
72      B         A           14           CYS           97.57            94     94     58     3.521     3.521     2.544     0.9146      0.9146      0.9146      0.8508
73      B         A           15           ILE           97.90            94     94     58     3.521     3.521     2.544     0.9353      0.9353      0.9353      0.8845
74      B         A           16           PRO           97.54            94     94     58     3.521     3.521     2.544     0.9167      0.9167      0.9167      0.8543
75      B         A           17           CYS           97.48            94     94     58     3.521     3.521     2.544     0.9084      0.9084      0.9084      0.8401
76      B         A           18           GLN           96.07            94     94     58     3.521     3.521     2.544     0.8917      0.8917      0.8917      0.8137
77      B         A           19           LEU           97.43            94     94     58     3.521     3.521     2.544     0.9345      0.9345      0.9345      0.8828
78      B         A           20           ARG           96.30            94     94     58     3.521     3.521     2.544     0.9037      0.9037      0.9037      0.8325
79      B         A           21           CYS           93.31            94     94     58     3.521     3.521     2.544     0.8409      0.8409      0.8409      0.7385
80      B         A           22           SER           87.38            94     94     58     3.521     3.521     2.544     0.7735      0.7735      0.7735      0.6490
81      B         A           23           SER           88.28            94     94     58     3.521     3.521     2.544     0.7821      0.7821      0.7821      0.6600
82      B         A           24           ASN           85.16            94     94     58     3.521     3.521     2.544     0.7726      0.7726      0.7726      0.6481
83      B         A           25           THR           85.24            94     94     58     3.521     3.521     2.544     0.7488      0.7488      0.7488      0.6179
84      B         A           26           PRO           92.78            94     94     58     3.521     3.521     2.544     0.8012      0.8012      0.8012      0.6836
85      B         A           27           PRO           93.82            94     94     58     3.521     3.521     2.544     0.8452      0.8452      0.8452      0.7437
86      B         A           28           LEU           90.94            94     94     58     3.521     3.521     2.544     0.8063      0.8063      0.8063      0.6883
87      B         A           29           THR           91.38            94     94     58     3.521     3.521     2.544     0.7420      0.7420      0.7420      0.6051
88      B         A           30           CYS           96.14            94     94     58     3.521     3.521     2.544     0.8348      0.8348      0.8348      0.7283
89      B         A           31           GLN           93.98            94     94     58     3.521     3.521     2.544     0.7822      0.7822      0.7822      0.6563
90      B         A           32           ARG           92.03            94     94     58     3.521     3.521     2.544     0.6749      0.6749      0.6749      0.5249
91      B         A           33           TYR           95.52            94     94     58     3.521     3.521     2.544     0.8035      0.8035      0.8035      0.6843
92      B         A           34           CYS           94.72            94     94     58     3.521     3.521     2.544     0.7510      0.7510      0.7510      0.6161
93      B         A           35           ASN           91.47            94     94     58     3.521     3.521     2.544     0.5320      0.5320      0.5320      0.3783
94      B         A           36           ALA           82.16            94     94     51     3.521     3.521     2.294     0.1778      0.1880      0.1880      0.0905
