i   AlignChn ScoredChain  AlignResNum  AlignResType  AlignRespLDDT      n0chn  n0dom  n0res    d0chn     d0dom     d0res   ipTM_pae  ipSAE_d0chn ipSAE_d0dom    ipSAE 
1       A         B            1           SER           71.81            94     94     25     3.521     3.521     1.001     0.1486      0.1716      0.1716      0.0174
2       A         B            2           SER           84.97            94     94     36     3.521     3.521     1.621     0.4470      0.4470      0.4470      0.1524
3       A         B            3           ILE           93.58            94     94     36     3.521     3.521     1.621     0.7485      0.7485      0.7485      0.4001
4       A         B            4           GLU           95.25            94     94     36     3.521     3.521     1.621     0.8510      0.8510      0.8510      0.5610
5       A         B            5           LYS           92.60            94     94     36     3.521     3.521     1.621     0.8652      0.8652      0.8652      0.5910
6       A         B            6           GLU           94.38            94     94     36     3.521     3.521     1.621     0.8766      0.8766      0.8766      0.6142
7       A         B            7           ILE           97.04            94     94     36     3.521     3.521     1.621     0.9011      0.9011      0.9011      0.6718
8       A         B            8           GLN           96.22            94     94     36     3.521     3.521     1.621     0.9095      0.9095      0.9095      0.6945
9       A         B            9           GLU           95.87            94     94     36     3.521     3.521     1.621     0.9109      0.9109      0.9109      0.6974
10      A         B           10           GLU           97.47            94     94     36     3.521     3.521     1.621     0.9220      0.9220      0.9220      0.7276
11      A         B           11           ILE           98.03            94     94     36     3.521     3.521     1.621     0.9242      0.9242      0.9242      0.7344
12      A         B           12           ASP           97.81            94     94     36     3.521     3.521     1.621     0.9238      0.9238      0.9238      0.7355
13      A         B           13           ILE           98.23            94     94     36     3.521     3.521     1.621     0.9384      0.9384      0.9384      0.7750
14      A         B           14           PHE           98.58            94     94     36     3.521     3.521     1.621     0.9300      0.9300      0.9300      0.7517
15      A         B           15           LYS           98.00            94     94     36     3.521     3.521     1.621     0.9144      0.9144      0.9144      0.7071
16      A         B           16           TYR           98.27            94     94     36     3.521     3.521     1.621     0.9247      0.9247      0.9247      0.7354
17      A         B           17           LEU           98.37            94     94     36     3.521     3.521     1.621     0.9216      0.9216      0.9216      0.7269
18      A         B           18           LEU           97.05            94     94     36     3.521     3.521     1.621     0.9010      0.9010      0.9010      0.6734
19      A         B           19           SER           96.70            94     94     36     3.521     3.521     1.621     0.8382      0.8382      0.8382      0.5402
20      A         B           20           GLN           96.11            94     94     36     3.521     3.521     1.621     0.8237      0.8237      0.8237      0.5145
21      A         B           21           GLY           96.86            94     94     36     3.521     3.521     1.621     0.7675      0.7675      0.7675      0.4294
22      A         B           22           MET           96.92            94     94     36     3.521     3.521     1.621     0.8274      0.8274      0.8274      0.5224
23      A         B           23           ASP           96.45            94     94     36     3.521     3.521     1.621     0.8083      0.8083      0.8083      0.4953
24      A         B           24           PRO           96.58            94     94     36     3.521     3.521     1.621     0.7920      0.7920      0.7920      0.4663
25      A         B           25           GLU           96.11            94     94     36     3.521     3.521     1.621     0.8008      0.8008      0.8008      0.4826
26      A         B           26           HIS           95.78            94     94     36     3.521     3.521     1.621     0.8553      0.8553      0.8553      0.5741
27      A         B           27           ILE           97.74            94     94     36     3.521     3.521     1.621     0.8713      0.8713      0.8713      0.6075
28      A         B           28           LYS           97.43            94     94     36     3.521     3.521     1.621     0.8583      0.8583      0.8583      0.5842
29      A         B           29           GLU           96.45            94     94     36     3.521     3.521     1.621     0.8347      0.8347      0.8347      0.5378
30      A         B           30           GLY           97.81            94     94     36     3.521     3.521     1.621     0.8624      0.8624      0.8624      0.5870
31      A         B           31           ILE           98.25            94     94     36     3.521     3.521     1.621     0.8806      0.8806      0.8806      0.6277
32      A         B           32           ILE           98.13            94     94     36     3.521     3.521     1.621     0.8706      0.8706      0.8706      0.6070
33      A         B           33           ARG           97.44            94     94     36     3.521     3.521     1.621     0.8348      0.8348      0.8348      0.5337
34      A         B           34           ARG           96.06            94     94     36     3.521     3.521     1.621     0.8410      0.8410      0.8410      0.5432
35      A         B           35           ALA           97.16            94     94     36     3.521     3.521     1.621     0.8443      0.8443      0.8443      0.5528
36      A         B           36           ARG           97.19            94     94     36     3.521     3.521     1.621     0.7855      0.7855      0.7855      0.4536
37      A         B           37           ASN           94.71            94     94     36     3.521     3.521     1.621     0.7027      0.7027      0.7027      0.3449
38      A         B           38           GLU           93.52            94     94     36     3.521     3.521     1.621     0.7502      0.7502      0.7502      0.4019
39      A         B           39           PRO           92.78            94     94     36     3.521     3.521     1.621     0.6276      0.6276      0.6276      0.2742
40      A         B           40           TRP           92.05            94     94     36     3.521     3.521     1.621     0.6908      0.6908      0.6908      0.3295
41      A         B           41           PHE           96.72            94     94     36     3.521     3.521     1.621     0.7873      0.7873      0.7873      0.4489
42      A         B           42           SER           96.96            94     94     36     3.521     3.521     1.621     0.7539      0.7539      0.7539      0.4015
43      A         B           43           GLU           97.13            94     94     36     3.521     3.521     1.621     0.6937      0.6937      0.6937      0.3317
44      A         B           44           GLU           97.07            94     94     36     3.521     3.521     1.621     0.7011      0.7011      0.7011      0.3412
45      A         B           45           GLU           97.68            94     94     36     3.521     3.521     1.621     0.8010      0.8010      0.8010      0.4733
46      A         B           46           ILE           98.35            94     94     36     3.521     3.521     1.621     0.8145      0.8145      0.8145      0.4931
47      A         B           47           GLU           98.20            94     94     36     3.521     3.521     1.621     0.7696      0.7696      0.7696      0.4262
48      A         B           48           GLU           97.51            94     94     36     3.521     3.521     1.621     0.8201      0.8201      0.8201      0.5031
49      A         B           49           LEU           98.34            94     94     36     3.521     3.521     1.621     0.8583      0.8583      0.8583      0.5753
50      A         B           50           GLU           98.06            94     94     36     3.521     3.521     1.621     0.8272      0.8272      0.8272      0.5150
51      A         B           51           GLU           97.78            94     94     36     3.521     3.521     1.621     0.7720      0.7720      0.7720      0.4299
52      A         B           52           ARG           98.01            94     94     36     3.521     3.521     1.621     0.8354      0.8354      0.8354      0.5306
53      A         B           53           LEU           98.32            94     94     36     3.521     3.521     1.621     0.8490      0.8490      0.8490      0.5571
54      A         B           54           GLU           96.39            94     94     36     3.521     3.521     1.621     0.7762      0.7762      0.7762      0.4347
55      A         B           55           GLU           95.50            94     94     36     3.521     3.521     1.621     0.6612      0.6612      0.6612      0.3022
56      A         B           56           LEU           95.66            94     94     36     3.521     3.521     1.621     0.6641      0.6641      0.6641      0.3043
57      A         B           57           THR           87.70            94     94     36     3.521     3.521     1.621     0.3899      0.3899      0.3899      0.1222
58      A         B           58           LYS           78.87            94     94     35     3.521     3.521     1.566     0.1945      0.1972      0.1972      0.0469
59      B         A            1           CYS           94.49            94     94     58     3.521     3.521     2.544     0.3900      0.3900      0.3900      0.2552
60      B         A            2           SER           91.33            94     94     58     3.521     3.521     2.544     0.4413      0.4413      0.4413      0.2994
61      B         A            3           GLN           92.25            94     94     58     3.521     3.521     2.544     0.3884      0.3884      0.3884      0.2526
62      B         A            4           ASN           94.41            94     94     58     3.521     3.521     2.544     0.6485      0.6485      0.6485      0.5007
63      B         A            5           GLU           97.14            94     94     58     3.521     3.521     2.544     0.8029      0.8029      0.8029      0.6860
64      B         A            6           TYR           96.72            94     94     58     3.521     3.521     2.544     0.8480      0.8480      0.8480      0.7497
65      B         A            7           PHE           96.97            94     94     58     3.521     3.521     2.544     0.8538      0.8538      0.8538      0.7579
66      B         A            8           ASP           97.11            94     94     58     3.521     3.521     2.544     0.8601      0.8601      0.8601      0.7667
67      B         A            9           SER           93.65            94     94     58     3.521     3.521     2.544     0.7401      0.7401      0.7401      0.6057
68      B         A           10           LEU           94.76            94     94     58     3.521     3.521     2.544     0.8254      0.8254      0.8254      0.7171
69      B         A           11           LEU           97.27            94     94     58     3.521     3.521     2.544     0.8596      0.8596      0.8596      0.7668
70      B         A           12           HIS           95.58            94     94     58     3.521     3.521     2.544     0.8245      0.8245      0.8245      0.7164
71      B         A           13           ALA           97.27            94     94     58     3.521     3.521     2.544     0.8060      0.8060      0.8060      0.6922
72      B         A           14           CYS           97.54            94     94     58     3.521     3.521     2.544     0.8413      0.8413      0.8413      0.7413
73      B         A           15           ILE           97.89            94     94     58     3.521     3.521     2.544     0.8708      0.8708      0.8708      0.7836
74      B         A           16           PRO           97.47            94     94     58     3.521     3.521     2.544     0.8459      0.8459      0.8459      0.7484
75      B         A           17           CYS           97.63            94     94     58     3.521     3.521     2.544     0.8309      0.8309      0.8309      0.7254
76      B         A           18           GLN           95.68            94     94     58     3.521     3.521     2.544     0.7605      0.7605      0.7605      0.6318
77      B         A           19           LEU           97.54            94     94     58     3.521     3.521     2.544     0.8674      0.8674      0.8674      0.7776
78      B         A           20           ARG           96.04            94     94     58     3.521     3.521     2.544     0.7926      0.7926      0.7926      0.6724
79      B         A           21           CYS           93.59            94     94     58     3.521     3.521     2.544     0.6916      0.6916      0.6916      0.5494
80      B         A           22           SER           86.73            94     94     58     3.521     3.521     2.544     0.5433      0.5433      0.5433      0.3935
81      B         A           23           SER           86.78            94     94     58     3.521     3.521     2.544     0.5239      0.5239      0.5239      0.3747
82      B         A           24           ASN           77.99            94     94     58     3.521     3.521     2.544     0.4704      0.4704      0.4704      0.3263
83      B         A           25           THR           83.33            94     94     58     3.521     3.521     2.544     0.5021      0.5021      0.5021      0.3530
84      B         A           26           PRO           92.70            94     94     58     3.521     3.521     2.544     0.6173      0.6173      0.6173      0.4646
85      B         A           27           PRO           93.62            94     94     58     3.521     3.521     2.544     0.7115      0.7115      0.7115      0.5692
86      B         A           28           LEU           90.72            94     94     58     3.521     3.521     2.544     0.6590      0.6590      0.6590      0.5070
87      B         A           29           THR           90.44            94     94     58     3.521     3.521     2.544     0.5418      0.5418      0.5418      0.3873
88      B         A           30           CYS           96.16            94     94     58     3.521     3.521     2.544     0.7100      0.7100      0.7100      0.5668
89      B         A           31           GLN           94.04            94     94     58     3.521     3.521     2.544     0.6405      0.6405      0.6405      0.4878
90      B         A           32           ARG           91.91            94     94     58     3.521     3.521     2.544     0.5188      0.5188      0.5188      0.3647
91      B         A           33           TYR           95.50            94     94     58     3.521     3.521     2.544     0.6668      0.6668      0.6668      0.5162
92      B         A           34           CYS           95.01            94     94     58     3.521     3.521     2.544     0.6116      0.6116      0.6116      0.4568
93      B         A           35           ASN           91.05            94     94     58     3.521     3.521     2.544     0.3731      0.3731      0.3731      0.2412
94      B         A           36           ALA           82.60            94     94     24     3.521     3.521     1.001     0.1086      0.1439      0.1439      0.0135
