i   AlignChn ScoredChain  AlignResNum  AlignResType  AlignRespLDDT      n0chn  n0dom  n0res    d0chn     d0dom     d0res   ipTM_pae  ipSAE_d0chn ipSAE_d0dom    ipSAE 
1       A         B            1           SER           69.32            94     94     10     3.521     3.521     1.001     0.1123      0.1922      0.1922      0.0196
2       A         B            2           SER           84.85            94     94     36     3.521     3.521     1.621     0.3999      0.3999      0.3999      0.1288
3       A         B            3           ILE           94.11            94     94     36     3.521     3.521     1.621     0.7290      0.7290      0.7290      0.3770
4       A         B            4           GLU           95.57            94     94     36     3.521     3.521     1.621     0.8493      0.8493      0.8493      0.5572
5       A         B            5           LYS           93.72            94     94     36     3.521     3.521     1.621     0.8681      0.8681      0.8681      0.5971
6       A         B            6           GLU           95.72            94     94     36     3.521     3.521     1.621     0.8821      0.8821      0.8821      0.6269
7       A         B            7           ILE           97.38            94     94     36     3.521     3.521     1.621     0.9023      0.9023      0.9023      0.6754
8       A         B            8           GLN           96.74            94     94     36     3.521     3.521     1.621     0.9103      0.9103      0.9103      0.6966
9       A         B            9           GLU           96.34            94     94     36     3.521     3.521     1.621     0.9132      0.9132      0.9132      0.7034
10      A         B           10           GLU           97.91            94     94     36     3.521     3.521     1.621     0.9267      0.9267      0.9267      0.7411
11      A         B           11           ILE           98.24            94     94     36     3.521     3.521     1.621     0.9259      0.9259      0.9259      0.7393
12      A         B           12           ASP           98.13            94     94     36     3.521     3.521     1.621     0.9260      0.9260      0.9260      0.7415
13      A         B           13           ILE           98.49            94     94     36     3.521     3.521     1.621     0.9396      0.9396      0.9396      0.7788
14      A         B           14           PHE           98.64            94     94     36     3.521     3.521     1.621     0.9346      0.9346      0.9346      0.7655
15      A         B           15           LYS           98.14            94     94     36     3.521     3.521     1.621     0.9186      0.9186      0.9186      0.7181
16      A         B           16           TYR           98.44            94     94     36     3.521     3.521     1.621     0.9278      0.9278      0.9278      0.7444
17      A         B           17           LEU           98.50            94     94     36     3.521     3.521     1.621     0.9293      0.9293      0.9293      0.7486
18      A         B           18           LEU           97.27            94     94     36     3.521     3.521     1.621     0.9098      0.9098      0.9098      0.6969
19      A         B           19           SER           96.85            94     94     36     3.521     3.521     1.621     0.8470      0.8470      0.8470      0.5562
20      A         B           20           GLN           96.29            94     94     36     3.521     3.521     1.621     0.8342      0.8342      0.8342      0.5337
21      A         B           21           GLY           96.96            94     94     36     3.521     3.521     1.621     0.7778      0.7778      0.7778      0.4443
22      A         B           22           MET           96.97            94     94     36     3.521     3.521     1.621     0.8355      0.8355      0.8355      0.5368
23      A         B           23           ASP           96.48            94     94     36     3.521     3.521     1.621     0.8257      0.8257      0.8257      0.5235
24      A         B           24           PRO           96.56            94     94     36     3.521     3.521     1.621     0.8088      0.8088      0.8088      0.4927
25      A         B           25           GLU           96.02            94     94     36     3.521     3.521     1.621     0.8163      0.8163      0.8163      0.5074
26      A         B           26           HIS           95.83            94     94     36     3.521     3.521     1.621     0.8665      0.8665      0.8665      0.5971
27      A         B           27           ILE           97.96            94     94     36     3.521     3.521     1.621     0.8861      0.8861      0.8861      0.6401
28      A         B           28           LYS           97.34            94     94     36     3.521     3.521     1.621     0.8728      0.8728      0.8728      0.6140
29      A         B           29           GLU           96.48            94     94     36     3.521     3.521     1.621     0.8480      0.8480      0.8480      0.5623
30      A         B           30           GLY           97.97            94     94     36     3.521     3.521     1.621     0.8750      0.8750      0.8750      0.6143
31      A         B           31           ILE           98.41            94     94     36     3.521     3.521     1.621     0.8916      0.8916      0.8916      0.6537
32      A         B           32           ILE           98.18            94     94     36     3.521     3.521     1.621     0.8839      0.8839      0.8839      0.6353
33      A         B           33           ARG           97.54            94     94     36     3.521     3.521     1.621     0.8502      0.8502      0.8502      0.5628
34      A         B           34           ARG           96.47            94     94     36     3.521     3.521     1.621     0.8550      0.8550      0.8550      0.5703
35      A         B           35           ALA           97.59            94     94     36     3.521     3.521     1.621     0.8621      0.8621      0.8621      0.5881
36      A         B           36           ARG           97.43            94     94     36     3.521     3.521     1.621     0.8072      0.8072      0.8072      0.4872
37      A         B           37           ASN           95.24            94     94     36     3.521     3.521     1.621     0.7129      0.7129      0.7129      0.3572
38      A         B           38           GLU           94.89            94     94     36     3.521     3.521     1.621     0.7698      0.7698      0.7698      0.4286
39      A         B           39           PRO           93.73            94     94     36     3.521     3.521     1.621     0.6737      0.6737      0.6737      0.3164
40      A         B           40           TRP           93.67            94     94     36     3.521     3.521     1.621     0.7342      0.7342      0.7342      0.3789
41      A         B           41           PHE           97.29            94     94     36     3.521     3.521     1.621     0.8109      0.8109      0.8109      0.4874
42      A         B           42           SER           97.18            94     94     36     3.521     3.521     1.621     0.7803      0.7803      0.7803      0.4385
43      A         B           43           GLU           97.22            94     94     36     3.521     3.521     1.621     0.7266      0.7266      0.7266      0.3687
44      A         B           44           GLU           97.11            94     94     36     3.521     3.521     1.621     0.7209      0.7209      0.7209      0.3634
45      A         B           45           GLU           97.71            94     94     36     3.521     3.521     1.621     0.8172      0.8172      0.8172      0.4993
46      A         B           46           ILE           98.44            94     94     36     3.521     3.521     1.621     0.8300      0.8300      0.8300      0.5199
47      A         B           47           GLU           98.20            94     94     36     3.521     3.521     1.621     0.7833      0.7833      0.7833      0.4448
48      A         B           48           GLU           97.43            94     94     36     3.521     3.521     1.621     0.8300      0.8300      0.8300      0.5195
49      A         B           49           LEU           98.44            94     94     36     3.521     3.521     1.621     0.8720      0.8720      0.8720      0.6035
50      A         B           50           GLU           98.07            94     94     36     3.521     3.521     1.621     0.8389      0.8389      0.8389      0.5363
51      A         B           51           GLU           97.77            94     94     36     3.521     3.521     1.621     0.7834      0.7834      0.7834      0.4462
52      A         B           52           ARG           97.99            94     94     36     3.521     3.521     1.621     0.8409      0.8409      0.8409      0.5405
53      A         B           53           LEU           98.32            94     94     36     3.521     3.521     1.621     0.8560      0.8560      0.8560      0.5710
54      A         B           54           GLU           96.33            94     94     36     3.521     3.521     1.621     0.7807      0.7807      0.7807      0.4413
55      A         B           55           GLU           95.59            94     94     36     3.521     3.521     1.621     0.6700      0.6700      0.6700      0.3103
56      A         B           56           LEU           95.89            94     94     36     3.521     3.521     1.621     0.6719      0.6719      0.6719      0.3120
57      A         B           57           THR           87.66            94     94     36     3.521     3.521     1.621     0.3863      0.3863      0.3863      0.1205
58      A         B           58           LYS           78.75            94     94     35     3.521     3.521     1.566     0.2076      0.2105      0.2105      0.0507
59      B         A            1           CYS           94.05            94     94     58     3.521     3.521     2.544     0.3499      0.3499      0.3499      0.2232
60      B         A            2           SER           89.93            94     94     58     3.521     3.521     2.544     0.3730      0.3730      0.3730      0.2427
61      B         A            3           GLN           91.22            94     94     58     3.521     3.521     2.544     0.3296      0.3296      0.3296      0.2069
62      B         A            4           ASN           94.20            94     94     58     3.521     3.521     2.544     0.6284      0.6284      0.6284      0.4784
63      B         A            5           GLU           97.12            94     94     58     3.521     3.521     2.544     0.8062      0.8062      0.8062      0.6904
64      B         A            6           TYR           96.70            94     94     58     3.521     3.521     2.544     0.8527      0.8527      0.8527      0.7564
65      B         A            7           PHE           97.06            94     94     58     3.521     3.521     2.544     0.8586      0.8586      0.8586      0.7648
66      B         A            8           ASP           97.24            94     94     58     3.521     3.521     2.544     0.8657      0.8657      0.8657      0.7750
67      B         A            9           SER           93.99            94     94     58     3.521     3.521     2.544     0.7408      0.7408      0.7408      0.6065
68      B         A           10           LEU           95.02            94     94     58     3.521     3.521     2.544     0.8278      0.8278      0.8278      0.7206
69      B         A           11           LEU           97.47            94     94     58     3.521     3.521     2.544     0.8717      0.8717      0.8717      0.7848
70      B         A           12           HIS           96.38            94     94     58     3.521     3.521     2.544     0.8460      0.8460      0.8460      0.7471
71      B         A           13           ALA           97.38            94     94     58     3.521     3.521     2.544     0.8130      0.8130      0.8130      0.7017
72      B         A           14           CYS           97.59            94     94     58     3.521     3.521     2.544     0.8476      0.8476      0.8476      0.7501
73      B         A           15           ILE           98.04            94     94     58     3.521     3.521     2.544     0.8803      0.8803      0.8803      0.7977
74      B         A           16           PRO           97.57            94     94     58     3.521     3.521     2.544     0.8584      0.8584      0.8584      0.7660
75      B         A           17           CYS           97.62            94     94     58     3.521     3.521     2.544     0.8467      0.8467      0.8467      0.7475
76      B         A           18           GLN           96.38            94     94     58     3.521     3.521     2.544     0.8180      0.8180      0.8180      0.7071
77      B         A           19           LEU           97.82            94     94     58     3.521     3.521     2.544     0.8775      0.8775      0.8775      0.7928
78      B         A           20           ARG           96.59            94     94     58     3.521     3.521     2.544     0.8084      0.8084      0.8084      0.6933
79      B         A           21           CYS           93.84            94     94     58     3.521     3.521     2.544     0.7050      0.7050      0.7050      0.5642
80      B         A           22           SER           87.19            94     94     58     3.521     3.521     2.544     0.5520      0.5520      0.5520      0.4025
81      B         A           23           SER           88.82            94     94     58     3.521     3.521     2.544     0.5630      0.5630      0.5630      0.4129
82      B         A           24           ASN           84.36            94     94     58     3.521     3.521     2.544     0.5445      0.5445      0.5445      0.3937
83      B         A           25           THR           85.12            94     94     58     3.521     3.521     2.544     0.5336      0.5336      0.5336      0.3834
84      B         A           26           PRO           92.90            94     94     58     3.521     3.521     2.544     0.6364      0.6364      0.6364      0.4851
85      B         A           27           PRO           94.09            94     94     58     3.521     3.521     2.544     0.7256      0.7256      0.7256      0.5863
86      B         A           28           LEU           91.58            94     94     58     3.521     3.521     2.544     0.6744      0.6744      0.6744      0.5244
87      B         A           29           THR           91.31            94     94     58     3.521     3.521     2.544     0.6126      0.6126      0.6126      0.4576
88      B         A           30           CYS           95.91            94     94     58     3.521     3.521     2.544     0.7224      0.7224      0.7224      0.5817
89      B         A           31           GLN           93.88            94     94     58     3.521     3.521     2.544     0.6569      0.6569      0.6569      0.5056
90      B         A           32           ARG           91.80            94     94     58     3.521     3.521     2.544     0.5207      0.5207      0.5207      0.3663
91      B         A           33           TYR           95.25            94     94     58     3.521     3.521     2.544     0.6737      0.6737      0.6737      0.5239
92      B         A           34           CYS           94.85            94     94     58     3.521     3.521     2.544     0.6212      0.6212      0.6212      0.4667
93      B         A           35           ASN           91.85            94     94     58     3.521     3.521     2.544     0.3904      0.3904      0.3904      0.2548
94      B         A           36           ALA           83.36            94     94     19     3.521     3.521     1.001     0.1003      0.1387      0.1387      0.0129
