i   AlignChn ScoredChain  AlignResNum  AlignResType  AlignRespLDDT      n0chn  n0dom  n0res    d0chn     d0dom     d0res   ipTM_pae  ipSAE_d0chn ipSAE_d0dom    ipSAE 
1       A         B            1           SER           59.75            94     94      8     3.521     3.521     1.001     0.1042      0.1965      0.1965      0.0200
2       A         B            2           SER           79.59            94     94     36     3.521     3.521     1.621     0.3479      0.3479      0.3479      0.1057
3       A         B            3           ILE           92.40            94     94     36     3.521     3.521     1.621     0.7425      0.7425      0.7425      0.3944
4       A         B            4           GLU           94.17            94     94     36     3.521     3.521     1.621     0.8590      0.8590      0.8590      0.5762
5       A         B            5           LYS           92.81            94     94     36     3.521     3.521     1.621     0.8854      0.8854      0.8854      0.6343
6       A         B            6           GLU           95.23            94     94     36     3.521     3.521     1.621     0.9003      0.9003      0.9003      0.6691
7       A         B            7           ILE           96.80            94     94     36     3.521     3.521     1.621     0.9178      0.9178      0.9178      0.7143
8       A         B            8           GLN           96.13            94     94     36     3.521     3.521     1.621     0.9264      0.9264      0.9264      0.7380
9       A         B            9           GLU           96.02            94     94     36     3.521     3.521     1.621     0.9287      0.9287      0.9287      0.7448
10      A         B           10           GLU           97.63            94     94     36     3.521     3.521     1.621     0.9404      0.9404      0.9404      0.7795
11      A         B           11           ILE           97.98            94     94     36     3.521     3.521     1.621     0.9377      0.9377      0.9377      0.7717
12      A         B           12           ASP           97.97            94     94     36     3.521     3.521     1.621     0.9393      0.9393      0.9393      0.7776
13      A         B           13           ILE           98.42            94     94     36     3.521     3.521     1.621     0.9511      0.9511      0.9511      0.8129
14      A         B           14           PHE           98.56            94     94     36     3.521     3.521     1.621     0.9444      0.9444      0.9444      0.7931
15      A         B           15           LYS           97.98            94     94     36     3.521     3.521     1.621     0.9303      0.9303      0.9303      0.7491
16      A         B           16           TYR           98.33            94     94     36     3.521     3.521     1.621     0.9390      0.9390      0.9390      0.7754
17      A         B           17           LEU           98.44            94     94     36     3.521     3.521     1.621     0.9403      0.9403      0.9403      0.7795
18      A         B           18           LEU           97.10            94     94     36     3.521     3.521     1.621     0.9198      0.9198      0.9198      0.7214
19      A         B           19           SER           96.88            94     94     36     3.521     3.521     1.621     0.8567      0.8567      0.8567      0.5733
20      A         B           20           GLN           96.18            94     94     36     3.521     3.521     1.621     0.8440      0.8440      0.8440      0.5510
21      A         B           21           GLY           96.81            94     94     36     3.521     3.521     1.621     0.7837      0.7837      0.7837      0.4517
22      A         B           22           MET           96.81            94     94     36     3.521     3.521     1.621     0.8466      0.8466      0.8466      0.5570
23      A         B           23           ASP           96.19            94     94     36     3.521     3.521     1.621     0.8306      0.8306      0.8306      0.5316
24      A         B           24           PRO           96.29            94     94     36     3.521     3.521     1.621     0.8121      0.8121      0.8121      0.4973
25      A         B           25           GLU           95.50            94     94     36     3.521     3.521     1.621     0.8169      0.8169      0.8169      0.5078
26      A         B           26           HIS           93.73            94     94     36     3.521     3.521     1.621     0.8461      0.8461      0.8461      0.5565
27      A         B           27           ILE           97.66            94     94     36     3.521     3.521     1.621     0.8953      0.8953      0.8953      0.6598
28      A         B           28           LYS           97.11            94     94     36     3.521     3.521     1.621     0.8848      0.8848      0.8848      0.6389
29      A         B           29           GLU           96.33            94     94     36     3.521     3.521     1.621     0.8654      0.8654      0.8654      0.5958
30      A         B           30           GLY           97.86            94     94     36     3.521     3.521     1.621     0.8932      0.8932      0.8932      0.6544
31      A         B           31           ILE           98.24            94     94     36     3.521     3.521     1.621     0.9121      0.9121      0.9121      0.7019
32      A         B           32           ILE           97.94            94     94     36     3.521     3.521     1.621     0.9033      0.9033      0.9033      0.6800
33      A         B           33           ARG           97.49            94     94     36     3.521     3.521     1.621     0.8747      0.8747      0.8747      0.6121
34      A         B           34           ARG           96.18            94     94     36     3.521     3.521     1.621     0.8815      0.8815      0.8815      0.6257
35      A         B           35           ALA           97.23            94     94     36     3.521     3.521     1.621     0.8824      0.8824      0.8824      0.6309
36      A         B           36           ARG           97.10            94     94     36     3.521     3.521     1.621     0.8318      0.8318      0.8318      0.5288
37      A         B           37           ASN           94.62            94     94     36     3.521     3.521     1.621     0.7536      0.7536      0.7536      0.4070
38      A         B           38           GLU           94.05            94     94     36     3.521     3.521     1.621     0.8096      0.8096      0.8096      0.4885
39      A         B           39           PRO           92.38            94     94     36     3.521     3.521     1.621     0.7120      0.7120      0.7120      0.3578
40      A         B           40           TRP           92.35            94     94     36     3.521     3.521     1.621     0.7598      0.7598      0.7598      0.4121
41      A         B           41           PHE           96.60            94     94     36     3.521     3.521     1.621     0.8415      0.8415      0.8415      0.5404
42      A         B           42           SER           96.15            94     94     36     3.521     3.521     1.621     0.8023      0.8023      0.8023      0.4727
43      A         B           43           GLU           96.75            94     94     36     3.521     3.521     1.621     0.7563      0.7563      0.7563      0.4065
44      A         B           44           GLU           96.30            94     94     36     3.521     3.521     1.621     0.7457      0.7457      0.7457      0.3940
45      A         B           45           GLU           97.09            94     94     36     3.521     3.521     1.621     0.8462      0.8462      0.8462      0.5500
46      A         B           46           ILE           98.05            94     94     36     3.521     3.521     1.621     0.8523      0.8523      0.8523      0.5612
47      A         B           47           GLU           97.75            94     94     36     3.521     3.521     1.621     0.8115      0.8115      0.8115      0.4888
48      A         B           48           GLU           96.83            94     94     36     3.521     3.521     1.621     0.8570      0.8570      0.8570      0.5704
49      A         B           49           LEU           98.09            94     94     36     3.521     3.521     1.621     0.8933      0.8933      0.8933      0.6502
50      A         B           50           GLU           97.82            94     94     36     3.521     3.521     1.621     0.8644      0.8644      0.8644      0.5856
51      A         B           51           GLU           97.54            94     94     36     3.521     3.521     1.621     0.8146      0.8146      0.8146      0.4948
52      A         B           52           ARG           97.72            94     94     36     3.521     3.521     1.621     0.8702      0.8702      0.8702      0.5981
53      A         B           53           LEU           98.08            94     94     36     3.521     3.521     1.621     0.8792      0.8792      0.8792      0.6184
54      A         B           54           GLU           96.21            94     94     36     3.521     3.521     1.621     0.8147      0.8147      0.8147      0.4944
55      A         B           55           GLU           95.40            94     94     36     3.521     3.521     1.621     0.7261      0.7261      0.7261      0.3708
56      A         B           56           LEU           95.80            94     94     36     3.521     3.521     1.621     0.7271      0.7271      0.7271      0.3717
57      A         B           57           THR           87.70            94     94     36     3.521     3.521     1.621     0.4757      0.4757      0.4757      0.1655
58      A         B           58           LYS           76.32            94     94     36     3.521     3.521     1.621     0.2694      0.2694      0.2694      0.0735
59      B         A            1           CYS           94.37            94     94     58     3.521     3.521     2.544     0.3910      0.3910      0.3910      0.2560
60      B         A            2           SER           90.21            94     94     58     3.521     3.521     2.544     0.4276      0.4276      0.4276      0.2877
61      B         A            3           GLN           91.15            94     94     58     3.521     3.521     2.544     0.3682      0.3682      0.3682      0.2367
62      B         A            4           ASN           94.44            94     94     58     3.521     3.521     2.544     0.6621      0.6621      0.6621      0.5148
63      B         A            5           GLU           97.20            94     94     58     3.521     3.521     2.544     0.8298      0.8298      0.8298      0.7227
64      B         A            6           TYR           96.72            94     94     58     3.521     3.521     2.544     0.8760      0.8760      0.8760      0.7906
65      B         A            7           PHE           97.07            94     94     58     3.521     3.521     2.544     0.8810      0.8810      0.8810      0.7980
66      B         A            8           ASP           97.14            94     94     58     3.521     3.521     2.544     0.8886      0.8886      0.8886      0.8096
67      B         A            9           SER           93.96            94     94     58     3.521     3.521     2.544     0.7759      0.7759      0.7759      0.6510
68      B         A           10           LEU           94.85            94     94     58     3.521     3.521     2.544     0.8553      0.8553      0.8553      0.7602
69      B         A           11           LEU           97.32            94     94     58     3.521     3.521     2.544     0.8919      0.8919      0.8919      0.8155
70      B         A           12           HIS           95.96            94     94     58     3.521     3.521     2.544     0.8604      0.8604      0.8604      0.7679
71      B         A           13           ALA           97.23            94     94     58     3.521     3.521     2.544     0.8370      0.8370      0.8370      0.7348
72      B         A           14           CYS           97.56            94     94     58     3.521     3.521     2.544     0.8722      0.8722      0.8722      0.7857
73      B         A           15           ILE           97.91            94     94     58     3.521     3.521     2.544     0.8987      0.8987      0.8987      0.8257
74      B         A           16           PRO           97.53            94     94     58     3.521     3.521     2.544     0.8794      0.8794      0.8794      0.7966
75      B         A           17           CYS           97.66            94     94     58     3.521     3.521     2.544     0.8658      0.8658      0.8658      0.7751
76      B         A           18           GLN           96.17            94     94     58     3.521     3.521     2.544     0.8348      0.8348      0.8348      0.7302
77      B         A           19           LEU           97.70            94     94     58     3.521     3.521     2.544     0.8979      0.8979      0.8979      0.8240
78      B         A           20           ARG           96.30            94     94     58     3.521     3.521     2.544     0.8383      0.8383      0.8383      0.7348
79      B         A           21           CYS           93.52            94     94     58     3.521     3.521     2.544     0.7444      0.7444      0.7444      0.6115
80      B         A           22           SER           87.48            94     94     58     3.521     3.521     2.544     0.6240      0.6240      0.6240      0.4754
81      B         A           23           SER           88.73            94     94     58     3.521     3.521     2.544     0.6373      0.6373      0.6373      0.4895
82      B         A           24           ASN           83.32            94     94     58     3.521     3.521     2.544     0.6020      0.6020      0.6020      0.4523
83      B         A           25           THR           84.73            94     94     58     3.521     3.521     2.544     0.5961      0.5961      0.5961      0.4461
84      B         A           26           PRO           93.02            94     94     58     3.521     3.521     2.544     0.6996      0.6996      0.6996      0.5563
85      B         A           27           PRO           93.95            94     94     58     3.521     3.521     2.544     0.7732      0.7732      0.7732      0.6457
86      B         A           28           LEU           91.03            94     94     58     3.521     3.521     2.544     0.7174      0.7174      0.7174      0.5747
87      B         A           29           THR           91.11            94     94     58     3.521     3.521     2.544     0.6502      0.6502      0.6502      0.4979
88      B         A           30           CYS           95.99            94     94     58     3.521     3.521     2.544     0.7599      0.7599      0.7599      0.6278
89      B         A           31           GLN           93.98            94     94     58     3.521     3.521     2.544     0.6919      0.6919      0.6919      0.5450
90      B         A           32           ARG           91.93            94     94     58     3.521     3.521     2.544     0.5668      0.5668      0.5668      0.4106
91      B         A           33           TYR           95.47            94     94     58     3.521     3.521     2.544     0.7209      0.7209      0.7209      0.5789
92      B         A           34           CYS           94.96            94     94     58     3.521     3.521     2.544     0.6729      0.6729      0.6729      0.5233
93      B         A           35           ASN           92.12            94     94     58     3.521     3.521     2.544     0.4426      0.4426      0.4426      0.2979
94      B         A           36           ALA           83.07            94     94     34     3.521     3.521     1.509     0.1265      0.1519      0.1519      0.0320
