i   AlignChn ScoredChain  AlignResNum  AlignResType  AlignRespLDDT      n0chn  n0dom  n0res    d0chn     d0dom     d0res   ipTM_pae  ipSAE_d0chn ipSAE_d0dom    ipSAE 
1       A         B            1           SER           88.26            91     91     36     3.452     3.452     1.621     0.2916      0.2916      0.2916      0.0897
2       A         B            2           MET           91.91            91     91     36     3.452     3.452     1.621     0.5787      0.5787      0.5787      0.2508
3       A         B            3           LEU           97.31            91     91     36     3.452     3.452     1.621     0.7468      0.7468      0.7468      0.4182
4       A         B            4           GLU           97.97            91     91     36     3.452     3.452     1.621     0.7409      0.7409      0.7409      0.4104
5       A         B            5           LYS           96.92            91     91     36     3.452     3.452     1.621     0.7989      0.7989      0.7989      0.4874
6       A         B            6           THR           98.22            91     91     36     3.452     3.452     1.621     0.8388      0.8388      0.8388      0.5600
7       A         B            7           LYS           98.59            91     91     36     3.452     3.452     1.621     0.8320      0.8320      0.8320      0.5522
8       A         B            8           GLU           98.40            91     91     36     3.452     3.452     1.621     0.8062      0.8062      0.8062      0.4993
9       A         B            9           GLU           98.29            91     91     36     3.452     3.452     1.621     0.8554      0.8554      0.8554      0.5868
10      A         B           10           LEU           98.70            91     91     36     3.452     3.452     1.621     0.8689      0.8689      0.8689      0.6184
11      A         B           11           LYS           98.54            91     91     36     3.452     3.452     1.621     0.8459      0.8459      0.8459      0.5745
12      A         B           12           LYS           98.08            91     91     36     3.452     3.452     1.621     0.8220      0.8220      0.8220      0.5229
13      A         B           13           GLN           96.62            91     91     36     3.452     3.452     1.621     0.8560      0.8560      0.8560      0.5864
14      A         B           14           ILE           97.90            91     91     36     3.452     3.452     1.621     0.8457      0.8457      0.8457      0.5684
15      A         B           15           GLU           97.48            91     91     36     3.452     3.452     1.621     0.7679      0.7679      0.7679      0.4436
16      A         B           16           MET           94.32            91     91     36     3.452     3.452     1.621     0.6932      0.6932      0.6932      0.3437
17      A         B           17           GLY           94.52            91     91     36     3.452     3.452     1.621     0.6671      0.6671      0.6671      0.3179
18      A         B           18           GLU           95.24            91     91     36     3.452     3.452     1.621     0.7607      0.7607      0.7607      0.4253
19      A         B           19           LYS           95.39            91     91     36     3.452     3.452     1.621     0.7807      0.7807      0.7807      0.4565
20      A         B           20           GLU           95.84            91     91     36     3.452     3.452     1.621     0.8564      0.8564      0.8564      0.5902
21      A         B           21           THR           97.04            91     91     36     3.452     3.452     1.621     0.8832      0.8832      0.8832      0.6468
22      A         B           22           VAL           98.03            91     91     36     3.452     3.452     1.621     0.8992      0.8992      0.8992      0.6855
23      A         B           23           TYR           98.31            91     91     36     3.452     3.452     1.621     0.8985      0.8985      0.8985      0.6832
24      A         B           24           ARG           97.87            91     91     36     3.452     3.452     1.621     0.8778      0.8778      0.8778      0.6398
25      A         B           25           VAL           98.52            91     91     36     3.452     3.452     1.621     0.9171      0.9171      0.9171      0.7331
26      A         B           26           VAL           98.78            91     91     36     3.452     3.452     1.621     0.9154      0.9154      0.9154      0.7270
27      A         B           27           SER           98.63            91     91     36     3.452     3.452     1.621     0.8925      0.8925      0.8925      0.6723
28      A         B           28           TYR           98.75            91     91     36     3.452     3.452     1.621     0.9046      0.9046      0.9046      0.7012
29      A         B           29           LEU           98.88            91     91     36     3.452     3.452     1.621     0.9079      0.9079      0.9079      0.7119
30      A         B           30           VAL           98.65            91     91     36     3.452     3.452     1.621     0.8898      0.8898      0.8898      0.6667
31      A         B           31           GLU           98.56            91     91     36     3.452     3.452     1.621     0.8508      0.8508      0.8508      0.5825
32      A         B           32           HIS           98.37            91     91     36     3.452     3.452     1.621     0.8695      0.8695      0.8695      0.6238
33      A         B           33           PRO           98.17            91     91     36     3.452     3.452     1.621     0.8149      0.8149      0.8149      0.5250
34      A         B           34           GLU           97.84            91     91     36     3.452     3.452     1.621     0.8038      0.8038      0.8038      0.5106
35      A         B           35           ARG           97.61            91     91     36     3.452     3.452     1.621     0.8420      0.8420      0.8420      0.5789
36      A         B           36           SER           98.25            91     91     36     3.452     3.452     1.621     0.8497      0.8497      0.8497      0.5945
37      A         B           37           MET           96.85            91     91     36     3.452     3.452     1.621     0.8402      0.8402      0.8402      0.5741
38      A         B           38           MET           97.74            91     91     36     3.452     3.452     1.621     0.8474      0.8474      0.8474      0.5882
39      A         B           39           SER           97.84            91     91     36     3.452     3.452     1.621     0.8011      0.8011      0.8011      0.5083
40      A         B           40           PRO           98.28            91     91     36     3.452     3.452     1.621     0.7852      0.7852      0.7852      0.4759
41      A         B           41           GLU           98.40            91     91     36     3.452     3.452     1.621     0.7705      0.7705      0.7705      0.4568
42      A         B           42           GLU           98.35            91     91     36     3.452     3.452     1.621     0.8610      0.8610      0.8610      0.6068
43      A         B           43           ILE           98.73            91     91     36     3.452     3.452     1.621     0.8629      0.8629      0.8629      0.6104
44      A         B           44           GLU           98.65            91     91     36     3.452     3.452     1.621     0.8465      0.8465      0.8465      0.5804
45      A         B           45           GLU           98.66            91     91     36     3.452     3.452     1.621     0.8373      0.8373      0.8373      0.5595
46      A         B           46           ILE           98.80            91     91     36     3.452     3.452     1.621     0.8671      0.8671      0.8671      0.6157
47      A         B           47           TYR           98.87            91     91     36     3.452     3.452     1.621     0.8654      0.8654      0.8654      0.6153
48      A         B           48           LYS           98.79            91     91     36     3.452     3.452     1.621     0.8198      0.8198      0.8198      0.5314
49      A         B           49           PHE           98.85            91     91     36     3.452     3.452     1.621     0.8517      0.8517      0.8517      0.5819
50      A         B           50           VAL           98.85            91     91     36     3.452     3.452     1.621     0.8608      0.8608      0.8608      0.6018
51      A         B           51           GLU           98.49            91     91     36     3.452     3.452     1.621     0.8107      0.8107      0.8107      0.5134
52      A         B           52           GLU           98.58            91     91     36     3.452     3.452     1.621     0.7411      0.7411      0.7411      0.4063
53      A         B           53           LEU           98.51            91     91     36     3.452     3.452     1.621     0.7325      0.7325      0.7325      0.3912
54      A         B           54           MET           96.65            91     91     36     3.452     3.452     1.621     0.4984      0.4984      0.4984      0.1852
55      A         B           55           LYS           92.73            91     91     36     3.452     3.452     1.621     0.2756      0.2756      0.2756      0.0806
56      B         A            1           CYS           93.68            91     91     55     3.452     3.452     2.441     0.3599      0.3599      0.3599      0.2239
57      B         A            2           SER           91.54            91     91     55     3.452     3.452     2.441     0.4144      0.4144      0.4144      0.2699
58      B         A            3           GLN           92.61            91     91     55     3.452     3.452     2.441     0.3039      0.3039      0.3039      0.1818
59      B         A            4           ASN           95.14            91     91     55     3.452     3.452     2.441     0.6235      0.6235      0.6235      0.4607
60      B         A            5           GLU           97.51            91     91     55     3.452     3.452     2.441     0.8081      0.8081      0.8081      0.6819
61      B         A            6           TYR           96.89            91     91     55     3.452     3.452     2.441     0.8754      0.8754      0.8754      0.7816
62      B         A            7           PHE           97.05            91     91     55     3.452     3.452     2.441     0.9063      0.9063      0.9063      0.8309
63      B         A            8           ASP           97.95            91     91     55     3.452     3.452     2.441     0.9229      0.9229      0.9229      0.8586
64      B         A            9           SER           95.71            91     91     55     3.452     3.452     2.441     0.8566      0.8566      0.8566      0.7530
65      B         A           10           LEU           97.31            91     91     55     3.452     3.452     2.441     0.9235      0.9235      0.9235      0.8597
66      B         A           11           LEU           98.54            91     91     55     3.452     3.452     2.441     0.9404      0.9404      0.9404      0.8892
67      B         A           12           HIS           97.35            91     91     55     3.452     3.452     2.441     0.9187      0.9187      0.9187      0.8518
68      B         A           13           ALA           98.39            91     91     55     3.452     3.452     2.441     0.8777      0.8777      0.8777      0.7864
69      B         A           14           CYS           97.47            91     91     55     3.452     3.452     2.441     0.8594      0.8594      0.8594      0.7588
70      B         A           15           ILE           98.32            91     91     55     3.452     3.452     2.441     0.8834      0.8834      0.8834      0.7946
71      B         A           16           PRO           98.19            91     91     55     3.452     3.452     2.441     0.8687      0.8687      0.8687      0.7731
72      B         A           17           CYS           98.10            91     91     55     3.452     3.452     2.441     0.8320      0.8320      0.8320      0.7184
73      B         A           18           GLN           97.31            91     91     55     3.452     3.452     2.441     0.7835      0.7835      0.7835      0.6519
74      B         A           19           LEU           98.08            91     91     55     3.452     3.452     2.441     0.8550      0.8550      0.8550      0.7516
75      B         A           20           ARG           96.77            91     91     55     3.452     3.452     2.441     0.7440      0.7440      0.7440      0.6018
76      B         A           21           CYS           95.45            91     91     55     3.452     3.452     2.441     0.6087      0.6087      0.6087      0.4479
77      B         A           22           SER           88.88            91     91     55     3.452     3.452     2.441     0.3819      0.3819      0.3819      0.2437
78      B         A           23           SER           90.21            91     91     55     3.452     3.452     2.441     0.3779      0.3779      0.3779      0.2406
79      B         A           24           ASN           83.06            91     91     55     3.452     3.452     2.441     0.3016      0.3016      0.3016      0.1835
80      B         A           25           THR           85.69            91     91     55     3.452     3.452     2.441     0.3499      0.3499      0.3499      0.2172
81      B         A           26           PRO           92.44            91     91     55     3.452     3.452     2.441     0.4789      0.4789      0.4789      0.3208
82      B         A           27           PRO           94.18            91     91     55     3.452     3.452     2.441     0.6207      0.6207      0.6207      0.4566
83      B         A           28           LEU           91.42            91     91     55     3.452     3.452     2.441     0.5773      0.5773      0.5773      0.4109
84      B         A           29           THR           91.64            91     91     55     3.452     3.452     2.441     0.5267      0.5267      0.5267      0.3626
85      B         A           30           CYS           97.14            91     91     55     3.452     3.452     2.441     0.6484      0.6484      0.6484      0.4852
86      B         A           31           GLN           93.97            91     91     55     3.452     3.452     2.441     0.5550      0.5550      0.5550      0.3888
87      B         A           32           ARG           92.52            91     91     55     3.452     3.452     2.441     0.4249      0.4249      0.4249      0.2727
88      B         A           33           TYR           95.18            91     91     55     3.452     3.452     2.441     0.5567      0.5567      0.5567      0.3908
89      B         A           34           CYS           95.46            91     91     55     3.452     3.452     2.441     0.4926      0.4926      0.4926      0.3320
90      B         A           35           ASN           91.36            91     91     55     3.452     3.452     2.441     0.2794      0.2794      0.2794      0.1646
91      B         A           36           ALA           85.24            91     91      2     3.452     3.452     1.001     0.0642      0.1331      0.1331      0.0127
