i   AlignChn ScoredChain  AlignResNum  AlignResType  AlignRespLDDT      n0chn  n0dom  n0res    d0chn     d0dom     d0res   ipTM_pae  ipSAE_d0chn ipSAE_d0dom    ipSAE 
1       A         B            1           SER           88.02            91     91     36     3.452     3.452     1.621     0.2661      0.2661      0.2661      0.0793
2       A         B            2           MET           91.45            91     91     36     3.452     3.452     1.621     0.5595      0.5595      0.5595      0.2345
3       A         B            3           LEU           97.10            91     91     36     3.452     3.452     1.621     0.7307      0.7307      0.7307      0.3958
4       A         B            4           GLU           97.76            91     91     36     3.452     3.452     1.621     0.7229      0.7229      0.7229      0.3864
5       A         B            5           LYS           96.68            91     91     36     3.452     3.452     1.621     0.7879      0.7879      0.7879      0.4687
6       A         B            6           THR           98.09            91     91     36     3.452     3.452     1.621     0.8227      0.8227      0.8227      0.5289
7       A         B            7           LYS           98.73            91     91     36     3.452     3.452     1.621     0.8382      0.8382      0.8382      0.5603
8       A         B            8           GLU           98.39            91     91     36     3.452     3.452     1.621     0.8027      0.8027      0.8027      0.4915
9       A         B            9           GLU           98.20            91     91     36     3.452     3.452     1.621     0.8491      0.8491      0.8491      0.5726
10      A         B           10           LEU           98.72            91     91     36     3.452     3.452     1.621     0.8678      0.8678      0.8678      0.6149
11      A         B           11           LYS           98.65            91     91     36     3.452     3.452     1.621     0.8440      0.8440      0.8440      0.5699
12      A         B           12           LYS           98.00            91     91     36     3.452     3.452     1.621     0.8174      0.8174      0.8174      0.5130
13      A         B           13           GLN           96.73            91     91     36     3.452     3.452     1.621     0.8533      0.8533      0.8533      0.5805
14      A         B           14           ILE           97.93            91     91     36     3.452     3.452     1.621     0.8439      0.8439      0.8439      0.5642
15      A         B           15           GLU           97.44            91     91     36     3.452     3.452     1.621     0.7660      0.7660      0.7660      0.4401
16      A         B           16           MET           94.60            91     91     36     3.452     3.452     1.621     0.6836      0.6836      0.6836      0.3341
17      A         B           17           GLY           94.75            91     91     36     3.452     3.452     1.621     0.6403      0.6403      0.6403      0.2941
18      A         B           18           GLU           95.44            91     91     36     3.452     3.452     1.621     0.7510      0.7510      0.7510      0.4121
19      A         B           19           LYS           95.48            91     91     36     3.452     3.452     1.621     0.7840      0.7840      0.7840      0.4615
20      A         B           20           GLU           95.95            91     91     36     3.452     3.452     1.621     0.8555      0.8555      0.8555      0.5867
21      A         B           21           THR           97.27            91     91     36     3.452     3.452     1.621     0.8818      0.8818      0.8818      0.6428
22      A         B           22           VAL           98.15            91     91     36     3.452     3.452     1.621     0.8989      0.8989      0.8989      0.6842
23      A         B           23           TYR           98.41            91     91     36     3.452     3.452     1.621     0.8972      0.8972      0.8972      0.6796
24      A         B           24           ARG           97.94            91     91     36     3.452     3.452     1.621     0.8732      0.8732      0.8732      0.6290
25      A         B           25           VAL           98.60            91     91     36     3.452     3.452     1.621     0.9158      0.9158      0.9158      0.7294
26      A         B           26           VAL           98.81            91     91     36     3.452     3.452     1.621     0.9168      0.9168      0.9168      0.7304
27      A         B           27           SER           98.67            91     91     36     3.452     3.452     1.621     0.8908      0.8908      0.8908      0.6669
28      A         B           28           TYR           98.76            91     91     36     3.452     3.452     1.621     0.9016      0.9016      0.9016      0.6927
29      A         B           29           LEU           98.88            91     91     36     3.452     3.452     1.621     0.9071      0.9071      0.9071      0.7088
30      A         B           30           VAL           98.67            91     91     36     3.452     3.452     1.621     0.8892      0.8892      0.8892      0.6636
31      A         B           31           GLU           98.54            91     91     36     3.452     3.452     1.621     0.8420      0.8420      0.8420      0.5653
32      A         B           32           HIS           98.41            91     91     36     3.452     3.452     1.621     0.8700      0.8700      0.8700      0.6228
33      A         B           33           PRO           98.21            91     91     36     3.452     3.452     1.621     0.8122      0.8122      0.8122      0.5179
34      A         B           34           GLU           97.76            91     91     36     3.452     3.452     1.621     0.8024      0.8024      0.8024      0.5070
35      A         B           35           ARG           97.54            91     91     36     3.452     3.452     1.621     0.8313      0.8313      0.8313      0.5600
36      A         B           36           SER           98.14            91     91     36     3.452     3.452     1.621     0.8387      0.8387      0.8387      0.5731
37      A         B           37           MET           96.69            91     91     36     3.452     3.452     1.621     0.8302      0.8302      0.8302      0.5547
38      A         B           38           MET           97.63            91     91     36     3.452     3.452     1.621     0.8412      0.8412      0.8412      0.5753
39      A         B           39           SER           97.73            91     91     36     3.452     3.452     1.621     0.7947      0.7947      0.7947      0.4968
40      A         B           40           PRO           98.20            91     91     36     3.452     3.452     1.621     0.7753      0.7753      0.7753      0.4596
41      A         B           41           GLU           98.36            91     91     36     3.452     3.452     1.621     0.7616      0.7616      0.7616      0.4428
42      A         B           42           GLU           98.29            91     91     36     3.452     3.452     1.621     0.8564      0.8564      0.8564      0.5971
43      A         B           43           ILE           98.71            91     91     36     3.452     3.452     1.621     0.8573      0.8573      0.8573      0.5975
44      A         B           44           GLU           98.65            91     91     36     3.452     3.452     1.621     0.8446      0.8446      0.8446      0.5739
45      A         B           45           GLU           98.63            91     91     36     3.452     3.452     1.621     0.8354      0.8354      0.8354      0.5551
46      A         B           46           ILE           98.81            91     91     36     3.452     3.452     1.621     0.8686      0.8686      0.8686      0.6179
47      A         B           47           TYR           98.87            91     91     36     3.452     3.452     1.621     0.8660      0.8660      0.8660      0.6152
48      A         B           48           LYS           98.79            91     91     36     3.452     3.452     1.621     0.8224      0.8224      0.8224      0.5339
49      A         B           49           PHE           98.85            91     91     36     3.452     3.452     1.621     0.8557      0.8557      0.8557      0.5890
50      A         B           50           VAL           98.87            91     91     36     3.452     3.452     1.621     0.8639      0.8639      0.8639      0.6072
51      A         B           51           GLU           98.52            91     91     36     3.452     3.452     1.621     0.8119      0.8119      0.8119      0.5146
52      A         B           52           GLU           98.53            91     91     36     3.452     3.452     1.621     0.7349      0.7349      0.7349      0.3977
53      A         B           53           LEU           98.49            91     91     36     3.452     3.452     1.621     0.7305      0.7305      0.7305      0.3880
54      A         B           54           MET           96.77            91     91     36     3.452     3.452     1.621     0.5027      0.5027      0.5027      0.1879
55      A         B           55           LYS           92.95            91     91     36     3.452     3.452     1.621     0.2830      0.2830      0.2830      0.0834
56      B         A            1           CYS           93.68            91     91     55     3.452     3.452     2.441     0.3466      0.3466      0.3466      0.2140
57      B         A            2           SER           91.30            91     91     55     3.452     3.452     2.441     0.4053      0.4053      0.4053      0.2627
58      B         A            3           GLN           92.64            91     91     55     3.452     3.452     2.441     0.3079      0.3079      0.3079      0.1847
59      B         A            4           ASN           95.10            91     91     55     3.452     3.452     2.441     0.6201      0.6201      0.6201      0.4576
60      B         A            5           GLU           97.45            91     91     55     3.452     3.452     2.441     0.8031      0.8031      0.8031      0.6750
61      B         A            6           TYR           96.93            91     91     55     3.452     3.452     2.441     0.8712      0.8712      0.8712      0.7751
62      B         A            7           PHE           97.08            91     91     55     3.452     3.452     2.441     0.9022      0.9022      0.9022      0.8241
63      B         A            8           ASP           97.95            91     91     55     3.452     3.452     2.441     0.9184      0.9184      0.9184      0.8510
64      B         A            9           SER           95.73            91     91     55     3.452     3.452     2.441     0.8559      0.8559      0.8559      0.7518
65      B         A           10           LEU           97.32            91     91     55     3.452     3.452     2.441     0.9192      0.9192      0.9192      0.8524
66      B         A           11           LEU           98.50            91     91     55     3.452     3.452     2.441     0.9362      0.9362      0.9362      0.8820
67      B         A           12           HIS           97.33            91     91     55     3.452     3.452     2.441     0.9113      0.9113      0.9113      0.8397
68      B         A           13           ALA           98.31            91     91     55     3.452     3.452     2.441     0.8656      0.8656      0.8656      0.7677
69      B         A           14           CYS           97.44            91     91     55     3.452     3.452     2.441     0.8545      0.8545      0.8545      0.7515
70      B         A           15           ILE           98.34            91     91     55     3.452     3.452     2.441     0.8766      0.8766      0.8766      0.7841
71      B         A           16           PRO           98.18            91     91     55     3.452     3.452     2.441     0.8603      0.8603      0.8603      0.7605
72      B         A           17           CYS           98.10            91     91     55     3.452     3.452     2.441     0.8267      0.8267      0.8267      0.7110
73      B         A           18           GLN           97.11            91     91     55     3.452     3.452     2.441     0.7545      0.7545      0.7545      0.6150
74      B         A           19           LEU           98.14            91     91     55     3.452     3.452     2.441     0.8527      0.8527      0.8527      0.7484
75      B         A           20           ARG           96.81            91     91     55     3.452     3.452     2.441     0.7489      0.7489      0.7489      0.6081
76      B         A           21           CYS           95.74            91     91     55     3.452     3.452     2.441     0.6150      0.6150      0.6150      0.4549
77      B         A           22           SER           89.66            91     91     55     3.452     3.452     2.441     0.3954      0.3954      0.3954      0.2548
78      B         A           23           SER           91.13            91     91     55     3.452     3.452     2.441     0.3978      0.3978      0.3978      0.2564
79      B         A           24           ASN           84.31            91     91     55     3.452     3.452     2.441     0.3193      0.3193      0.3193      0.1963
80      B         A           25           THR           85.61            91     91     55     3.452     3.452     2.441     0.3576      0.3576      0.3576      0.2232
81      B         A           26           PRO           92.38            91     91     55     3.452     3.452     2.441     0.4863      0.4863      0.4863      0.3275
82      B         A           27           PRO           94.36            91     91     55     3.452     3.452     2.441     0.6320      0.6320      0.6320      0.4690
83      B         A           28           LEU           91.61            91     91     55     3.452     3.452     2.441     0.5847      0.5847      0.5847      0.4182
84      B         A           29           THR           91.63            91     91     55     3.452     3.452     2.441     0.5331      0.5331      0.5331      0.3686
85      B         A           30           CYS           97.04            91     91     55     3.452     3.452     2.441     0.6487      0.6487      0.6487      0.4854
86      B         A           31           GLN           94.10            91     91     55     3.452     3.452     2.441     0.5669      0.5669      0.5669      0.4003
87      B         A           32           ARG           92.37            91     91     55     3.452     3.452     2.441     0.4287      0.4287      0.4287      0.2758
88      B         A           33           TYR           95.19            91     91     55     3.452     3.452     2.441     0.5584      0.5584      0.5584      0.3925
89      B         A           34           CYS           95.28            91     91     55     3.452     3.452     2.441     0.4860      0.4860      0.4860      0.3265
90      B         A           35           ASN           91.86            91     91     55     3.452     3.452     2.441     0.3013      0.3013      0.3013      0.1799
91      B         A           36           ALA           84.56            91     91      1     3.452     3.452     1.001     0.0533      0.1095      0.1095      0.0102
