i   AlignChn ScoredChain  AlignResNum  AlignResType  AlignRespLDDT      n0chn  n0dom  n0res    d0chn     d0dom     d0res   ipTM_pae  ipSAE_d0chn ipSAE_d0dom    ipSAE 
1       A         B            1           SER           88.39            91     91     36     3.452     3.452     1.621     0.2839      0.2839      0.2839      0.0864
2       A         B            2           MET           91.81            91     91     36     3.452     3.452     1.621     0.5830      0.5830      0.5830      0.2522
3       A         B            3           LEU           97.36            91     91     36     3.452     3.452     1.621     0.7529      0.7529      0.7529      0.4245
4       A         B            4           GLU           98.02            91     91     36     3.452     3.452     1.621     0.7467      0.7467      0.7467      0.4160
5       A         B            5           LYS           96.98            91     91     36     3.452     3.452     1.621     0.8020      0.8020      0.8020      0.4900
6       A         B            6           THR           98.24            91     91     36     3.452     3.452     1.621     0.8397      0.8397      0.8397      0.5585
7       A         B            7           LYS           98.72            91     91     36     3.452     3.452     1.621     0.8446      0.8446      0.8446      0.5719
8       A         B            8           GLU           98.37            91     91     36     3.452     3.452     1.621     0.8085      0.8085      0.8085      0.5010
9       A         B            9           GLU           98.29            91     91     36     3.452     3.452     1.621     0.8608      0.8608      0.8608      0.5946
10      A         B           10           LEU           98.74            91     91     36     3.452     3.452     1.621     0.8777      0.8777      0.8777      0.6346
11      A         B           11           LYS           98.71            91     91     36     3.452     3.452     1.621     0.8532      0.8532      0.8532      0.5860
12      A         B           12           LYS           98.10            91     91     36     3.452     3.452     1.621     0.8269      0.8269      0.8269      0.5290
13      A         B           13           GLN           96.66            91     91     36     3.452     3.452     1.621     0.8617      0.8617      0.8617      0.5958
14      A         B           14           ILE           97.92            91     91     36     3.452     3.452     1.621     0.8522      0.8522      0.8522      0.5786
15      A         B           15           GLU           97.54            91     91     36     3.452     3.452     1.621     0.7742      0.7742      0.7742      0.4508
16      A         B           16           MET           94.49            91     91     36     3.452     3.452     1.621     0.6856      0.6856      0.6856      0.3361
17      A         B           17           GLY           94.53            91     91     36     3.452     3.452     1.621     0.6491      0.6491      0.6491      0.3020
18      A         B           18           GLU           95.19            91     91     36     3.452     3.452     1.621     0.7437      0.7437      0.7437      0.4016
19      A         B           19           LYS           96.02            91     91     36     3.452     3.452     1.621     0.8112      0.8112      0.8112      0.5022
20      A         B           20           GLU           95.88            91     91     36     3.452     3.452     1.621     0.8606      0.8606      0.8606      0.5952
21      A         B           21           THR           97.14            91     91     36     3.452     3.452     1.621     0.8899      0.8899      0.8899      0.6590
22      A         B           22           VAL           98.09            91     91     36     3.452     3.452     1.621     0.9067      0.9067      0.9067      0.7010
23      A         B           23           TYR           98.33            91     91     36     3.452     3.452     1.621     0.9069      0.9069      0.9069      0.7007
24      A         B           24           ARG           97.96            91     91     36     3.452     3.452     1.621     0.8889      0.8889      0.8889      0.6604
25      A         B           25           VAL           98.57            91     91     36     3.452     3.452     1.621     0.9241      0.9241      0.9241      0.7490
26      A         B           26           VAL           98.79            91     91     36     3.452     3.452     1.621     0.9220      0.9220      0.9220      0.7413
27      A         B           27           SER           98.63            91     91     36     3.452     3.452     1.621     0.8996      0.8996      0.8996      0.6856
28      A         B           28           TYR           98.78            91     91     36     3.452     3.452     1.621     0.9122      0.9122      0.9122      0.7167
29      A         B           29           LEU           98.88            91     91     36     3.452     3.452     1.621     0.9150      0.9150      0.9150      0.7267
30      A         B           30           VAL           98.63            91     91     36     3.452     3.452     1.621     0.8948      0.8948      0.8948      0.6751
31      A         B           31           GLU           98.48            91     91     36     3.452     3.452     1.621     0.8450      0.8450      0.8450      0.5694
32      A         B           32           HIS           98.41            91     91     36     3.452     3.452     1.621     0.8763      0.8763      0.8763      0.6348
33      A         B           33           PRO           98.21            91     91     36     3.452     3.452     1.621     0.8221      0.8221      0.8221      0.5340
34      A         B           34           GLU           97.77            91     91     36     3.452     3.452     1.621     0.8061      0.8061      0.8061      0.5123
35      A         B           35           ARG           97.73            91     91     36     3.452     3.452     1.621     0.8523      0.8523      0.8523      0.5950
36      A         B           36           SER           98.23            91     91     36     3.452     3.452     1.621     0.8536      0.8536      0.8536      0.5992
37      A         B           37           MET           96.80            91     91     36     3.452     3.452     1.621     0.8452      0.8452      0.8452      0.5797
38      A         B           38           MET           97.76            91     91     36     3.452     3.452     1.621     0.8517      0.8517      0.8517      0.5935
39      A         B           39           SER           97.84            91     91     36     3.452     3.452     1.621     0.8041      0.8041      0.8041      0.5106
40      A         B           40           PRO           98.18            91     91     36     3.452     3.452     1.621     0.7842      0.7842      0.7842      0.4721
41      A         B           41           GLU           98.38            91     91     36     3.452     3.452     1.621     0.7728      0.7728      0.7728      0.4573
42      A         B           42           GLU           98.41            91     91     36     3.452     3.452     1.621     0.8668      0.8668      0.8668      0.6158
43      A         B           43           ILE           98.73            91     91     36     3.452     3.452     1.621     0.8697      0.8697      0.8697      0.6206
44      A         B           44           GLU           98.65            91     91     36     3.452     3.452     1.621     0.8548      0.8548      0.8548      0.5918
45      A         B           45           GLU           98.71            91     91     36     3.452     3.452     1.621     0.8491      0.8491      0.8491      0.5790
46      A         B           46           ILE           98.84            91     91     36     3.452     3.452     1.621     0.8813      0.8813      0.8813      0.6433
47      A         B           47           TYR           98.88            91     91     36     3.452     3.452     1.621     0.8751      0.8751      0.8751      0.6324
48      A         B           48           LYS           98.80            91     91     36     3.452     3.452     1.621     0.8314      0.8314      0.8314      0.5483
49      A         B           49           PHE           98.89            91     91     36     3.452     3.452     1.621     0.8639      0.8639      0.8639      0.6044
50      A         B           50           VAL           98.88            91     91     36     3.452     3.452     1.621     0.8700      0.8700      0.8700      0.6185
51      A         B           51           GLU           98.54            91     91     36     3.452     3.452     1.621     0.8225      0.8225      0.8225      0.5303
52      A         B           52           GLU           98.55            91     91     36     3.452     3.452     1.621     0.7387      0.7387      0.7387      0.4016
53      A         B           53           LEU           98.56            91     91     36     3.452     3.452     1.621     0.7349      0.7349      0.7349      0.3929
54      A         B           54           MET           96.72            91     91     36     3.452     3.452     1.621     0.5042      0.5042      0.5042      0.1885
55      A         B           55           LYS           92.73            91     91     36     3.452     3.452     1.621     0.2813      0.2813      0.2813      0.0828
56      B         A            1           CYS           93.76            91     91     55     3.452     3.452     2.441     0.3642      0.3642      0.3642      0.2273
57      B         A            2           SER           91.40            91     91     55     3.452     3.452     2.441     0.4245      0.4245      0.4245      0.2781
58      B         A            3           GLN           92.74            91     91     55     3.452     3.452     2.441     0.3163      0.3163      0.3163      0.1907
59      B         A            4           ASN           95.30            91     91     55     3.452     3.452     2.441     0.6399      0.6399      0.6399      0.4784
60      B         A            5           GLU           97.59            91     91     55     3.452     3.452     2.441     0.8144      0.8144      0.8144      0.6909
61      B         A            6           TYR           97.04            91     91     55     3.452     3.452     2.441     0.8789      0.8789      0.8789      0.7872
62      B         A            7           PHE           97.14            91     91     55     3.452     3.452     2.441     0.9096      0.9096      0.9096      0.8362
63      B         A            8           ASP           97.94            91     91     55     3.452     3.452     2.441     0.9228      0.9228      0.9228      0.8585
64      B         A            9           SER           95.81            91     91     55     3.452     3.452     2.441     0.8616      0.8616      0.8616      0.7605
65      B         A           10           LEU           97.35            91     91     55     3.452     3.452     2.441     0.9262      0.9262      0.9262      0.8643
66      B         A           11           LEU           98.55            91     91     55     3.452     3.452     2.441     0.9425      0.9425      0.9425      0.8929
67      B         A           12           HIS           97.42            91     91     55     3.452     3.452     2.441     0.9192      0.9192      0.9192      0.8528
68      B         A           13           ALA           98.31            91     91     55     3.452     3.452     2.441     0.8734      0.8734      0.8734      0.7796
69      B         A           14           CYS           97.53            91     91     55     3.452     3.452     2.441     0.8643      0.8643      0.8643      0.7662
70      B         A           15           ILE           98.35            91     91     55     3.452     3.452     2.441     0.8859      0.8859      0.8859      0.7987
71      B         A           16           PRO           98.26            91     91     55     3.452     3.452     2.441     0.8732      0.8732      0.8732      0.7801
72      B         A           17           CYS           98.08            91     91     55     3.452     3.452     2.441     0.8383      0.8383      0.8383      0.7279
73      B         A           18           GLN           97.25            91     91     55     3.452     3.452     2.441     0.7832      0.7832      0.7832      0.6520
74      B         A           19           LEU           98.11            91     91     55     3.452     3.452     2.441     0.8620      0.8620      0.8620      0.7622
75      B         A           20           ARG           96.94            91     91     55     3.452     3.452     2.441     0.7658      0.7658      0.7658      0.6297
76      B         A           21           CYS           95.41            91     91     55     3.452     3.452     2.441     0.6367      0.6367      0.6367      0.4777
77      B         A           22           SER           89.36            91     91     55     3.452     3.452     2.441     0.4228      0.4228      0.4228      0.2772
78      B         A           23           SER           90.47            91     91     55     3.452     3.452     2.441     0.4167      0.4167      0.4167      0.2721
79      B         A           24           ASN           83.46            91     91     55     3.452     3.452     2.441     0.3384      0.3384      0.3384      0.2108
80      B         A           25           THR           85.76            91     91     55     3.452     3.452     2.441     0.3759      0.3759      0.3759      0.2373
81      B         A           26           PRO           92.62            91     91     55     3.452     3.452     2.441     0.5040      0.5040      0.5040      0.3437
82      B         A           27           PRO           94.44            91     91     55     3.452     3.452     2.441     0.6471      0.6471      0.6471      0.4852
83      B         A           28           LEU           91.92            91     91     55     3.452     3.452     2.441     0.5997      0.5997      0.5997      0.4330
84      B         A           29           THR           91.58            91     91     55     3.452     3.452     2.441     0.5469      0.5469      0.5469      0.3819
85      B         A           30           CYS           97.24            91     91     55     3.452     3.452     2.441     0.6672      0.6672      0.6672      0.5063
86      B         A           31           GLN           94.61            91     91     55     3.452     3.452     2.441     0.5944      0.5944      0.5944      0.4280
87      B         A           32           ARG           93.04            91     91     55     3.452     3.452     2.441     0.4524      0.4524      0.4524      0.2955
88      B         A           33           TYR           95.35            91     91     55     3.452     3.452     2.441     0.5885      0.5885      0.5885      0.4225
89      B         A           34           CYS           95.45            91     91     55     3.452     3.452     2.441     0.5206      0.5206      0.5206      0.3578
90      B         A           35           ASN           92.34            91     91     55     3.452     3.452     2.441     0.3269      0.3269      0.3269      0.1983
91      B         A           36           ALA           85.87            91     91      5     3.452     3.452     1.001     0.0687      0.1217      0.1217      0.0115
