i   AlignChn ScoredChain  AlignResNum  AlignResType  AlignRespLDDT      n0chn  n0dom  n0res    d0chn     d0dom     d0res   ipTM_pae  ipSAE_d0chn ipSAE_d0dom    ipSAE 
1       A         B            1           SER           88.04            91     91     36     3.452     3.452     1.621     0.3111      0.3111      0.3111      0.0973
2       A         B            2           MET           91.53            91     91     36     3.452     3.452     1.621     0.5996      0.5996      0.5996      0.2661
3       A         B            3           LEU           97.19            91     91     36     3.452     3.452     1.621     0.7635      0.7635      0.7635      0.4386
4       A         B            4           GLU           97.80            91     91     36     3.452     3.452     1.621     0.7631      0.7631      0.7631      0.4375
5       A         B            5           LYS           96.73            91     91     36     3.452     3.452     1.621     0.8228      0.8228      0.8228      0.5236
6       A         B            6           THR           98.19            91     91     36     3.452     3.452     1.621     0.8564      0.8564      0.8564      0.5894
7       A         B            7           LYS           98.72            91     91     36     3.452     3.452     1.621     0.8640      0.8640      0.8640      0.6074
8       A         B            8           GLU           98.37            91     91     36     3.452     3.452     1.621     0.8318      0.8318      0.8318      0.5395
9       A         B            9           GLU           98.16            91     91     36     3.452     3.452     1.621     0.8775      0.8775      0.8775      0.6287
10      A         B           10           LEU           98.70            91     91     36     3.452     3.452     1.621     0.8872      0.8872      0.8872      0.6545
11      A         B           11           LYS           98.63            91     91     36     3.452     3.452     1.621     0.8669      0.8669      0.8669      0.6121
12      A         B           12           LYS           97.92            91     91     36     3.452     3.452     1.621     0.8484      0.8484      0.8484      0.5672
13      A         B           13           GLN           96.59            91     91     36     3.452     3.452     1.621     0.8773      0.8773      0.8773      0.6284
14      A         B           14           ILE           97.87            91     91     36     3.452     3.452     1.621     0.8668      0.8668      0.8668      0.6071
15      A         B           15           GLU           97.26            91     91     36     3.452     3.452     1.621     0.7930      0.7930      0.7930      0.4780
16      A         B           16           MET           94.31            91     91     36     3.452     3.452     1.621     0.7208      0.7208      0.7208      0.3749
17      A         B           17           GLY           94.73            91     91     36     3.452     3.452     1.621     0.6817      0.6817      0.6817      0.3341
18      A         B           18           GLU           95.40            91     91     36     3.452     3.452     1.621     0.7965      0.7965      0.7965      0.4770
19      A         B           19           LYS           95.17            91     91     36     3.452     3.452     1.621     0.8033      0.8033      0.8033      0.4902
20      A         B           20           GLU           95.82            91     91     36     3.452     3.452     1.621     0.8747      0.8747      0.8747      0.6239
21      A         B           21           THR           96.98            91     91     36     3.452     3.452     1.621     0.8996      0.8996      0.8996      0.6807
22      A         B           22           VAL           98.07            91     91     36     3.452     3.452     1.621     0.9139      0.9139      0.9139      0.7180
23      A         B           23           TYR           98.29            91     91     36     3.452     3.452     1.621     0.9100      0.9100      0.9100      0.7077
24      A         B           24           ARG           97.63            91     91     36     3.452     3.452     1.621     0.8868      0.8868      0.8868      0.6563
25      A         B           25           VAL           98.49            91     91     36     3.452     3.452     1.621     0.9271      0.9271      0.9271      0.7554
26      A         B           26           VAL           98.66            91     91     36     3.452     3.452     1.621     0.9215      0.9215      0.9215      0.7381
27      A         B           27           SER           98.59            91     91     36     3.452     3.452     1.621     0.9034      0.9034      0.9034      0.6930
28      A         B           28           TYR           98.68            91     91     36     3.452     3.452     1.621     0.9163      0.9163      0.9163      0.7257
29      A         B           29           LEU           98.87            91     91     36     3.452     3.452     1.621     0.9214      0.9214      0.9214      0.7408
30      A         B           30           VAL           98.67            91     91     36     3.452     3.452     1.621     0.9037      0.9037      0.9037      0.6942
31      A         B           31           GLU           98.57            91     91     36     3.452     3.452     1.621     0.8695      0.8695      0.8695      0.6156
32      A         B           32           HIS           98.33            91     91     36     3.452     3.452     1.621     0.8859      0.8859      0.8859      0.6542
33      A         B           33           PRO           98.17            91     91     36     3.452     3.452     1.621     0.8313      0.8313      0.8313      0.5488
34      A         B           34           GLU           97.70            91     91     36     3.452     3.452     1.621     0.8188      0.8188      0.8188      0.5314
35      A         B           35           ARG           97.59            91     91     36     3.452     3.452     1.621     0.8603      0.8603      0.8603      0.6103
36      A         B           36           SER           98.20            91     91     36     3.452     3.452     1.621     0.8628      0.8628      0.8628      0.6159
37      A         B           37           MET           96.70            91     91     36     3.452     3.452     1.621     0.8573      0.8573      0.8573      0.6011
38      A         B           38           MET           97.62            91     91     36     3.452     3.452     1.621     0.8620      0.8620      0.8620      0.6117
39      A         B           39           SER           97.74            91     91     36     3.452     3.452     1.621     0.8178      0.8178      0.8178      0.5310
40      A         B           40           PRO           98.19            91     91     36     3.452     3.452     1.621     0.8015      0.8015      0.8015      0.4966
41      A         B           41           GLU           98.35            91     91     36     3.452     3.452     1.621     0.7903      0.7903      0.7903      0.4812
42      A         B           42           GLU           98.31            91     91     36     3.452     3.452     1.621     0.8785      0.8785      0.8785      0.6387
43      A         B           43           ILE           98.70            91     91     36     3.452     3.452     1.621     0.8812      0.8812      0.8812      0.6434
44      A         B           44           GLU           98.67            91     91     36     3.452     3.452     1.621     0.8717      0.8717      0.8717      0.6241
45      A         B           45           GLU           98.64            91     91     36     3.452     3.452     1.621     0.8612      0.8612      0.8612      0.6006
46      A         B           46           ILE           98.80            91     91     36     3.452     3.452     1.621     0.8926      0.8926      0.8926      0.6668
47      A         B           47           TYR           98.87            91     91     36     3.452     3.452     1.621     0.8863      0.8863      0.8863      0.6549
48      A         B           48           LYS           98.79            91     91     36     3.452     3.452     1.621     0.8469      0.8469      0.8469      0.5747
49      A         B           49           PHE           98.83            91     91     36     3.452     3.452     1.621     0.8773      0.8773      0.8773      0.6299
50      A         B           50           VAL           98.86            91     91     36     3.452     3.452     1.621     0.8838      0.8838      0.8838      0.6459
51      A         B           51           GLU           98.41            91     91     36     3.452     3.452     1.621     0.8363      0.8363      0.8363      0.5541
52      A         B           52           GLU           98.50            91     91     36     3.452     3.452     1.621     0.7645      0.7645      0.7645      0.4352
53      A         B           53           LEU           98.51            91     91     36     3.452     3.452     1.621     0.7651      0.7651      0.7651      0.4319
54      A         B           54           MET           96.83            91     91     36     3.452     3.452     1.621     0.5390      0.5390      0.5390      0.2112
55      A         B           55           LYS           92.59            91     91     36     3.452     3.452     1.621     0.3047      0.3047      0.3047      0.0917
56      B         A            1           CYS           93.78            91     91     55     3.452     3.452     2.441     0.3942      0.3942      0.3942      0.2507
57      B         A            2           SER           91.28            91     91     55     3.452     3.452     2.441     0.4460      0.4460      0.4460      0.2965
58      B         A            3           GLN           92.01            91     91     55     3.452     3.452     2.441     0.3314      0.3314      0.3314      0.2015
59      B         A            4           ASN           94.78            91     91     55     3.452     3.452     2.441     0.6425      0.6425      0.6425      0.4809
60      B         A            5           GLU           97.37            91     91     55     3.452     3.452     2.441     0.8250      0.8250      0.8250      0.7057
61      B         A            6           TYR           96.79            91     91     55     3.452     3.452     2.441     0.8827      0.8827      0.8827      0.7929
62      B         A            7           PHE           96.93            91     91     55     3.452     3.452     2.441     0.9119      0.9119      0.9119      0.8399
63      B         A            8           ASP           97.85            91     91     55     3.452     3.452     2.441     0.9245      0.9245      0.9245      0.8612
64      B         A            9           SER           95.49            91     91     55     3.452     3.452     2.441     0.8635      0.8635      0.8635      0.7633
65      B         A           10           LEU           97.17            91     91     55     3.452     3.452     2.441     0.9278      0.9278      0.9278      0.8670
66      B         A           11           LEU           98.48            91     91     55     3.452     3.452     2.441     0.9447      0.9447      0.9447      0.8967
67      B         A           12           HIS           97.17            91     91     55     3.452     3.452     2.441     0.9214      0.9214      0.9214      0.8564
68      B         A           13           ALA           98.30            91     91     55     3.452     3.452     2.441     0.8839      0.8839      0.8839      0.7960
69      B         A           14           CYS           97.42            91     91     55     3.452     3.452     2.441     0.8750      0.8750      0.8750      0.7824
70      B         A           15           ILE           98.25            91     91     55     3.452     3.452     2.441     0.8911      0.8911      0.8911      0.8067
71      B         A           16           PRO           98.03            91     91     55     3.452     3.452     2.441     0.8768      0.8768      0.8768      0.7853
72      B         A           17           CYS           97.99            91     91     55     3.452     3.452     2.441     0.8430      0.8430      0.8430      0.7340
73      B         A           18           GLN           97.05            91     91     55     3.452     3.452     2.441     0.7934      0.7934      0.7934      0.6648
74      B         A           19           LEU           97.98            91     91     55     3.452     3.452     2.441     0.8685      0.8685      0.8685      0.7718
75      B         A           20           ARG           96.70            91     91     55     3.452     3.452     2.441     0.7828      0.7828      0.7828      0.6511
76      B         A           21           CYS           95.57            91     91     55     3.452     3.452     2.441     0.6701      0.6701      0.6701      0.5139
77      B         A           22           SER           89.20            91     91     55     3.452     3.452     2.441     0.4761      0.4761      0.4761      0.3232
78      B         A           23           SER           90.66            91     91     55     3.452     3.452     2.441     0.4859      0.4859      0.4859      0.3311
79      B         A           24           ASN           84.66            91     91     55     3.452     3.452     2.441     0.4082      0.4082      0.4082      0.2651
80      B         A           25           THR           85.26            91     91     55     3.452     3.452     2.441     0.4256      0.4256      0.4256      0.2776
81      B         A           26           PRO           92.06            91     91     55     3.452     3.452     2.441     0.5445      0.5445      0.5445      0.3813
82      B         A           27           PRO           93.96            91     91     55     3.452     3.452     2.441     0.6611      0.6611      0.6611      0.5006
83      B         A           28           LEU           90.84            91     91     55     3.452     3.452     2.441     0.6177      0.6177      0.6177      0.4517
84      B         A           29           THR           90.83            91     91     55     3.452     3.452     2.441     0.5718      0.5718      0.5718      0.4056
85      B         A           30           CYS           96.90            91     91     55     3.452     3.452     2.441     0.6861      0.6861      0.6861      0.5275
86      B         A           31           GLN           93.84            91     91     55     3.452     3.452     2.441     0.6037      0.6037      0.6037      0.4370
87      B         A           32           ARG           92.06            91     91     55     3.452     3.452     2.441     0.4678      0.4678      0.4678      0.3087
88      B         A           33           TYR           95.00            91     91     55     3.452     3.452     2.441     0.6206      0.6206      0.6206      0.4554
89      B         A           34           CYS           95.27            91     91     55     3.452     3.452     2.441     0.5545      0.5545      0.5545      0.3898
90      B         A           35           ASN           92.00            91     91     55     3.452     3.452     2.441     0.3504      0.3504      0.3504      0.2156
91      B         A           36           ALA           85.03            91     91      6     3.452     3.452     1.001     0.0713      0.1224      0.1224      0.0116
