i   AlignChn ScoredChain  AlignResNum  AlignResType  AlignRespLDDT      n0chn  n0dom  n0res    d0chn     d0dom     d0res   ipTM_pae  ipSAE_d0chn ipSAE_d0dom    ipSAE 
1       A         B            1           SER           88.18            91     91     36     3.452     3.452     1.621     0.2765      0.2765      0.2765      0.0829
2       A         B            2           MET           91.56            91     91     36     3.452     3.452     1.621     0.5667      0.5667      0.5667      0.2394
3       A         B            3           LEU           97.32            91     91     36     3.452     3.452     1.621     0.7419      0.7419      0.7419      0.4098
4       A         B            4           GLU           97.94            91     91     36     3.452     3.452     1.621     0.7380      0.7380      0.7380      0.4043
5       A         B            5           LYS           96.89            91     91     36     3.452     3.452     1.621     0.8006      0.8006      0.8006      0.4877
6       A         B            6           THR           98.21            91     91     36     3.452     3.452     1.621     0.8381      0.8381      0.8381      0.5556
7       A         B            7           LYS           98.70            91     91     36     3.452     3.452     1.621     0.8418      0.8418      0.8418      0.5666
8       A         B            8           GLU           98.42            91     91     36     3.452     3.452     1.621     0.8100      0.8100      0.8100      0.5027
9       A         B            9           GLU           98.18            91     91     36     3.452     3.452     1.621     0.8591      0.8591      0.8591      0.5916
10      A         B           10           LEU           98.71            91     91     36     3.452     3.452     1.621     0.8728      0.8728      0.8728      0.6238
11      A         B           11           LYS           98.60            91     91     36     3.452     3.452     1.621     0.8480      0.8480      0.8480      0.5760
12      A         B           12           LYS           97.92            91     91     36     3.452     3.452     1.621     0.8293      0.8293      0.8293      0.5328
13      A         B           13           GLN           96.60            91     91     36     3.452     3.452     1.621     0.8610      0.8610      0.8610      0.5949
14      A         B           14           ILE           97.83            91     91     36     3.452     3.452     1.621     0.8495      0.8495      0.8495      0.5736
15      A         B           15           GLU           97.25            91     91     36     3.452     3.452     1.621     0.7719      0.7719      0.7719      0.4473
16      A         B           16           MET           94.23            91     91     36     3.452     3.452     1.621     0.6898      0.6898      0.6898      0.3404
17      A         B           17           GLY           94.72            91     91     36     3.452     3.452     1.621     0.6542      0.6542      0.6542      0.3069
18      A         B           18           GLU           95.47            91     91     36     3.452     3.452     1.621     0.7676      0.7676      0.7676      0.4346
19      A         B           19           LYS           94.64            91     91     36     3.452     3.452     1.621     0.7744      0.7744      0.7744      0.4474
20      A         B           20           GLU           95.94            91     91     36     3.452     3.452     1.621     0.8638      0.8638      0.8638      0.6019
21      A         B           21           THR           97.23            91     91     36     3.452     3.452     1.621     0.8886      0.8886      0.8886      0.6564
22      A         B           22           VAL           98.17            91     91     36     3.452     3.452     1.621     0.9045      0.9045      0.9045      0.6959
23      A         B           23           TYR           98.39            91     91     36     3.452     3.452     1.621     0.9027      0.9027      0.9027      0.6911
24      A         B           24           ARG           97.99            91     91     36     3.452     3.452     1.621     0.8824      0.8824      0.8824      0.6468
25      A         B           25           VAL           98.58            91     91     36     3.452     3.452     1.621     0.9199      0.9199      0.9199      0.7381
26      A         B           26           VAL           98.78            91     91     36     3.452     3.452     1.621     0.9181      0.9181      0.9181      0.7314
27      A         B           27           SER           98.61            91     91     36     3.452     3.452     1.621     0.8937      0.8937      0.8937      0.6721
28      A         B           28           TYR           98.74            91     91     36     3.452     3.452     1.621     0.9068      0.9068      0.9068      0.7040
29      A         B           29           LEU           98.86            91     91     36     3.452     3.452     1.621     0.9102      0.9102      0.9102      0.7139
30      A         B           30           VAL           98.60            91     91     36     3.452     3.452     1.621     0.8912      0.8912      0.8912      0.6669
31      A         B           31           GLU           98.46            91     91     36     3.452     3.452     1.621     0.8403      0.8403      0.8403      0.5611
32      A         B           32           HIS           98.33            91     91     36     3.452     3.452     1.621     0.8703      0.8703      0.8703      0.6230
33      A         B           33           PRO           98.09            91     91     36     3.452     3.452     1.621     0.8132      0.8132      0.8132      0.5193
34      A         B           34           GLU           97.65            91     91     36     3.452     3.452     1.621     0.7971      0.7971      0.7971      0.4979
35      A         B           35           ARG           97.54            91     91     36     3.452     3.452     1.621     0.8423      0.8423      0.8423      0.5769
36      A         B           36           SER           98.20            91     91     36     3.452     3.452     1.621     0.8441      0.8441      0.8441      0.5815
37      A         B           37           MET           96.71            91     91     36     3.452     3.452     1.621     0.8385      0.8385      0.8385      0.5681
38      A         B           38           MET           97.63            91     91     36     3.452     3.452     1.621     0.8421      0.8421      0.8421      0.5756
39      A         B           39           SER           97.70            91     91     36     3.452     3.452     1.621     0.7939      0.7939      0.7939      0.4950
40      A         B           40           PRO           97.98            91     91     36     3.452     3.452     1.621     0.7733      0.7733      0.7733      0.4561
41      A         B           41           GLU           98.30            91     91     36     3.452     3.452     1.621     0.7647      0.7647      0.7647      0.4457
42      A         B           42           GLU           98.32            91     91     36     3.452     3.452     1.621     0.8616      0.8616      0.8616      0.6051
43      A         B           43           ILE           98.67            91     91     36     3.452     3.452     1.621     0.8599      0.8599      0.8599      0.6005
44      A         B           44           GLU           98.58            91     91     36     3.452     3.452     1.621     0.8471      0.8471      0.8471      0.5770
45      A         B           45           GLU           98.66            91     91     36     3.452     3.452     1.621     0.8427      0.8427      0.8427      0.5665
46      A         B           46           ILE           98.79            91     91     36     3.452     3.452     1.621     0.8742      0.8742      0.8742      0.6275
47      A         B           47           TYR           98.84            91     91     36     3.452     3.452     1.621     0.8657      0.8657      0.8657      0.6129
48      A         B           48           LYS           98.74            91     91     36     3.452     3.452     1.621     0.8144      0.8144      0.8144      0.5195
49      A         B           49           PHE           98.84            91     91     36     3.452     3.452     1.621     0.8600      0.8600      0.8600      0.5964
50      A         B           50           VAL           98.84            91     91     36     3.452     3.452     1.621     0.8655      0.8655      0.8655      0.6088
51      A         B           51           GLU           98.35            91     91     36     3.452     3.452     1.621     0.8089      0.8089      0.8089      0.5081
52      A         B           52           GLU           98.51            91     91     36     3.452     3.452     1.621     0.7380      0.7380      0.7380      0.4008
53      A         B           53           LEU           98.42            91     91     36     3.452     3.452     1.621     0.7318      0.7318      0.7318      0.3893
54      A         B           54           MET           96.51            91     91     36     3.452     3.452     1.621     0.4964      0.4964      0.4964      0.1839
55      A         B           55           LYS           92.73            91     91     36     3.452     3.452     1.621     0.2815      0.2815      0.2815      0.0828
56      B         A            1           CYS           93.94            91     91     55     3.452     3.452     2.441     0.3778      0.3778      0.3778      0.2380
57      B         A            2           SER           91.72            91     91     55     3.452     3.452     2.441     0.4339      0.4339      0.4339      0.2860
58      B         A            3           GLN           92.51            91     91     55     3.452     3.452     2.441     0.3219      0.3219      0.3219      0.1947
59      B         A            4           ASN           94.87            91     91     55     3.452     3.452     2.441     0.6165      0.6165      0.6165      0.4539
60      B         A            5           GLU           97.40            91     91     55     3.452     3.452     2.441     0.8091      0.8091      0.8091      0.6835
61      B         A            6           TYR           96.90            91     91     55     3.452     3.452     2.441     0.8726      0.8726      0.8726      0.7772
62      B         A            7           PHE           97.04            91     91     55     3.452     3.452     2.441     0.9037      0.9037      0.9037      0.8266
63      B         A            8           ASP           97.89            91     91     55     3.452     3.452     2.441     0.9180      0.9180      0.9180      0.8504
64      B         A            9           SER           95.55            91     91     55     3.452     3.452     2.441     0.8516      0.8516      0.8516      0.7455
65      B         A           10           LEU           97.19            91     91     55     3.452     3.452     2.441     0.9199      0.9199      0.9199      0.8536
66      B         A           11           LEU           98.50            91     91     55     3.452     3.452     2.441     0.9385      0.9385      0.9385      0.8859
67      B         A           12           HIS           97.28            91     91     55     3.452     3.452     2.441     0.9126      0.9126      0.9126      0.8418
68      B         A           13           ALA           98.27            91     91     55     3.452     3.452     2.441     0.8652      0.8652      0.8652      0.7671
69      B         A           14           CYS           97.45            91     91     55     3.452     3.452     2.441     0.8615      0.8615      0.8615      0.7620
70      B         A           15           ILE           98.28            91     91     55     3.452     3.452     2.441     0.8777      0.8777      0.8777      0.7858
71      B         A           16           PRO           98.08            91     91     55     3.452     3.452     2.441     0.8636      0.8636      0.8636      0.7653
72      B         A           17           CYS           98.09            91     91     55     3.452     3.452     2.441     0.8276      0.8276      0.8276      0.7124
73      B         A           18           GLN           97.19            91     91     55     3.452     3.452     2.441     0.7685      0.7685      0.7685      0.6325
74      B         A           19           LEU           98.11            91     91     55     3.452     3.452     2.441     0.8532      0.8532      0.8532      0.7491
75      B         A           20           ARG           96.83            91     91     55     3.452     3.452     2.441     0.7588      0.7588      0.7588      0.6207
76      B         A           21           CYS           95.86            91     91     55     3.452     3.452     2.441     0.6389      0.6389      0.6389      0.4802
77      B         A           22           SER           90.05            91     91     55     3.452     3.452     2.441     0.4445      0.4445      0.4445      0.2959
78      B         A           23           SER           91.64            91     91     55     3.452     3.452     2.441     0.4640      0.4640      0.4640      0.3123
79      B         A           24           ASN           85.59            91     91     55     3.452     3.452     2.441     0.3864      0.3864      0.3864      0.2478
80      B         A           25           THR           85.33            91     91     55     3.452     3.452     2.441     0.4098      0.4098      0.4098      0.2649
81      B         A           26           PRO           92.38            91     91     55     3.452     3.452     2.441     0.5223      0.5223      0.5223      0.3607
82      B         A           27           PRO           94.07            91     91     55     3.452     3.452     2.441     0.6390      0.6390      0.6390      0.4770
83      B         A           28           LEU           91.10            91     91     55     3.452     3.452     2.441     0.5902      0.5902      0.5902      0.4238
84      B         A           29           THR           91.25            91     91     55     3.452     3.452     2.441     0.5398      0.5398      0.5398      0.3750
85      B         A           30           CYS           97.11            91     91     55     3.452     3.452     2.441     0.6548      0.6548      0.6548      0.4923
86      B         A           31           GLN           94.18            91     91     55     3.452     3.452     2.441     0.5790      0.5790      0.5790      0.4124
87      B         A           32           ARG           92.21            91     91     55     3.452     3.452     2.441     0.4416      0.4416      0.4416      0.2865
88      B         A           33           TYR           95.24            91     91     55     3.452     3.452     2.441     0.5843      0.5843      0.5843      0.4184
89      B         A           34           CYS           95.39            91     91     55     3.452     3.452     2.441     0.4992      0.4992      0.4992      0.3384
90      B         A           35           ASN           91.81            91     91     55     3.452     3.452     2.441     0.3075      0.3075      0.3075      0.1843
91      B         A           36           ALA           85.22            91     91      3     3.452     3.452     1.001     0.0667      0.1298      0.1298      0.0124
