i   AlignChn ScoredChain  AlignResNum  AlignResType  AlignRespLDDT      n0chn  n0dom  n0res    d0chn     d0dom     d0res   ipTM_pae  ipSAE_d0chn ipSAE_d0dom    ipSAE 
1       A         B            1           SER           83.39            90     90     34     3.429     3.429     1.509     0.1886      0.1941      0.1941      0.0472
2       A         B            2           MET           93.86            90     90     36     3.429     3.429     1.621     0.5113      0.5113      0.5113      0.2071
3       A         B            3           GLU           96.52            90     90     36     3.429     3.429     1.621     0.5690      0.5690      0.5690      0.2502
4       A         B            4           GLU           96.99            90     90     36     3.429     3.429     1.621     0.7000      0.7000      0.7000      0.3700
5       A         B            5           TYR           97.10            90     90     36     3.429     3.429     1.621     0.8411      0.8411      0.8411      0.5645
6       A         B            6           GLU           96.46            90     90     36     3.429     3.429     1.621     0.8216      0.8216      0.8216      0.5336
7       A         B            7           LYS           97.88            90     90     36     3.429     3.429     1.621     0.8254      0.8254      0.8254      0.5397
8       A         B            8           LYS           98.12            90     90     36     3.429     3.429     1.621     0.8584      0.8584      0.8584      0.5986
9       A         B            9           LEU           98.24            90     90     36     3.429     3.429     1.621     0.9046      0.9046      0.9046      0.6976
10      A         B           10           ARG           97.86            90     90     36     3.429     3.429     1.621     0.8896      0.8896      0.8896      0.6628
11      A         B           11           GLU           98.24            90     90     36     3.429     3.429     1.621     0.8791      0.8791      0.8791      0.6418
12      A         B           12           PHE           98.55            90     90     36     3.429     3.429     1.621     0.9064      0.9064      0.9064      0.7006
13      A         B           13           ALA           98.54            90     90     36     3.429     3.429     1.621     0.9187      0.9187      0.9187      0.7323
14      A         B           14           GLU           97.12            90     90     36     3.429     3.429     1.621     0.8812      0.8812      0.8812      0.6491
15      A         B           15           GLU           98.07            90     90     36     3.429     3.429     1.621     0.8973      0.8973      0.8973      0.6806
16      A         B           16           ILE           97.85            90     90     36     3.429     3.429     1.621     0.8985      0.8985      0.8985      0.6777
17      A         B           17           THR           98.30            90     90     36     3.429     3.429     1.621     0.9166      0.9166      0.9166      0.7232
18      A         B           18           ASN           96.89            90     90     36     3.429     3.429     1.621     0.8990      0.8990      0.8990      0.6847
19      A         B           19           GLU           97.86            90     90     36     3.429     3.429     1.621     0.8816      0.8816      0.8816      0.6417
20      A         B           20           ALA           98.59            90     90     36     3.429     3.429     1.621     0.8944      0.8944      0.8944      0.6658
21      A         B           21           LEU           98.23            90     90     36     3.429     3.429     1.621     0.8917      0.8917      0.8917      0.6592
22      A         B           22           LYS           98.07            90     90     36     3.429     3.429     1.621     0.8639      0.8639      0.8639      0.6020
23      A         B           23           ASP           98.33            90     90     36     3.429     3.429     1.621     0.8334      0.8334      0.8334      0.5401
24      A         B           24           PRO           98.27            90     90     36     3.429     3.429     1.621     0.7815      0.7815      0.7815      0.4571
25      A         B           25           GLU           98.39            90     90     36     3.429     3.429     1.621     0.8005      0.8005      0.8005      0.4862
26      A         B           26           LYS           98.17            90     90     36     3.429     3.429     1.621     0.9020      0.9020      0.9020      0.6842
27      A         B           27           PHE           98.68            90     90     36     3.429     3.429     1.621     0.9219      0.9219      0.9219      0.7326
28      A         B           28           LYS           98.23            90     90     36     3.429     3.429     1.621     0.8883      0.8883      0.8883      0.6504
29      A         B           29           GLU           98.15            90     90     36     3.429     3.429     1.621     0.9173      0.9173      0.9173      0.7239
30      A         B           30           VAL           98.73            90     90     36     3.429     3.429     1.621     0.9494      0.9494      0.9494      0.8152
31      A         B           31           SER           98.45            90     90     36     3.429     3.429     1.621     0.9314      0.9314      0.9314      0.7608
32      A         B           32           TRP           98.15            90     90     36     3.429     3.429     1.621     0.9306      0.9306      0.9306      0.7582
33      A         B           33           MET           98.46            90     90     36     3.429     3.429     1.621     0.9371      0.9371      0.9371      0.7789
34      A         B           34           LEU           98.41            90     90     36     3.429     3.429     1.621     0.9468      0.9468      0.9468      0.8062
35      A         B           35           ASN           97.72            90     90     36     3.429     3.429     1.621     0.9197      0.9197      0.9197      0.7292
36      A         B           36           THR           96.94            90     90     36     3.429     3.429     1.621     0.9004      0.9004      0.9004      0.6796
37      A         B           37           GLU           94.69            90     90     36     3.429     3.429     1.621     0.8377      0.8377      0.8377      0.5483
38      A         B           38           GLU           95.98            90     90     36     3.429     3.429     1.621     0.7804      0.7804      0.7804      0.4565
39      A         B           39           GLY           97.85            90     90     36     3.429     3.429     1.621     0.8445      0.8445      0.8445      0.5646
40      A         B           40           ARG           96.43            90     90     36     3.429     3.429     1.621     0.8718      0.8718      0.8718      0.6170
41      A         B           41           GLU           96.84            90     90     36     3.429     3.429     1.621     0.8718      0.8718      0.8718      0.6164
42      A         B           42           LYS           98.05            90     90     36     3.429     3.429     1.621     0.8747      0.8747      0.8747      0.6231
43      A         B           43           LEU           98.34            90     90     36     3.429     3.429     1.621     0.9059      0.9059      0.9059      0.6957
44      A         B           44           LYS           97.43            90     90     36     3.429     3.429     1.621     0.8934      0.8934      0.8934      0.6650
45      A         B           45           GLU           98.41            90     90     36     3.429     3.429     1.621     0.8798      0.8798      0.8798      0.6358
46      A         B           46           ILE           98.41            90     90     36     3.429     3.429     1.621     0.8941      0.8941      0.8941      0.6672
47      A         B           47           VAL           98.46            90     90     36     3.429     3.429     1.621     0.8877      0.8877      0.8877      0.6535
48      A         B           48           GLU           98.06            90     90     36     3.429     3.429     1.621     0.8913      0.8913      0.8913      0.6603
49      A         B           49           LYS           98.56            90     90     36     3.429     3.429     1.621     0.8320      0.8320      0.8320      0.5436
50      A         B           50           LYS           98.08            90     90     36     3.429     3.429     1.621     0.8320      0.8320      0.8320      0.5427
51      A         B           51           ILE           98.11            90     90     36     3.429     3.429     1.621     0.8230      0.8230      0.8230      0.5255
52      A         B           52           LYS           97.73            90     90     36     3.429     3.429     1.621     0.7691      0.7691      0.7691      0.4443
53      A         B           53           GLU           97.25            90     90     36     3.429     3.429     1.621     0.6089      0.6089      0.6089      0.2742
54      A         B           54           SER           90.22            90     90     36     3.429     3.429     1.621     0.2070      0.2070      0.2070      0.0564
55      B         A            1           CYS           95.64            90     90     54     3.429     3.429     2.405     0.4608      0.4608      0.4608      0.3008
56      B         A            2           SER           91.85            90     90     54     3.429     3.429     2.405     0.5669      0.5669      0.5669      0.3993
57      B         A            3           GLN           93.29            90     90     54     3.429     3.429     2.405     0.4429      0.4429      0.4429      0.2860
58      B         A            4           ASN           95.40            90     90     54     3.429     3.429     2.405     0.7325      0.7325      0.7325      0.5845
59      B         A            5           GLU           97.56            90     90     54     3.429     3.429     2.405     0.8659      0.8659      0.8659      0.7650
60      B         A            6           TYR           97.91            90     90     54     3.429     3.429     2.405     0.9078      0.9078      0.9078      0.8315
61      B         A            7           PHE           97.76            90     90     54     3.429     3.429     2.405     0.9166      0.9166      0.9166      0.8460
62      B         A            8           ASP           98.09            90     90     54     3.429     3.429     2.405     0.9251      0.9251      0.9251      0.8604
63      B         A            9           SER           95.91            90     90     54     3.429     3.429     2.405     0.8510      0.8510      0.8510      0.7419
64      B         A           10           LEU           96.96            90     90     54     3.429     3.429     2.405     0.9169      0.9169      0.9169      0.8470
65      B         A           11           LEU           98.18            90     90     54     3.429     3.429     2.405     0.9265      0.9265      0.9265      0.8633
66      B         A           12           HIS           97.44            90     90     54     3.429     3.429     2.405     0.9115      0.9115      0.9115      0.8379
67      B         A           13           ALA           98.10            90     90     54     3.429     3.429     2.405     0.8936      0.8936      0.8936      0.8081
68      B         A           14           CYS           97.63            90     90     54     3.429     3.429     2.405     0.9116      0.9116      0.9116      0.8378
69      B         A           15           ILE           98.39            90     90     54     3.429     3.429     2.405     0.9266      0.9266      0.9266      0.8637
70      B         A           16           PRO           98.06            90     90     54     3.429     3.429     2.405     0.9185      0.9185      0.9185      0.8504
71      B         A           17           CYS           98.45            90     90     54     3.429     3.429     2.405     0.9080      0.9080      0.9080      0.8342
72      B         A           18           GLN           97.77            90     90     54     3.429     3.429     2.405     0.8908      0.8908      0.8908      0.8089
73      B         A           19           LEU           98.71            90     90     54     3.429     3.429     2.405     0.9242      0.9242      0.9242      0.8631
74      B         A           20           ARG           98.00            90     90     54     3.429     3.429     2.405     0.8776      0.8776      0.8776      0.7894
75      B         A           21           CYS           96.99            90     90     54     3.429     3.429     2.405     0.8101      0.8101      0.8101      0.6875
76      B         A           22           SER           93.16            90     90     54     3.429     3.429     2.405     0.6353      0.6353      0.6353      0.4807
77      B         A           23           SER           91.71            90     90     54     3.429     3.429     2.405     0.5588      0.5588      0.5588      0.4042
78      B         A           24           ASN           88.43            90     90     54     3.429     3.429     2.405     0.4726      0.4726      0.4726      0.3222
79      B         A           25           THR           91.35            90     90     54     3.429     3.429     2.405     0.5152      0.5152      0.5152      0.3543
80      B         A           26           PRO           96.23            90     90     54     3.429     3.429     2.405     0.6865      0.6865      0.6865      0.5290
81      B         A           27           PRO           96.70            90     90     54     3.429     3.429     2.405     0.7863      0.7863      0.7863      0.6534
82      B         A           28           LEU           95.36            90     90     54     3.429     3.429     2.405     0.7280      0.7280      0.7280      0.5767
83      B         A           29           THR           95.18            90     90     54     3.429     3.429     2.405     0.7175      0.7175      0.7175      0.5645
84      B         A           30           CYS           98.09            90     90     54     3.429     3.429     2.405     0.8133      0.8133      0.8133      0.6881
85      B         A           31           GLN           96.87            90     90     54     3.429     3.429     2.405     0.7571      0.7571      0.7571      0.6110
86      B         A           32           ARG           94.70            90     90     54     3.429     3.429     2.405     0.6075      0.6075      0.6075      0.4399
87      B         A           33           TYR           97.39            90     90     54     3.429     3.429     2.405     0.7696      0.7696      0.7696      0.6304
88      B         A           34           CYS           97.42            90     90     54     3.429     3.429     2.405     0.7009      0.7009      0.7009      0.5461
89      B         A           35           ASN           93.14            90     90     54     3.429     3.429     2.405     0.4910      0.4910      0.4910      0.3277
90      B         A           36           ALA           85.20            90     90     25     3.429     3.429     1.001     0.1098      0.1450      0.1450      0.0144
