i   AlignChn ScoredChain  AlignResNum  AlignResType  AlignRespLDDT      n0chn  n0dom  n0res    d0chn     d0dom     d0res   ipTM_pae  ipSAE_d0chn ipSAE_d0dom    ipSAE 
1       A         B            1           SER           83.37            90     90     35     3.429     3.429     1.566     0.2132      0.2164      0.2164      0.0580
2       A         B            2           MET           94.31            90     90     36     3.429     3.429     1.621     0.5285      0.5285      0.5285      0.2182
3       A         B            3           GLU           96.60            90     90     36     3.429     3.429     1.621     0.5937      0.5937      0.5937      0.2701
4       A         B            4           GLU           97.11            90     90     36     3.429     3.429     1.621     0.7148      0.7148      0.7148      0.3858
5       A         B            5           TYR           97.16            90     90     36     3.429     3.429     1.621     0.8485      0.8485      0.8485      0.5786
6       A         B            6           GLU           96.41            90     90     36     3.429     3.429     1.621     0.8365      0.8365      0.8365      0.5594
7       A         B            7           LYS           97.93            90     90     36     3.429     3.429     1.621     0.8332      0.8332      0.8332      0.5537
8       A         B            8           LYS           98.18            90     90     36     3.429     3.429     1.621     0.8684      0.8684      0.8684      0.6196
9       A         B            9           LEU           98.25            90     90     36     3.429     3.429     1.621     0.9126      0.9126      0.9126      0.7190
10      A         B           10           ARG           97.96            90     90     36     3.429     3.429     1.621     0.8970      0.8970      0.8970      0.6809
11      A         B           11           GLU           98.34            90     90     36     3.429     3.429     1.621     0.8888      0.8888      0.8888      0.6643
12      A         B           12           PHE           98.63            90     90     36     3.429     3.429     1.621     0.9158      0.9158      0.9158      0.7259
13      A         B           13           ALA           98.56            90     90     36     3.429     3.429     1.621     0.9321      0.9321      0.9321      0.7697
14      A         B           14           GLU           97.63            90     90     36     3.429     3.429     1.621     0.9025      0.9025      0.9025      0.6965
15      A         B           15           GLU           98.22            90     90     36     3.429     3.429     1.621     0.9104      0.9104      0.9104      0.7135
16      A         B           16           ILE           98.41            90     90     36     3.429     3.429     1.621     0.9285      0.9285      0.9285      0.7570
17      A         B           17           THR           98.46            90     90     36     3.429     3.429     1.621     0.9331      0.9331      0.9331      0.7700
18      A         B           18           ASN           97.37            90     90     36     3.429     3.429     1.621     0.9121      0.9121      0.9121      0.7180
19      A         B           19           GLU           98.03            90     90     36     3.429     3.429     1.621     0.8975      0.8975      0.8975      0.6798
20      A         B           20           ALA           98.70            90     90     36     3.429     3.429     1.621     0.9101      0.9101      0.9101      0.7063
21      A         B           21           LEU           98.34            90     90     36     3.429     3.429     1.621     0.9045      0.9045      0.9045      0.6915
22      A         B           22           LYS           98.18            90     90     36     3.429     3.429     1.621     0.8784      0.8784      0.8784      0.6349
23      A         B           23           ASP           98.44            90     90     36     3.429     3.429     1.621     0.8596      0.8596      0.8596      0.5905
24      A         B           24           PRO           98.30            90     90     36     3.429     3.429     1.621     0.8062      0.8062      0.8062      0.4953
25      A         B           25           GLU           98.52            90     90     36     3.429     3.429     1.621     0.8275      0.8275      0.8275      0.5314
26      A         B           26           LYS           98.32            90     90     36     3.429     3.429     1.621     0.9156      0.9156      0.9156      0.7205
27      A         B           27           PHE           98.73            90     90     36     3.429     3.429     1.621     0.9303      0.9303      0.9303      0.7582
28      A         B           28           LYS           98.30            90     90     36     3.429     3.429     1.621     0.8995      0.8995      0.8995      0.6785
29      A         B           29           GLU           98.21            90     90     36     3.429     3.429     1.621     0.9253      0.9253      0.9253      0.7473
30      A         B           30           VAL           98.77            90     90     36     3.429     3.429     1.621     0.9528      0.9528      0.9528      0.8301
31      A         B           31           SER           98.48            90     90     36     3.429     3.429     1.621     0.9382      0.9382      0.9382      0.7833
32      A         B           32           TRP           98.20            90     90     36     3.429     3.429     1.621     0.9347      0.9347      0.9347      0.7726
33      A         B           33           MET           98.46            90     90     36     3.429     3.429     1.621     0.9399      0.9399      0.9399      0.7894
34      A         B           34           LEU           98.41            90     90     36     3.429     3.429     1.621     0.9499      0.9499      0.9499      0.8184
35      A         B           35           ASN           97.68            90     90     36     3.429     3.429     1.621     0.9275      0.9275      0.9275      0.7534
36      A         B           36           THR           97.00            90     90     36     3.429     3.429     1.621     0.9120      0.9120      0.9120      0.7101
37      A         B           37           GLU           94.99            90     90     36     3.429     3.429     1.621     0.8595      0.8595      0.8595      0.5903
38      A         B           38           GLU           96.59            90     90     36     3.429     3.429     1.621     0.8200      0.8200      0.8200      0.5187
39      A         B           39           GLY           97.88            90     90     36     3.429     3.429     1.621     0.8613      0.8613      0.8613      0.5968
40      A         B           40           ARG           96.08            90     90     36     3.429     3.429     1.621     0.8748      0.8748      0.8748      0.6239
41      A         B           41           GLU           97.10            90     90     36     3.429     3.429     1.621     0.8814      0.8814      0.8814      0.6373
42      A         B           42           LYS           98.11            90     90     36     3.429     3.429     1.621     0.8770      0.8770      0.8770      0.6291
43      A         B           43           LEU           98.29            90     90     36     3.429     3.429     1.621     0.9050      0.9050      0.9050      0.6943
44      A         B           44           LYS           96.59            90     90     36     3.429     3.429     1.621     0.8839      0.8839      0.8839      0.6444
45      A         B           45           GLU           98.29            90     90     36     3.429     3.429     1.621     0.8733      0.8733      0.8733      0.6228
46      A         B           46           ILE           98.38            90     90     36     3.429     3.429     1.621     0.8888      0.8888      0.8888      0.6561
47      A         B           47           VAL           98.45            90     90     36     3.429     3.429     1.621     0.8889      0.8889      0.8889      0.6566
48      A         B           48           GLU           98.04            90     90     36     3.429     3.429     1.621     0.8883      0.8883      0.8883      0.6541
49      A         B           49           LYS           98.61            90     90     36     3.429     3.429     1.621     0.8292      0.8292      0.8292      0.5381
50      A         B           50           LYS           98.12            90     90     36     3.429     3.429     1.621     0.8314      0.8314      0.8314      0.5415
51      A         B           51           ILE           98.15            90     90     36     3.429     3.429     1.621     0.8285      0.8285      0.8285      0.5345
52      A         B           52           LYS           97.85            90     90     36     3.429     3.429     1.621     0.7760      0.7760      0.7760      0.4533
53      A         B           53           GLU           97.39            90     90     36     3.429     3.429     1.621     0.6085      0.6085      0.6085      0.2734
54      A         B           54           SER           90.28            90     90     36     3.429     3.429     1.621     0.2064      0.2064      0.2064      0.0562
55      B         A            1           CYS           95.54            90     90     54     3.429     3.429     2.405     0.5121      0.5121      0.5121      0.3459
56      B         A            2           SER           92.32            90     90     54     3.429     3.429     2.405     0.6419      0.6419      0.6419      0.4756
57      B         A            3           GLN           92.65            90     90     54     3.429     3.429     2.405     0.5041      0.5041      0.5041      0.3403
58      B         A            4           ASN           95.52            90     90     54     3.429     3.429     2.405     0.7575      0.7575      0.7575      0.6158
59      B         A            5           GLU           97.85            90     90     54     3.429     3.429     2.405     0.8802      0.8802      0.8802      0.7874
60      B         A            6           TYR           98.07            90     90     54     3.429     3.429     2.405     0.9164      0.9164      0.9164      0.8461
61      B         A            7           PHE           97.96            90     90     54     3.429     3.429     2.405     0.9221      0.9221      0.9221      0.8553
62      B         A            8           ASP           98.05            90     90     54     3.429     3.429     2.405     0.9278      0.9278      0.9278      0.8652
63      B         A            9           SER           95.73            90     90     54     3.429     3.429     2.405     0.8525      0.8525      0.8525      0.7439
64      B         A           10           LEU           96.61            90     90     54     3.429     3.429     2.405     0.9173      0.9173      0.9173      0.8473
65      B         A           11           LEU           98.01            90     90     54     3.429     3.429     2.405     0.9282      0.9282      0.9282      0.8662
66      B         A           12           HIS           97.35            90     90     54     3.429     3.429     2.405     0.9153      0.9153      0.9153      0.8440
67      B         A           13           ALA           98.07            90     90     54     3.429     3.429     2.405     0.9016      0.9016      0.9016      0.8209
68      B         A           14           CYS           97.91            90     90     54     3.429     3.429     2.405     0.9194      0.9194      0.9194      0.8511
69      B         A           15           ILE           98.44            90     90     54     3.429     3.429     2.405     0.9328      0.9328      0.9328      0.8746
70      B         A           16           PRO           98.15            90     90     54     3.429     3.429     2.405     0.9230      0.9230      0.9230      0.8580
71      B         A           17           CYS           98.49            90     90     54     3.429     3.429     2.405     0.9158      0.9158      0.9158      0.8471
72      B         A           18           GLN           97.50            90     90     54     3.429     3.429     2.405     0.8967      0.8967      0.8967      0.8186
73      B         A           19           LEU           98.74            90     90     54     3.429     3.429     2.405     0.9307      0.9307      0.9307      0.8742
74      B         A           20           ARG           98.07            90     90     54     3.429     3.429     2.405     0.8864      0.8864      0.8864      0.8027
75      B         A           21           CYS           96.88            90     90     54     3.429     3.429     2.405     0.8233      0.8233      0.8233      0.7061
76      B         A           22           SER           93.04            90     90     54     3.429     3.429     2.405     0.6548      0.6548      0.6548      0.5022
77      B         A           23           SER           92.31            90     90     54     3.429     3.429     2.405     0.6018      0.6018      0.6018      0.4474
78      B         A           24           ASN           88.69            90     90     54     3.429     3.429     2.405     0.5159      0.5159      0.5159      0.3617
79      B         A           25           THR           91.39            90     90     54     3.429     3.429     2.405     0.5588      0.5588      0.5588      0.3957
80      B         A           26           PRO           96.21            90     90     54     3.429     3.429     2.405     0.7132      0.7132      0.7132      0.5607
81      B         A           27           PRO           96.73            90     90     54     3.429     3.429     2.405     0.8047      0.8047      0.8047      0.6782
82      B         A           28           LEU           95.53            90     90     54     3.429     3.429     2.405     0.7505      0.7505      0.7505      0.6042
83      B         A           29           THR           95.36            90     90     54     3.429     3.429     2.405     0.7442      0.7442      0.7442      0.5976
84      B         A           30           CYS           98.07            90     90     54     3.429     3.429     2.405     0.8313      0.8313      0.8313      0.7138
85      B         A           31           GLN           96.75            90     90     54     3.429     3.429     2.405     0.7835      0.7835      0.7835      0.6459
86      B         A           32           ARG           94.50            90     90     54     3.429     3.429     2.405     0.6346      0.6346      0.6346      0.4683
87      B         A           33           TYR           97.20            90     90     54     3.429     3.429     2.405     0.7842      0.7842      0.7842      0.6501
88      B         A           34           CYS           97.14            90     90     54     3.429     3.429     2.405     0.6989      0.6989      0.6989      0.5448
89      B         A           35           ASN           92.51            90     90     54     3.429     3.429     2.405     0.3940      0.3940      0.3940      0.2475
90      B         A           36           ALA           76.00            90     90      1     3.429     3.429     1.001     0.0579      0.1136      0.1136      0.0108
