i   AlignChn ScoredChain  AlignResNum  AlignResType  AlignRespLDDT      n0chn  n0dom  n0res    d0chn     d0dom     d0res   ipTM_pae  ipSAE_d0chn ipSAE_d0dom    ipSAE 
1       A         B            1           SER           83.56            90     90     30     3.429     3.429     1.258     0.1585      0.1724      0.1724      0.0288
2       A         B            2           MET           94.16            90     90     36     3.429     3.429     1.621     0.4285      0.4285      0.4285      0.1556
3       A         B            3           GLU           96.52            90     90     36     3.429     3.429     1.621     0.5037      0.5037      0.5037      0.2026
4       A         B            4           GLU           97.03            90     90     36     3.429     3.429     1.621     0.6456      0.6456      0.6456      0.3133
5       A         B            5           TYR           97.17            90     90     36     3.429     3.429     1.621     0.7999      0.7999      0.7999      0.4965
6       A         B            6           GLU           96.61            90     90     36     3.429     3.429     1.621     0.7836      0.7836      0.7836      0.4740
7       A         B            7           LYS           97.99            90     90     36     3.429     3.429     1.621     0.7856      0.7856      0.7856      0.4772
8       A         B            8           LYS           98.20            90     90     36     3.429     3.429     1.621     0.8328      0.8328      0.8328      0.5527
9       A         B            9           LEU           98.32            90     90     36     3.429     3.429     1.621     0.8882      0.8882      0.8882      0.6613
10      A         B           10           ARG           98.09            90     90     36     3.429     3.429     1.621     0.8697      0.8697      0.8697      0.6199
11      A         B           11           GLU           98.40            90     90     36     3.429     3.429     1.621     0.8605      0.8605      0.8605      0.6042
12      A         B           12           PHE           98.64            90     90     36     3.429     3.429     1.621     0.8906      0.8906      0.8906      0.6650
13      A         B           13           ALA           98.68            90     90     36     3.429     3.429     1.621     0.9130      0.9130      0.9130      0.7186
14      A         B           14           GLU           97.80            90     90     36     3.429     3.429     1.621     0.8813      0.8813      0.8813      0.6472
15      A         B           15           GLU           98.28            90     90     36     3.429     3.429     1.621     0.8884      0.8884      0.8884      0.6609
16      A         B           16           ILE           98.36            90     90     36     3.429     3.429     1.621     0.9012      0.9012      0.9012      0.6860
17      A         B           17           THR           98.44            90     90     36     3.429     3.429     1.621     0.9077      0.9077      0.9077      0.7010
18      A         B           18           ASN           97.45            90     90     36     3.429     3.429     1.621     0.8848      0.8848      0.8848      0.6525
19      A         B           19           GLU           98.05            90     90     36     3.429     3.429     1.621     0.8666      0.8666      0.8666      0.6109
20      A         B           20           ALA           98.64            90     90     36     3.429     3.429     1.621     0.8718      0.8718      0.8718      0.6161
21      A         B           21           LEU           98.33            90     90     36     3.429     3.429     1.621     0.8675      0.8675      0.8675      0.6065
22      A         B           22           LYS           98.15            90     90     36     3.429     3.429     1.621     0.8418      0.8418      0.8418      0.5597
23      A         B           23           ASP           98.41            90     90     36     3.429     3.429     1.621     0.8072      0.8072      0.8072      0.4959
24      A         B           24           PRO           98.34            90     90     36     3.429     3.429     1.621     0.7503      0.7503      0.7503      0.4136
25      A         B           25           GLU           98.47            90     90     36     3.429     3.429     1.621     0.7731      0.7731      0.7731      0.4452
26      A         B           26           LYS           98.22            90     90     36     3.429     3.429     1.621     0.8787      0.8787      0.8787      0.6317
27      A         B           27           PHE           98.70            90     90     36     3.429     3.429     1.621     0.9009      0.9009      0.9009      0.6790
28      A         B           28           LYS           98.25            90     90     36     3.429     3.429     1.621     0.8620      0.8620      0.8620      0.5939
29      A         B           29           GLU           98.23            90     90     36     3.429     3.429     1.621     0.8996      0.8996      0.8996      0.6806
30      A         B           30           VAL           98.77            90     90     36     3.429     3.429     1.621     0.9365      0.9365      0.9365      0.7776
31      A         B           31           SER           98.48            90     90     36     3.429     3.429     1.621     0.9141      0.9141      0.9141      0.7146
32      A         B           32           TRP           98.18            90     90     36     3.429     3.429     1.621     0.9121      0.9121      0.9121      0.7096
33      A         B           33           MET           98.55            90     90     36     3.429     3.429     1.621     0.9241      0.9241      0.9241      0.7432
34      A         B           34           LEU           98.47            90     90     36     3.429     3.429     1.621     0.9354      0.9354      0.9354      0.7726
35      A         B           35           ASN           97.67            90     90     36     3.429     3.429     1.621     0.8997      0.8997      0.8997      0.6790
36      A         B           36           THR           96.96            90     90     36     3.429     3.429     1.621     0.8788      0.8788      0.8788      0.6307
37      A         B           37           GLU           94.81            90     90     36     3.429     3.429     1.621     0.8108      0.8108      0.8108      0.5018
38      A         B           38           GLU           96.23            90     90     36     3.429     3.429     1.621     0.7524      0.7524      0.7524      0.4179
39      A         B           39           GLY           97.94            90     90     36     3.429     3.429     1.621     0.8195      0.8195      0.8195      0.5208
40      A         B           40           ARG           96.67            90     90     36     3.429     3.429     1.621     0.8422      0.8422      0.8422      0.5590
41      A         B           41           GLU           97.13            90     90     36     3.429     3.429     1.621     0.8509      0.8509      0.8509      0.5751
42      A         B           42           LYS           98.21            90     90     36     3.429     3.429     1.621     0.8519      0.8519      0.8519      0.5781
43      A         B           43           LEU           98.48            90     90     36     3.429     3.429     1.621     0.8924      0.8924      0.8924      0.6643
44      A         B           44           LYS           97.93            90     90     36     3.429     3.429     1.621     0.8822      0.8822      0.8822      0.6401
45      A         B           45           GLU           98.49            90     90     36     3.429     3.429     1.621     0.8569      0.8569      0.8569      0.5891
46      A         B           46           ILE           98.50            90     90     36     3.429     3.429     1.621     0.8791      0.8791      0.8791      0.6343
47      A         B           47           VAL           98.57            90     90     36     3.429     3.429     1.621     0.8679      0.8679      0.8679      0.6108
48      A         B           48           GLU           98.13            90     90     36     3.429     3.429     1.621     0.8693      0.8693      0.8693      0.6127
49      A         B           49           LYS           98.64            90     90     36     3.429     3.429     1.621     0.8025      0.8025      0.8025      0.4951
50      A         B           50           LYS           98.14            90     90     36     3.429     3.429     1.621     0.8005      0.8005      0.8005      0.4904
51      A         B           51           ILE           98.20            90     90     36     3.429     3.429     1.621     0.7937      0.7937      0.7937      0.4784
52      A         B           52           LYS           97.76            90     90     36     3.429     3.429     1.621     0.7284      0.7284      0.7284      0.3920
53      A         B           53           GLU           97.34            90     90     36     3.429     3.429     1.621     0.5634      0.5634      0.5634      0.2383
54      A         B           54           SER           90.19            90     90     34     3.429     3.429     1.509     0.1685      0.1725      0.1725      0.0395
55      B         A            1           CYS           95.73            90     90     54     3.429     3.429     2.405     0.4169      0.4169      0.4169      0.2644
56      B         A            2           SER           91.35            90     90     54     3.429     3.429     2.405     0.5167      0.5167      0.5167      0.3525
57      B         A            3           GLN           93.81            90     90     54     3.429     3.429     2.405     0.4221      0.4221      0.4221      0.2692
58      B         A            4           ASN           95.45            90     90     54     3.429     3.429     2.405     0.7073      0.7073      0.7073      0.5549
59      B         A            5           GLU           97.84            90     90     54     3.429     3.429     2.405     0.8458      0.8458      0.8458      0.7353
60      B         A            6           TYR           98.10            90     90     54     3.429     3.429     2.405     0.8919      0.8919      0.8919      0.8061
61      B         A            7           PHE           97.99            90     90     54     3.429     3.429     2.405     0.9045      0.9045      0.9045      0.8264
62      B         A            8           ASP           98.25            90     90     54     3.429     3.429     2.405     0.9123      0.9123      0.9123      0.8392
63      B         A            9           SER           96.24            90     90     54     3.429     3.429     2.405     0.8351      0.8351      0.8351      0.7188
64      B         A           10           LEU           97.23            90     90     54     3.429     3.429     2.405     0.9026      0.9026      0.9026      0.8235
65      B         A           11           LEU           98.34            90     90     54     3.429     3.429     2.405     0.9139      0.9139      0.9139      0.8424
66      B         A           12           HIS           97.74            90     90     54     3.429     3.429     2.405     0.8979      0.8979      0.8979      0.8156
67      B         A           13           ALA           98.32            90     90     54     3.429     3.429     2.405     0.8796      0.8796      0.8796      0.7858
68      B         A           14           CYS           97.92            90     90     54     3.429     3.429     2.405     0.8980      0.8980      0.8980      0.8157
69      B         A           15           ILE           98.53            90     90     54     3.429     3.429     2.405     0.9110      0.9110      0.9110      0.8379
70      B         A           16           PRO           98.21            90     90     54     3.429     3.429     2.405     0.9013      0.9013      0.9013      0.8224
71      B         A           17           CYS           98.52            90     90     54     3.429     3.429     2.405     0.8911      0.8911      0.8911      0.8079
72      B         A           18           GLN           97.84            90     90     54     3.429     3.429     2.405     0.8732      0.8732      0.8732      0.7828
73      B         A           19           LEU           98.73            90     90     54     3.429     3.429     2.405     0.9086      0.9086      0.9086      0.8388
74      B         A           20           ARG           98.12            90     90     54     3.429     3.429     2.405     0.8514      0.8514      0.8514      0.7511
75      B         A           21           CYS           96.88            90     90     54     3.429     3.429     2.405     0.7689      0.7689      0.7689      0.6331
76      B         A           22           SER           93.15            90     90     54     3.429     3.429     2.405     0.5864      0.5864      0.5864      0.4286
77      B         A           23           SER           91.96            90     90     54     3.429     3.429     2.405     0.5065      0.5065      0.5065      0.3531
78      B         A           24           ASN           89.18            90     90     54     3.429     3.429     2.405     0.4243      0.4243      0.4243      0.2800
79      B         A           25           THR           91.90            90     90     54     3.429     3.429     2.405     0.4794      0.4794      0.4794      0.3218
80      B         A           26           PRO           96.31            90     90     54     3.429     3.429     2.405     0.6540      0.6540      0.6540      0.4921
81      B         A           27           PRO           96.81            90     90     54     3.429     3.429     2.405     0.7557      0.7557      0.7557      0.6139
82      B         A           28           LEU           95.42            90     90     54     3.429     3.429     2.405     0.7013      0.7013      0.7013      0.5451
83      B         A           29           THR           95.50            90     90     54     3.429     3.429     2.405     0.6921      0.6921      0.6921      0.5345
84      B         A           30           CYS           98.10            90     90     54     3.429     3.429     2.405     0.7873      0.7873      0.7873      0.6528
85      B         A           31           GLN           97.00            90     90     54     3.429     3.429     2.405     0.7317      0.7317      0.7317      0.5795
86      B         A           32           ARG           95.25            90     90     54     3.429     3.429     2.405     0.5853      0.5853      0.5853      0.4171
87      B         A           33           TYR           97.30            90     90     54     3.429     3.429     2.405     0.7287      0.7287      0.7287      0.5787
88      B         A           34           CYS           97.46            90     90     54     3.429     3.429     2.405     0.6743      0.6743      0.6743      0.5150
89      B         A           35           ASN           93.89            90     90     54     3.429     3.429     2.405     0.4691      0.4691      0.4691      0.3086
90      B         A           36           ALA           85.64            90     90     17     3.429     3.429     1.001     0.0948      0.1371      0.1371      0.0134
