i   AlignChn ScoredChain  AlignResNum  AlignResType  AlignRespLDDT      n0chn  n0dom  n0res    d0chn     d0dom     d0res   ipTM_pae  ipSAE_d0chn ipSAE_d0dom    ipSAE 
1       A         B            1           SER           83.49            90     90     34     3.429     3.429     1.509     0.1850      0.1905      0.1905      0.0463
2       A         B            2           MET           94.41            90     90     36     3.429     3.429     1.621     0.4748      0.4748      0.4748      0.1839
3       A         B            3           GLU           96.50            90     90     36     3.429     3.429     1.621     0.5451      0.5451      0.5451      0.2324
4       A         B            4           GLU           96.97            90     90     36     3.429     3.429     1.621     0.6826      0.6826      0.6826      0.3518
5       A         B            5           TYR           97.31            90     90     36     3.429     3.429     1.621     0.8307      0.8307      0.8307      0.5482
6       A         B            6           GLU           96.93            90     90     36     3.429     3.429     1.621     0.8114      0.8114      0.8114      0.5187
7       A         B            7           LYS           98.09            90     90     36     3.429     3.429     1.621     0.8262      0.8262      0.8262      0.5424
8       A         B            8           LYS           98.26            90     90     36     3.429     3.429     1.621     0.8655      0.8655      0.8655      0.6137
9       A         B            9           LEU           98.44            90     90     36     3.429     3.429     1.621     0.9102      0.9102      0.9102      0.7137
10      A         B           10           ARG           98.33            90     90     36     3.429     3.429     1.621     0.8978      0.8978      0.8978      0.6821
11      A         B           11           GLU           98.49            90     90     36     3.429     3.429     1.621     0.8892      0.8892      0.8892      0.6647
12      A         B           12           PHE           98.65            90     90     36     3.429     3.429     1.621     0.9129      0.9129      0.9129      0.7178
13      A         B           13           ALA           98.72            90     90     36     3.429     3.429     1.621     0.9343      0.9343      0.9343      0.7756
14      A         B           14           GLU           98.48            90     90     36     3.429     3.429     1.621     0.9192      0.9192      0.9192      0.7356
15      A         B           15           GLU           98.33            90     90     36     3.429     3.429     1.621     0.9079      0.9079      0.9079      0.7076
16      A         B           16           ILE           98.32            90     90     36     3.429     3.429     1.621     0.9254      0.9254      0.9254      0.7474
17      A         B           17           THR           98.44            90     90     36     3.429     3.429     1.621     0.9286      0.9286      0.9286      0.7555
18      A         B           18           ASN           97.78            90     90     36     3.429     3.429     1.621     0.9087      0.9087      0.9087      0.7088
19      A         B           19           GLU           98.03            90     90     36     3.429     3.429     1.621     0.8908      0.8908      0.8908      0.6652
20      A         B           20           ALA           98.68            90     90     36     3.429     3.429     1.621     0.9027      0.9027      0.9027      0.6859
21      A         B           21           LEU           98.29            90     90     36     3.429     3.429     1.621     0.8920      0.8920      0.8920      0.6607
22      A         B           22           LYS           98.19            90     90     36     3.429     3.429     1.621     0.8649      0.8649      0.8649      0.6056
23      A         B           23           ASP           98.45            90     90     36     3.429     3.429     1.621     0.8395      0.8395      0.8395      0.5512
24      A         B           24           PRO           98.14            90     90     36     3.429     3.429     1.621     0.7731      0.7731      0.7731      0.4446
25      A         B           25           GLU           98.31            90     90     36     3.429     3.429     1.621     0.7736      0.7736      0.7736      0.4450
26      A         B           26           LYS           98.25            90     90     36     3.429     3.429     1.621     0.8945      0.8945      0.8945      0.6666
27      A         B           27           PHE           98.65            90     90     36     3.429     3.429     1.621     0.9158      0.9158      0.9158      0.7171
28      A         B           28           LYS           98.09            90     90     36     3.429     3.429     1.621     0.8786      0.8786      0.8786      0.6287
29      A         B           29           GLU           98.09            90     90     36     3.429     3.429     1.621     0.9108      0.9108      0.9108      0.7076
30      A         B           30           VAL           98.75            90     90     36     3.429     3.429     1.621     0.9480      0.9480      0.9480      0.8116
31      A         B           31           SER           98.39            90     90     36     3.429     3.429     1.621     0.9266      0.9266      0.9266      0.7476
32      A         B           32           TRP           98.04            90     90     36     3.429     3.429     1.621     0.9244      0.9244      0.9244      0.7415
33      A         B           33           MET           98.40            90     90     36     3.429     3.429     1.621     0.9328      0.9328      0.9328      0.7678
34      A         B           34           LEU           98.41            90     90     36     3.429     3.429     1.621     0.9439      0.9439      0.9439      0.7981
35      A         B           35           ASN           97.56            90     90     36     3.429     3.429     1.621     0.9145      0.9145      0.9145      0.7158
36      A         B           36           THR           96.87            90     90     36     3.429     3.429     1.621     0.8985      0.8985      0.8985      0.6750
37      A         B           37           GLU           95.05            90     90     36     3.429     3.429     1.621     0.8469      0.8469      0.8469      0.5642
38      A         B           38           GLU           96.57            90     90     36     3.429     3.429     1.621     0.8032      0.8032      0.8032      0.4900
39      A         B           39           GLY           97.91            90     90     36     3.429     3.429     1.621     0.8616      0.8616      0.8616      0.5973
40      A         B           40           ARG           96.79            90     90     36     3.429     3.429     1.621     0.8661      0.8661      0.8661      0.6041
41      A         B           41           GLU           97.53            90     90     36     3.429     3.429     1.621     0.8829      0.8829      0.8829      0.6400
42      A         B           42           LYS           98.19            90     90     36     3.429     3.429     1.621     0.8752      0.8752      0.8752      0.6250
43      A         B           43           LEU           98.47            90     90     36     3.429     3.429     1.621     0.9097      0.9097      0.9097      0.7060
44      A         B           44           LYS           98.06            90     90     36     3.429     3.429     1.621     0.9015      0.9015      0.9015      0.6844
45      A         B           45           GLU           98.52            90     90     36     3.429     3.429     1.621     0.8783      0.8783      0.8783      0.6331
46      A         B           46           ILE           98.45            90     90     36     3.429     3.429     1.621     0.8935      0.8935      0.8935      0.6662
47      A         B           47           VAL           98.59            90     90     36     3.429     3.429     1.621     0.8852      0.8852      0.8852      0.6483
48      A         B           48           GLU           98.18            90     90     36     3.429     3.429     1.621     0.8843      0.8843      0.8843      0.6450
49      A         B           49           LYS           98.62            90     90     36     3.429     3.429     1.621     0.8209      0.8209      0.8209      0.5250
50      A         B           50           LYS           98.17            90     90     36     3.429     3.429     1.621     0.8168      0.8168      0.8168      0.5169
51      A         B           51           ILE           98.21            90     90     36     3.429     3.429     1.621     0.8164      0.8164      0.8164      0.5148
52      A         B           52           LYS           97.79            90     90     36     3.429     3.429     1.621     0.7504      0.7504      0.7504      0.4203
53      A         B           53           GLU           97.25            90     90     36     3.429     3.429     1.621     0.5783      0.5783      0.5783      0.2503
54      A         B           54           SER           90.32            90     90     36     3.429     3.429     1.621     0.1903      0.1903      0.1903      0.0510
55      B         A            1           CYS           96.69            90     90     54     3.429     3.429     2.405     0.5454      0.5454      0.5454      0.3775
56      B         A            2           SER           93.34            90     90     54     3.429     3.429     2.405     0.6543      0.6543      0.6543      0.4895
57      B         A            3           GLN           93.25            90     90     54     3.429     3.429     2.405     0.5077      0.5077      0.5077      0.3434
58      B         A            4           ASN           95.70            90     90     54     3.429     3.429     2.405     0.7460      0.7460      0.7460      0.6017
59      B         A            5           GLU           98.16            90     90     54     3.429     3.429     2.405     0.8798      0.8798      0.8798      0.7872
60      B         A            6           TYR           98.19            90     90     54     3.429     3.429     2.405     0.9153      0.9153      0.9153      0.8445
61      B         A            7           PHE           98.22            90     90     54     3.429     3.429     2.405     0.9238      0.9238      0.9238      0.8586
62      B         A            8           ASP           98.29            90     90     54     3.429     3.429     2.405     0.9300      0.9300      0.9300      0.8693
63      B         A            9           SER           96.43            90     90     54     3.429     3.429     2.405     0.8654      0.8654      0.8654      0.7640
64      B         A           10           LEU           97.47            90     90     54     3.429     3.429     2.405     0.9239      0.9239      0.9239      0.8590
65      B         A           11           LEU           98.39            90     90     54     3.429     3.429     2.405     0.9323      0.9323      0.9323      0.8736
66      B         A           12           HIS           97.91            90     90     54     3.429     3.429     2.405     0.9205      0.9205      0.9205      0.8530
67      B         A           13           ALA           98.41            90     90     54     3.429     3.429     2.405     0.9069      0.9069      0.9069      0.8302
68      B         A           14           CYS           98.53            90     90     54     3.429     3.429     2.405     0.9293      0.9293      0.9293      0.8682
69      B         A           15           ILE           98.62            90     90     54     3.429     3.429     2.405     0.9342      0.9342      0.9342      0.8773
70      B         A           16           PRO           98.37            90     90     54     3.429     3.429     2.405     0.9236      0.9236      0.9236      0.8595
71      B         A           17           CYS           98.54            90     90     54     3.429     3.429     2.405     0.9101      0.9101      0.9101      0.8382
72      B         A           18           GLN           97.69            90     90     54     3.429     3.429     2.405     0.8881      0.8881      0.8881      0.8051
73      B         A           19           LEU           98.72            90     90     54     3.429     3.429     2.405     0.9210      0.9210      0.9210      0.8584
74      B         A           20           ARG           98.02            90     90     54     3.429     3.429     2.405     0.8691      0.8691      0.8691      0.7772
75      B         A           21           CYS           96.68            90     90     54     3.429     3.429     2.405     0.7925      0.7925      0.7925      0.6643
76      B         A           22           SER           92.08            90     90     54     3.429     3.429     2.405     0.5959      0.5959      0.5959      0.4389
77      B         A           23           SER           92.00            90     90     54     3.429     3.429     2.405     0.5392      0.5392      0.5392      0.3843
78      B         A           24           ASN           88.82            90     90     54     3.429     3.429     2.405     0.4509      0.4509      0.4509      0.3020
79      B         A           25           THR           91.42            90     90     54     3.429     3.429     2.405     0.5142      0.5142      0.5142      0.3538
80      B         A           26           PRO           96.24            90     90     54     3.429     3.429     2.405     0.6846      0.6846      0.6846      0.5269
81      B         A           27           PRO           96.78            90     90     54     3.429     3.429     2.405     0.7835      0.7835      0.7835      0.6500
82      B         A           28           LEU           95.31            90     90     54     3.429     3.429     2.405     0.7163      0.7163      0.7163      0.5626
83      B         A           29           THR           95.25            90     90     54     3.429     3.429     2.405     0.7068      0.7068      0.7068      0.5521
84      B         A           30           CYS           98.15            90     90     54     3.429     3.429     2.405     0.8128      0.8128      0.8128      0.6879
85      B         A           31           GLN           96.92            90     90     54     3.429     3.429     2.405     0.7561      0.7561      0.7561      0.6103
86      B         A           32           ARG           94.48            90     90     54     3.429     3.429     2.405     0.5992      0.5992      0.5992      0.4316
87      B         A           33           TYR           97.11            90     90     54     3.429     3.429     2.405     0.7499      0.7499      0.7499      0.6056
88      B         A           34           CYS           97.24            90     90     54     3.429     3.429     2.405     0.6794      0.6794      0.6794      0.5213
89      B         A           35           ASN           93.04            90     90     54     3.429     3.429     2.405     0.4621      0.4621      0.4621      0.3027
90      B         A           36           ALA           84.13            90     90     18     3.429     3.429     1.001     0.0941      0.1368      0.1368      0.0134
