i   AlignChn ScoredChain  AlignResNum  AlignResType  AlignRespLDDT      n0chn  n0dom  n0res    d0chn     d0dom     d0res   ipTM_pae  ipSAE_d0chn ipSAE_d0dom    ipSAE 
1       A         B            1           SER           83.15            90     90     31     3.429     3.429     1.325     0.1682      0.1804      0.1804      0.0337
2       A         B            2           MET           93.98            90     90     36     3.429     3.429     1.621     0.4424      0.4424      0.4424      0.1643
3       A         B            3           GLU           96.51            90     90     36     3.429     3.429     1.621     0.5248      0.5248      0.5248      0.2181
4       A         B            4           GLU           96.89            90     90     36     3.429     3.429     1.621     0.6617      0.6617      0.6617      0.3308
5       A         B            5           TYR           97.18            90     90     36     3.429     3.429     1.621     0.8216      0.8216      0.8216      0.5322
6       A         B            6           GLU           96.72            90     90     36     3.429     3.429     1.621     0.8059      0.8059      0.8059      0.5086
7       A         B            7           LYS           98.00            90     90     36     3.429     3.429     1.621     0.8085      0.8085      0.8085      0.5120
8       A         B            8           LYS           98.16            90     90     36     3.429     3.429     1.621     0.8484      0.8484      0.8484      0.5805
9       A         B            9           LEU           98.35            90     90     36     3.429     3.429     1.621     0.9031      0.9031      0.9031      0.6955
10      A         B           10           ARG           98.14            90     90     36     3.429     3.429     1.621     0.8881      0.8881      0.8881      0.6598
11      A         B           11           GLU           98.39            90     90     36     3.429     3.429     1.621     0.8751      0.8751      0.8751      0.6340
12      A         B           12           PHE           98.61            90     90     36     3.429     3.429     1.621     0.9035      0.9035      0.9035      0.6936
13      A         B           13           ALA           98.67            90     90     36     3.429     3.429     1.621     0.9248      0.9248      0.9248      0.7490
14      A         B           14           GLU           98.07            90     90     36     3.429     3.429     1.621     0.9049      0.9049      0.9049      0.6998
15      A         B           15           GLU           98.28            90     90     36     3.429     3.429     1.621     0.8978      0.8978      0.8978      0.6825
16      A         B           16           ILE           97.91            90     90     36     3.429     3.429     1.621     0.9026      0.9026      0.9026      0.6869
17      A         B           17           THR           98.34            90     90     36     3.429     3.429     1.621     0.9161      0.9161      0.9161      0.7217
18      A         B           18           ASN           97.55            90     90     36     3.429     3.429     1.621     0.9007      0.9007      0.9007      0.6883
19      A         B           19           GLU           97.95            90     90     36     3.429     3.429     1.621     0.8819      0.8819      0.8819      0.6442
20      A         B           20           ALA           98.65            90     90     36     3.429     3.429     1.621     0.8937      0.8937      0.8937      0.6646
21      A         B           21           LEU           98.30            90     90     36     3.429     3.429     1.621     0.8874      0.8874      0.8874      0.6498
22      A         B           22           LYS           98.14            90     90     36     3.429     3.429     1.621     0.8619      0.8619      0.8619      0.5989
23      A         B           23           ASP           98.41            90     90     36     3.429     3.429     1.621     0.8361      0.8361      0.8361      0.5451
24      A         B           24           PRO           98.31            90     90     36     3.429     3.429     1.621     0.7820      0.7820      0.7820      0.4571
25      A         B           25           GLU           98.44            90     90     36     3.429     3.429     1.621     0.8019      0.8019      0.8019      0.4876
26      A         B           26           LYS           98.24            90     90     36     3.429     3.429     1.621     0.8997      0.8997      0.8997      0.6792
27      A         B           27           PHE           98.66            90     90     36     3.429     3.429     1.621     0.9152      0.9152      0.9152      0.7154
28      A         B           28           LYS           98.21            90     90     36     3.429     3.429     1.621     0.8790      0.8790      0.8790      0.6292
29      A         B           29           GLU           98.13            90     90     36     3.429     3.429     1.621     0.9109      0.9109      0.9109      0.7076
30      A         B           30           VAL           98.76            90     90     36     3.429     3.429     1.621     0.9458      0.9458      0.9458      0.8045
31      A         B           31           SER           98.42            90     90     36     3.429     3.429     1.621     0.9245      0.9245      0.9245      0.7419
32      A         B           32           TRP           98.11            90     90     36     3.429     3.429     1.621     0.9214      0.9214      0.9214      0.7332
33      A         B           33           MET           98.47            90     90     36     3.429     3.429     1.621     0.9313      0.9313      0.9313      0.7629
34      A         B           34           LEU           98.43            90     90     36     3.429     3.429     1.621     0.9408      0.9408      0.9408      0.7883
35      A         B           35           ASN           97.62            90     90     36     3.429     3.429     1.621     0.9104      0.9104      0.9104      0.7051
36      A         B           36           THR           96.95            90     90     36     3.429     3.429     1.621     0.8934      0.8934      0.8934      0.6629
37      A         B           37           GLU           94.85            90     90     36     3.429     3.429     1.621     0.8379      0.8379      0.8379      0.5476
38      A         B           38           GLU           96.37            90     90     36     3.429     3.429     1.621     0.7870      0.7870      0.7870      0.4649
39      A         B           39           GLY           97.93            90     90     36     3.429     3.429     1.621     0.8455      0.8455      0.8455      0.5653
40      A         B           40           ARG           96.73            90     90     36     3.429     3.429     1.621     0.8633      0.8633      0.8633      0.5980
41      A         B           41           GLU           97.02            90     90     36     3.429     3.429     1.621     0.8682      0.8682      0.8682      0.6080
42      A         B           42           LYS           98.16            90     90     36     3.429     3.429     1.621     0.8669      0.8669      0.8669      0.6066
43      A         B           43           LEU           98.42            90     90     36     3.429     3.429     1.621     0.8989      0.8989      0.8989      0.6786
44      A         B           44           LYS           97.63            90     90     36     3.429     3.429     1.621     0.8867      0.8867      0.8867      0.6492
45      A         B           45           GLU           98.46            90     90     36     3.429     3.429     1.621     0.8699      0.8699      0.8699      0.6145
46      A         B           46           ILE           98.45            90     90     36     3.429     3.429     1.621     0.8863      0.8863      0.8863      0.6494
47      A         B           47           VAL           98.54            90     90     36     3.429     3.429     1.621     0.8785      0.8785      0.8785      0.6330
48      A         B           48           GLU           98.17            90     90     36     3.429     3.429     1.621     0.8811      0.8811      0.8811      0.6369
49      A         B           49           LYS           98.62            90     90     36     3.429     3.429     1.621     0.8196      0.8196      0.8196      0.5220
50      A         B           50           LYS           98.14            90     90     36     3.429     3.429     1.621     0.8132      0.8132      0.8132      0.5105
51      A         B           51           ILE           98.14            90     90     36     3.429     3.429     1.621     0.8119      0.8119      0.8119      0.5070
52      A         B           52           LYS           97.78            90     90     36     3.429     3.429     1.621     0.7496      0.7496      0.7496      0.4185
53      A         B           53           GLU           97.38            90     90     36     3.429     3.429     1.621     0.5777      0.5777      0.5777      0.2493
54      A         B           54           SER           90.11            90     90     36     3.429     3.429     1.621     0.1786      0.1786      0.1786      0.0473
55      B         A            1           CYS           96.00            90     90     54     3.429     3.429     2.405     0.4961      0.4961      0.4961      0.3318
56      B         A            2           SER           92.62            90     90     54     3.429     3.429     2.405     0.6228      0.6228      0.6228      0.4553
57      B         A            3           GLN           93.05            90     90     54     3.429     3.429     2.405     0.4851      0.4851      0.4851      0.3229
58      B         A            4           ASN           95.39            90     90     54     3.429     3.429     2.405     0.7338      0.7338      0.7338      0.5862
59      B         A            5           GLU           97.90            90     90     54     3.429     3.429     2.405     0.8665      0.8665      0.8665      0.7663
60      B         A            6           TYR           98.06            90     90     54     3.429     3.429     2.405     0.9051      0.9051      0.9051      0.8275
61      B         A            7           PHE           98.03            90     90     54     3.429     3.429     2.405     0.9157      0.9157      0.9157      0.8447
62      B         A            8           ASP           98.20            90     90     54     3.429     3.429     2.405     0.9216      0.9216      0.9216      0.8547
63      B         A            9           SER           96.14            90     90     54     3.429     3.429     2.405     0.8424      0.8424      0.8424      0.7293
64      B         A           10           LEU           97.16            90     90     54     3.429     3.429     2.405     0.9125      0.9125      0.9125      0.8398
65      B         A           11           LEU           98.26            90     90     54     3.429     3.429     2.405     0.9218      0.9218      0.9218      0.8557
66      B         A           12           HIS           97.70            90     90     54     3.429     3.429     2.405     0.9095      0.9095      0.9095      0.8346
67      B         A           13           ALA           98.22            90     90     54     3.429     3.429     2.405     0.8928      0.8928      0.8928      0.8070
68      B         A           14           CYS           98.20            90     90     54     3.429     3.429     2.405     0.9173      0.9173      0.9173      0.8478
69      B         A           15           ILE           98.51            90     90     54     3.429     3.429     2.405     0.9247      0.9247      0.9247      0.8609
70      B         A           16           PRO           98.15            90     90     54     3.429     3.429     2.405     0.9134      0.9134      0.9134      0.8422
71      B         A           17           CYS           98.50            90     90     54     3.429     3.429     2.405     0.9032      0.9032      0.9032      0.8268
72      B         A           18           GLN           97.53            90     90     54     3.429     3.429     2.405     0.8773      0.8773      0.8773      0.7886
73      B         A           19           LEU           98.70            90     90     54     3.429     3.429     2.405     0.9178      0.9178      0.9178      0.8534
74      B         A           20           ARG           97.95            90     90     54     3.429     3.429     2.405     0.8623      0.8623      0.8623      0.7671
75      B         A           21           CYS           96.63            90     90     54     3.429     3.429     2.405     0.7867      0.7867      0.7867      0.6566
76      B         A           22           SER           92.92            90     90     54     3.429     3.429     2.405     0.6160      0.6160      0.6160      0.4597
77      B         A           23           SER           92.11            90     90     54     3.429     3.429     2.405     0.5438      0.5438      0.5438      0.3893
78      B         A           24           ASN           88.83            90     90     54     3.429     3.429     2.405     0.4397      0.4397      0.4397      0.2935
79      B         A           25           THR           91.35            90     90     54     3.429     3.429     2.405     0.5040      0.5040      0.5040      0.3442
80      B         A           26           PRO           96.18            90     90     54     3.429     3.429     2.405     0.6687      0.6687      0.6687      0.5088
81      B         A           27           PRO           96.52            90     90     54     3.429     3.429     2.405     0.7696      0.7696      0.7696      0.6318
82      B         A           28           LEU           95.35            90     90     54     3.429     3.429     2.405     0.7062      0.7062      0.7062      0.5506
83      B         A           29           THR           95.21            90     90     54     3.429     3.429     2.405     0.6985      0.6985      0.6985      0.5421
84      B         A           30           CYS           98.11            90     90     54     3.429     3.429     2.405     0.7989      0.7989      0.7989      0.6685
85      B         A           31           GLN           96.73            90     90     54     3.429     3.429     2.405     0.7345      0.7345      0.7345      0.5828
86      B         A           32           ARG           94.03            90     90     54     3.429     3.429     2.405     0.5827      0.5827      0.5827      0.4149
87      B         A           33           TYR           97.25            90     90     54     3.429     3.429     2.405     0.7510      0.7510      0.7510      0.6068
88      B         A           34           CYS           97.30            90     90     54     3.429     3.429     2.405     0.6807      0.6807      0.6807      0.5229
89      B         A           35           ASN           93.11            90     90     54     3.429     3.429     2.405     0.4724      0.4724      0.4724      0.3115
90      B         A           36           ALA           84.27            90     90     17     3.429     3.429     1.001     0.0953      0.1382      0.1382      0.0136
