i   AlignChn ScoredChain  AlignResNum  AlignResType  AlignRespLDDT      n0chn  n0dom  n0res    d0chn     d0dom     d0res   ipTM_pae  ipSAE_d0chn ipSAE_d0dom    ipSAE 
1       A         B            1           SER           84.94            90     90     36     3.429     3.429     1.621     0.2533      0.2533      0.2533      0.0754
2       A         B            2           MET           94.60            90     90     36     3.429     3.429     1.621     0.6384      0.6384      0.6384      0.3095
3       A         B            3           GLU           96.23            90     90     36     3.429     3.429     1.621     0.6584      0.6584      0.6584      0.3286
4       A         B            4           GLU           96.79            90     90     36     3.429     3.429     1.621     0.7467      0.7467      0.7467      0.4264
5       A         B            5           TYR           97.16            90     90     36     3.429     3.429     1.621     0.8581      0.8581      0.8581      0.6000
6       A         B            6           LYS           96.70            90     90     36     3.429     3.429     1.621     0.8459      0.8459      0.8459      0.5790
7       A         B            7           LYS           97.80            90     90     36     3.429     3.429     1.621     0.8470      0.8470      0.8470      0.5811
8       A         B            8           LYS           98.21            90     90     36     3.429     3.429     1.621     0.8763      0.8763      0.8763      0.6381
9       A         B            9           LEU           97.95            90     90     36     3.429     3.429     1.621     0.9114      0.9114      0.9114      0.7184
10      A         B           10           ARG           97.91            90     90     36     3.429     3.429     1.621     0.9051      0.9051      0.9051      0.7023
11      A         B           11           GLU           98.18            90     90     36     3.429     3.429     1.621     0.8961      0.8961      0.8961      0.6834
12      A         B           12           PHE           98.42            90     90     36     3.429     3.429     1.621     0.9147      0.9147      0.9147      0.7249
13      A         B           13           ALA           98.36            90     90     36     3.429     3.429     1.621     0.9314      0.9314      0.9314      0.7700
14      A         B           14           GLU           97.63            90     90     36     3.429     3.429     1.621     0.9173      0.9173      0.9173      0.7336
15      A         B           15           GLU           98.24            90     90     36     3.429     3.429     1.621     0.9109      0.9109      0.9109      0.7174
16      A         B           16           ILE           98.29            90     90     36     3.429     3.429     1.621     0.9264      0.9264      0.9264      0.7534
17      A         B           17           VAL           98.17            90     90     36     3.429     3.429     1.621     0.9241      0.9241      0.9241      0.7475
18      A         B           18           ASN           97.33            90     90     36     3.429     3.429     1.621     0.9093      0.9093      0.9093      0.7125
19      A         B           19           GLU           97.87            90     90     36     3.429     3.429     1.621     0.8917      0.8917      0.8917      0.6684
20      A         B           20           ALA           98.25            90     90     36     3.429     3.429     1.621     0.8869      0.8869      0.8869      0.6537
21      A         B           21           MET           97.64            90     90     36     3.429     3.429     1.621     0.8821      0.8821      0.8821      0.6427
22      A         B           22           LYS           98.14            90     90     36     3.429     3.429     1.621     0.8637      0.8637      0.8637      0.6075
23      A         B           23           ASP           98.45            90     90     36     3.429     3.429     1.621     0.8428      0.8428      0.8428      0.5603
24      A         B           24           PRO           98.15            90     90     36     3.429     3.429     1.621     0.7877      0.7877      0.7877      0.4682
25      A         B           25           GLU           98.49            90     90     36     3.429     3.429     1.621     0.8105      0.8105      0.8105      0.5039
26      A         B           26           LYS           98.39            90     90     36     3.429     3.429     1.621     0.9065      0.9065      0.9065      0.6989
27      A         B           27           PHE           98.59            90     90     36     3.429     3.429     1.621     0.9291      0.9291      0.9291      0.7576
28      A         B           28           LYS           98.21            90     90     36     3.429     3.429     1.621     0.8971      0.8971      0.8971      0.6753
29      A         B           29           GLU           98.29            90     90     36     3.429     3.429     1.621     0.9250      0.9250      0.9250      0.7487
30      A         B           30           VAL           98.71            90     90     36     3.429     3.429     1.621     0.9519      0.9519      0.9519      0.8282
31      A         B           31           SER           98.38            90     90     36     3.429     3.429     1.621     0.9389      0.9389      0.9389      0.7866
32      A         B           32           TRP           98.15            90     90     36     3.429     3.429     1.621     0.9369      0.9369      0.9369      0.7821
33      A         B           33           MET           98.39            90     90     36     3.429     3.429     1.621     0.9438      0.9438      0.9438      0.8031
34      A         B           34           LEU           98.28            90     90     36     3.429     3.429     1.621     0.9537      0.9537      0.9537      0.8320
35      A         B           35           ASN           97.59            90     90     36     3.429     3.429     1.621     0.9334      0.9334      0.9334      0.7719
36      A         B           36           THR           97.08            90     90     36     3.429     3.429     1.621     0.9180      0.9180      0.9180      0.7282
37      A         B           37           GLU           94.63            90     90     36     3.429     3.429     1.621     0.8788      0.8788      0.8788      0.6321
38      A         B           38           GLU           97.09            90     90     36     3.429     3.429     1.621     0.8482      0.8482      0.8482      0.5710
39      A         B           39           GLY           97.90            90     90     36     3.429     3.429     1.621     0.8794      0.8794      0.8794      0.6361
40      A         B           40           ARG           95.92            90     90     36     3.429     3.429     1.621     0.8872      0.8872      0.8872      0.6533
41      A         B           41           LYS           95.99            90     90     36     3.429     3.429     1.621     0.8919      0.8919      0.8919      0.6637
42      A         B           42           LYS           98.11            90     90     36     3.429     3.429     1.621     0.8905      0.8905      0.8905      0.6611
43      A         B           43           LEU           98.24            90     90     36     3.429     3.429     1.621     0.9166      0.9166      0.9166      0.7251
44      A         B           44           LYS           96.78            90     90     36     3.429     3.429     1.621     0.9013      0.9013      0.9013      0.6880
45      A         B           45           GLU           98.02            90     90     36     3.429     3.429     1.621     0.8923      0.8923      0.8923      0.6671
46      A         B           46           ILE           98.41            90     90     36     3.429     3.429     1.621     0.9067      0.9067      0.9067      0.7006
47      A         B           47           VAL           98.34            90     90     36     3.429     3.429     1.621     0.9043      0.9043      0.9043      0.6955
48      A         B           48           GLU           97.68            90     90     36     3.429     3.429     1.621     0.9009      0.9009      0.9009      0.6863
49      A         B           49           LYS           98.58            90     90     36     3.429     3.429     1.621     0.8503      0.8503      0.8503      0.5789
50      A         B           50           LYS           98.02            90     90     36     3.429     3.429     1.621     0.8406      0.8406      0.8406      0.5597
51      A         B           51           ILE           97.97            90     90     36     3.429     3.429     1.621     0.8413      0.8413      0.8413      0.5591
52      A         B           52           LYS           97.82            90     90     36     3.429     3.429     1.621     0.7908      0.7908      0.7908      0.4771
53      A         B           53           GLU           97.06            90     90     36     3.429     3.429     1.621     0.6325      0.6325      0.6325      0.2951
54      A         B           54           SER           90.00            90     90     36     3.429     3.429     1.621     0.2179      0.2179      0.2179      0.0602
55      B         A            1           CYS           95.42            90     90     54     3.429     3.429     2.405     0.5812      0.5812      0.5812      0.4120
56      B         A            2           SER           92.09            90     90     54     3.429     3.429     2.405     0.6831      0.6831      0.6831      0.5210
57      B         A            3           GLN           92.58            90     90     54     3.429     3.429     2.405     0.5321      0.5321      0.5321      0.3652
58      B         A            4           ASN           95.25            90     90     54     3.429     3.429     2.405     0.7749      0.7749      0.7749      0.6376
59      B         A            5           GLU           97.72            90     90     54     3.429     3.429     2.405     0.8907      0.8907      0.8907      0.8036
60      B         A            6           TYR           97.91            90     90     54     3.429     3.429     2.405     0.9255      0.9255      0.9255      0.8612
61      B         A            7           PHE           97.87            90     90     54     3.429     3.429     2.405     0.9337      0.9337      0.9337      0.8751
62      B         A            8           ASP           97.83            90     90     54     3.429     3.429     2.405     0.9365      0.9365      0.9365      0.8801
63      B         A            9           SER           95.27            90     90     54     3.429     3.429     2.405     0.8708      0.8708      0.8708      0.7717
64      B         A           10           LEU           95.87            90     90     54     3.429     3.429     2.405     0.9237      0.9237      0.9237      0.8582
65      B         A           11           LEU           97.41            90     90     54     3.429     3.429     2.405     0.9339      0.9339      0.9339      0.8759
66      B         A           12           HIS           97.34            90     90     54     3.429     3.429     2.405     0.9303      0.9303      0.9303      0.8697
67      B         A           13           ALA           97.63            90     90     54     3.429     3.429     2.405     0.9160      0.9160      0.9160      0.8447
68      B         A           14           CYS           97.75            90     90     54     3.429     3.429     2.405     0.9326      0.9326      0.9326      0.8735
69      B         A           15           ILE           98.29            90     90     54     3.429     3.429     2.405     0.9392      0.9392      0.9392      0.8854
70      B         A           16           PRO           97.90            90     90     54     3.429     3.429     2.405     0.9302      0.9302      0.9302      0.8698
71      B         A           17           CYS           98.31            90     90     54     3.429     3.429     2.405     0.9139      0.9139      0.9139      0.8433
72      B         A           18           GLN           95.75            90     90     54     3.429     3.429     2.405     0.8574      0.8574      0.8574      0.7579
73      B         A           19           LEU           98.42            90     90     54     3.429     3.429     2.405     0.9283      0.9283      0.9283      0.8691
74      B         A           20           ARG           97.86            90     90     54     3.429     3.429     2.405     0.8922      0.8922      0.8922      0.8108
75      B         A           21           CYS           96.38            90     90     54     3.429     3.429     2.405     0.8326      0.8326      0.8326      0.7184
76      B         A           22           SER           92.94            90     90     54     3.429     3.429     2.405     0.6934      0.6934      0.6934      0.5451
77      B         A           23           SER           92.40            90     90     54     3.429     3.429     2.405     0.6480      0.6480      0.6480      0.4957
78      B         A           24           ASN           88.64            90     90     54     3.429     3.429     2.405     0.5687      0.5687      0.5687      0.4120
79      B         A           25           THR           91.33            90     90     54     3.429     3.429     2.405     0.6114      0.6114      0.6114      0.4481
80      B         A           26           PRO           96.01            90     90     54     3.429     3.429     2.405     0.7353      0.7353      0.7353      0.5866
81      B         A           27           PRO           96.45            90     90     54     3.429     3.429     2.405     0.8140      0.8140      0.8140      0.6911
82      B         A           28           LEU           95.07            90     90     54     3.429     3.429     2.405     0.7672      0.7672      0.7672      0.6255
83      B         A           29           THR           94.84            90     90     54     3.429     3.429     2.405     0.7584      0.7584      0.7584      0.6149
84      B         A           30           CYS           97.85            90     90     54     3.429     3.429     2.405     0.8317      0.8317      0.8317      0.7141
85      B         A           31           GLN           96.50            90     90     54     3.429     3.429     2.405     0.7696      0.7696      0.7696      0.6270
86      B         A           32           ARG           94.27            90     90     54     3.429     3.429     2.405     0.6337      0.6337      0.6337      0.4663
87      B         A           33           TYR           97.06            90     90     54     3.429     3.429     2.405     0.7823      0.7823      0.7823      0.6466
88      B         A           34           CYS           97.01            90     90     54     3.429     3.429     2.405     0.6492      0.6492      0.6492      0.4884
89      B         A           35           ASN           90.85            90     90     54     3.429     3.429     2.405     0.3094      0.3094      0.3094      0.1848
90      B         A           36           ALA           76.55            90     90      3     3.429     3.429     1.001     0.0607      0.1247      0.1247      0.0120
