i   AlignChn ScoredChain  AlignResNum  AlignResType  AlignRespLDDT      n0chn  n0dom  n0res    d0chn     d0dom     d0res   ipTM_pae  ipSAE_d0chn ipSAE_d0dom    ipSAE 
1       A         B            1           SER           85.21            90     90     34     3.429     3.429     1.509     0.2023      0.2084      0.2084      0.0516
2       A         B            2           MET           94.15            90     90     36     3.429     3.429     1.621     0.4994      0.4994      0.4994      0.2015
3       A         B            3           GLU           96.20            90     90     36     3.429     3.429     1.621     0.5342      0.5342      0.5342      0.2249
4       A         B            4           GLU           96.64            90     90     36     3.429     3.429     1.621     0.6350      0.6350      0.6350      0.3047
5       A         B            5           TYR           97.24            90     90     36     3.429     3.429     1.621     0.7754      0.7754      0.7754      0.4618
6       A         B            6           LYS           96.92            90     90     36     3.429     3.429     1.621     0.7483      0.7483      0.7483      0.4259
7       A         B            7           LYS           97.72            90     90     36     3.429     3.429     1.621     0.7531      0.7531      0.7531      0.4328
8       A         B            8           LYS           98.19            90     90     36     3.429     3.429     1.621     0.8046      0.8046      0.8046      0.5078
9       A         B            9           LEU           98.14            90     90     36     3.429     3.429     1.621     0.8606      0.8606      0.8606      0.6054
10      A         B           10           ARG           97.95            90     90     36     3.429     3.429     1.621     0.8346      0.8346      0.8346      0.5537
11      A         B           11           GLU           98.15            90     90     36     3.429     3.429     1.621     0.8307      0.8307      0.8307      0.5506
12      A         B           12           PHE           98.40            90     90     36     3.429     3.429     1.621     0.8631      0.8631      0.8631      0.6064
13      A         B           13           ALA           98.36            90     90     36     3.429     3.429     1.621     0.8866      0.8866      0.8866      0.6573
14      A         B           14           GLU           97.55            90     90     36     3.429     3.429     1.621     0.8560      0.8560      0.8560      0.5942
15      A         B           15           GLU           98.19            90     90     36     3.429     3.429     1.621     0.8574      0.8574      0.8574      0.5969
16      A         B           16           ILE           98.34            90     90     36     3.429     3.429     1.621     0.8813      0.8813      0.8813      0.6410
17      A         B           17           VAL           98.18            90     90     36     3.429     3.429     1.621     0.8726      0.8726      0.8726      0.6215
18      A         B           18           ASN           97.26            90     90     36     3.429     3.429     1.621     0.8503      0.8503      0.8503      0.5819
19      A         B           19           GLU           97.89            90     90     36     3.429     3.429     1.621     0.8289      0.8289      0.8289      0.5389
20      A         B           20           ALA           98.36            90     90     36     3.429     3.429     1.621     0.8304      0.8304      0.8304      0.5385
21      A         B           21           MET           97.67            90     90     36     3.429     3.429     1.621     0.8089      0.8089      0.8089      0.5016
22      A         B           22           LYS           98.16            90     90     36     3.429     3.429     1.621     0.7919      0.7919      0.7919      0.4790
23      A         B           23           ASP           98.44            90     90     36     3.429     3.429     1.621     0.7759      0.7759      0.7759      0.4489
24      A         B           24           PRO           98.23            90     90     36     3.429     3.429     1.621     0.7286      0.7286      0.7286      0.3871
25      A         B           25           GLU           98.55            90     90     36     3.429     3.429     1.621     0.7636      0.7636      0.7636      0.4318
26      A         B           26           LYS           98.44            90     90     36     3.429     3.429     1.621     0.8635      0.8635      0.8635      0.6002
27      A         B           27           PHE           98.58            90     90     36     3.429     3.429     1.621     0.8878      0.8878      0.8878      0.6496
28      A         B           28           LYS           98.22            90     90     36     3.429     3.429     1.621     0.8543      0.8543      0.8543      0.5793
29      A         B           29           GLU           98.35            90     90     36     3.429     3.429     1.621     0.8900      0.8900      0.8900      0.6585
30      A         B           30           VAL           98.72            90     90     36     3.429     3.429     1.621     0.9253      0.9253      0.9253      0.7473
31      A         B           31           SER           98.42            90     90     36     3.429     3.429     1.621     0.9021      0.9021      0.9021      0.6850
32      A         B           32           TRP           98.13            90     90     36     3.429     3.429     1.621     0.8978      0.8978      0.8978      0.6755
33      A         B           33           MET           98.39            90     90     36     3.429     3.429     1.621     0.9086      0.9086      0.9086      0.7042
34      A         B           34           LEU           98.28            90     90     36     3.429     3.429     1.621     0.9241      0.9241      0.9241      0.7414
35      A         B           35           ASN           97.53            90     90     36     3.429     3.429     1.621     0.8845      0.8845      0.8845      0.6444
36      A         B           36           THR           96.98            90     90     36     3.429     3.429     1.621     0.8617      0.8617      0.8617      0.5955
37      A         B           37           GLU           94.63            90     90     36     3.429     3.429     1.621     0.8005      0.8005      0.8005      0.4855
38      A         B           38           GLU           96.93            90     90     36     3.429     3.429     1.621     0.7643      0.7643      0.7643      0.4336
39      A         B           39           GLY           97.87            90     90     36     3.429     3.429     1.621     0.8040      0.8040      0.8040      0.4935
40      A         B           40           ARG           96.03            90     90     36     3.429     3.429     1.621     0.8139      0.8139      0.8139      0.5084
41      A         B           41           LYS           96.42            90     90     36     3.429     3.429     1.621     0.8260      0.8260      0.8260      0.5292
42      A         B           42           LYS           98.11            90     90     36     3.429     3.429     1.621     0.8217      0.8217      0.8217      0.5218
43      A         B           43           LEU           98.21            90     90     36     3.429     3.429     1.621     0.8573      0.8573      0.8573      0.5886
44      A         B           44           LYS           96.47            90     90     36     3.429     3.429     1.621     0.8287      0.8287      0.8287      0.5350
45      A         B           45           GLU           98.05            90     90     36     3.429     3.429     1.621     0.8190      0.8190      0.8190      0.5194
46      A         B           46           ILE           98.41            90     90     36     3.429     3.429     1.621     0.8400      0.8400      0.8400      0.5552
47      A         B           47           VAL           98.32            90     90     36     3.429     3.429     1.621     0.8354      0.8354      0.8354      0.5486
48      A         B           48           GLU           97.75            90     90     36     3.429     3.429     1.621     0.8298      0.8298      0.8298      0.5368
49      A         B           49           LYS           98.56            90     90     36     3.429     3.429     1.621     0.7639      0.7639      0.7639      0.4363
50      A         B           50           LYS           97.99            90     90     36     3.429     3.429     1.621     0.7575      0.7575      0.7575      0.4276
51      A         B           51           ILE           98.01            90     90     36     3.429     3.429     1.621     0.7559      0.7559      0.7559      0.4242
52      A         B           52           LYS           97.77            90     90     36     3.429     3.429     1.621     0.6946      0.6946      0.6946      0.3518
53      A         B           53           GLU           97.05            90     90     36     3.429     3.429     1.621     0.5186      0.5186      0.5186      0.2060
54      A         B           54           SER           90.28            90     90     30     3.429     3.429     1.258     0.1477      0.1580      0.1580      0.0251
55      B         A            1           CYS           95.48            90     90     54     3.429     3.429     2.405     0.4527      0.4527      0.4527      0.2936
56      B         A            2           SER           92.59            90     90     54     3.429     3.429     2.405     0.5721      0.5721      0.5721      0.4027
57      B         A            3           GLN           93.28            90     90     54     3.429     3.429     2.405     0.4361      0.4361      0.4361      0.2804
58      B         A            4           ASN           95.32            90     90     54     3.429     3.429     2.405     0.6826      0.6826      0.6826      0.5246
59      B         A            5           GLU           97.73            90     90     54     3.429     3.429     2.405     0.8228      0.8228      0.8228      0.7015
60      B         A            6           TYR           97.97            90     90     54     3.429     3.429     2.405     0.8700      0.8700      0.8700      0.7716
61      B         A            7           PHE           97.83            90     90     54     3.429     3.429     2.405     0.8831      0.8831      0.8831      0.7913
62      B         A            8           ASP           97.87            90     90     54     3.429     3.429     2.405     0.8899      0.8899      0.8899      0.8018
63      B         A            9           SER           95.56            90     90     54     3.429     3.429     2.405     0.8083      0.8083      0.8083      0.6801
64      B         A           10           LEU           96.00            90     90     54     3.429     3.429     2.405     0.8684      0.8684      0.8684      0.7688
65      B         A           11           LEU           97.44            90     90     54     3.429     3.429     2.405     0.8829      0.8829      0.8829      0.7916
66      B         A           12           HIS           97.31            90     90     54     3.429     3.429     2.405     0.8754      0.8754      0.8754      0.7794
67      B         A           13           ALA           97.64            90     90     54     3.429     3.429     2.405     0.8591      0.8591      0.8591      0.7536
68      B         A           14           CYS           97.78            90     90     54     3.429     3.429     2.405     0.8785      0.8785      0.8785      0.7844
69      B         A           15           ILE           98.31            90     90     54     3.429     3.429     2.405     0.8876      0.8876      0.8876      0.7996
70      B         A           16           PRO           97.92            90     90     54     3.429     3.429     2.405     0.8768      0.8768      0.8768      0.7830
71      B         A           17           CYS           98.35            90     90     54     3.429     3.429     2.405     0.8588      0.8588      0.8588      0.7580
72      B         A           18           GLN           96.44            90     90     54     3.429     3.429     2.405     0.7830      0.7830      0.7830      0.6558
73      B         A           19           LEU           98.45            90     90     54     3.429     3.429     2.405     0.8789      0.8789      0.8789      0.7915
74      B         A           20           ARG           97.87            90     90     54     3.429     3.429     2.405     0.8125      0.8125      0.8125      0.6959
75      B         A           21           CYS           96.42            90     90     54     3.429     3.429     2.405     0.7200      0.7200      0.7200      0.5719
76      B         A           22           SER           92.25            90     90     54     3.429     3.429     2.405     0.5226      0.5226      0.5226      0.3659
77      B         A           23           SER           92.37            90     90     54     3.429     3.429     2.405     0.4685      0.4685      0.4685      0.3187
78      B         A           24           ASN           88.99            90     90     54     3.429     3.429     2.405     0.3800      0.3800      0.3800      0.2440
79      B         A           25           THR           91.62            90     90     54     3.429     3.429     2.405     0.4552      0.4552      0.4552      0.3013
80      B         A           26           PRO           96.33            90     90     54     3.429     3.429     2.405     0.6149      0.6149      0.6149      0.4504
81      B         A           27           PRO           96.50            90     90     54     3.429     3.429     2.405     0.7203      0.7203      0.7203      0.5700
82      B         A           28           LEU           95.40            90     90     54     3.429     3.429     2.405     0.6543      0.6543      0.6543      0.4909
83      B         A           29           THR           94.79            90     90     54     3.429     3.429     2.405     0.6328      0.6328      0.6328      0.4676
84      B         A           30           CYS           97.98            90     90     54     3.429     3.429     2.405     0.7472      0.7472      0.7472      0.6005
85      B         A           31           GLN           96.94            90     90     54     3.429     3.429     2.405     0.6962      0.6962      0.6962      0.5369
86      B         A           32           ARG           94.88            90     90     54     3.429     3.429     2.405     0.5419      0.5419      0.5419      0.3748
87      B         A           33           TYR           97.04            90     90     54     3.429     3.429     2.405     0.6882      0.6882      0.6882      0.5301
88      B         A           34           CYS           97.40            90     90     54     3.429     3.429     2.405     0.6310      0.6310      0.6310      0.4673
89      B         A           35           ASN           94.09            90     90     54     3.429     3.429     2.405     0.4219      0.4219      0.4219      0.2691
90      B         A           36           ALA           85.70            90     90     12     3.429     3.429     1.001     0.0839      0.1367      0.1367      0.0134
