i   AlignChn ScoredChain  AlignResNum  AlignResType  AlignRespLDDT      n0chn  n0dom  n0res    d0chn     d0dom     d0res   ipTM_pae  ipSAE_d0chn ipSAE_d0dom    ipSAE 
1       A         B            1           SER           86.03            90     90     35     3.429     3.429     1.566     0.2288      0.2324      0.2324      0.0632
2       A         B            2           MET           94.55            90     90     36     3.429     3.429     1.621     0.5576      0.5576      0.5576      0.2409
3       A         B            3           GLU           96.27            90     90     36     3.429     3.429     1.621     0.5692      0.5692      0.5692      0.2505
4       A         B            4           GLU           96.80            90     90     36     3.429     3.429     1.621     0.6788      0.6788      0.6788      0.3475
5       A         B            5           TYR           97.24            90     90     36     3.429     3.429     1.621     0.8081      0.8081      0.8081      0.5108
6       A         B            6           LYS           96.91            90     90     36     3.429     3.429     1.621     0.7909      0.7909      0.7909      0.4868
7       A         B            7           LYS           97.82            90     90     36     3.429     3.429     1.621     0.7907      0.7907      0.7907      0.4871
8       A         B            8           LYS           98.30            90     90     36     3.429     3.429     1.621     0.8382      0.8382      0.8382      0.5632
9       A         B            9           LEU           98.13            90     90     36     3.429     3.429     1.621     0.8814      0.8814      0.8814      0.6484
10      A         B           10           ARG           98.06            90     90     36     3.429     3.429     1.621     0.8684      0.8684      0.8684      0.6186
11      A         B           11           GLU           98.28            90     90     36     3.429     3.429     1.621     0.8627      0.8627      0.8627      0.6103
12      A         B           12           PHE           98.49            90     90     36     3.429     3.429     1.621     0.8878      0.8878      0.8878      0.6588
13      A         B           13           ALA           98.43            90     90     36     3.429     3.429     1.621     0.9084      0.9084      0.9084      0.7087
14      A         B           14           GLU           97.79            90     90     36     3.429     3.429     1.621     0.8869      0.8869      0.8869      0.6589
15      A         B           15           GLU           98.33            90     90     36     3.429     3.429     1.621     0.8822      0.8822      0.8822      0.6483
16      A         B           16           ILE           98.37            90     90     36     3.429     3.429     1.621     0.9020      0.9020      0.9020      0.6893
17      A         B           17           VAL           98.22            90     90     36     3.429     3.429     1.621     0.8988      0.8988      0.8988      0.6809
18      A         B           18           ASN           97.49            90     90     36     3.429     3.429     1.621     0.8786      0.8786      0.8786      0.6400
19      A         B           19           GLU           97.95            90     90     36     3.429     3.429     1.621     0.8554      0.8554      0.8554      0.5894
20      A         B           20           ALA           98.39            90     90     36     3.429     3.429     1.621     0.8567      0.8567      0.8567      0.5883
21      A         B           21           MET           97.75            90     90     36     3.429     3.429     1.621     0.8449      0.8449      0.8449      0.5646
22      A         B           22           LYS           98.21            90     90     36     3.429     3.429     1.621     0.8273      0.8273      0.8273      0.5366
23      A         B           23           ASP           98.48            90     90     36     3.429     3.429     1.621     0.8082      0.8082      0.8082      0.4985
24      A         B           24           PRO           98.32            90     90     36     3.429     3.429     1.621     0.7709      0.7709      0.7709      0.4420
25      A         B           25           GLU           98.59            90     90     36     3.429     3.429     1.621     0.8014      0.8014      0.8014      0.4878
26      A         B           26           LYS           98.44            90     90     36     3.429     3.429     1.621     0.8915      0.8915      0.8915      0.6616
27      A         B           27           PHE           98.63            90     90     36     3.429     3.429     1.621     0.9090      0.9090      0.9090      0.7016
28      A         B           28           LYS           98.30            90     90     36     3.429     3.429     1.621     0.8798      0.8798      0.8798      0.6328
29      A         B           29           GLU           98.32            90     90     36     3.429     3.429     1.621     0.9064      0.9064      0.9064      0.6985
30      A         B           30           VAL           98.72            90     90     36     3.429     3.429     1.621     0.9364      0.9364      0.9364      0.7807
31      A         B           31           SER           98.47            90     90     36     3.429     3.429     1.621     0.9199      0.9199      0.9199      0.7322
32      A         B           32           TRP           98.13            90     90     36     3.429     3.429     1.621     0.9153      0.9153      0.9153      0.7200
33      A         B           33           MET           98.39            90     90     36     3.429     3.429     1.621     0.9240      0.9240      0.9240      0.7448
34      A         B           34           LEU           98.33            90     90     36     3.429     3.429     1.621     0.9366      0.9366      0.9366      0.7783
35      A         B           35           ASN           97.68            90     90     36     3.429     3.429     1.621     0.9065      0.9065      0.9065      0.6983
36      A         B           36           THR           97.05            90     90     36     3.429     3.429     1.621     0.8780      0.8780      0.8780      0.6309
37      A         B           37           GLU           94.22            90     90     36     3.429     3.429     1.621     0.8076      0.8076      0.8076      0.4981
38      A         B           38           GLU           96.56            90     90     36     3.429     3.429     1.621     0.7476      0.7476      0.7476      0.4123
39      A         B           39           GLY           97.94            90     90     36     3.429     3.429     1.621     0.8237      0.8237      0.8237      0.5278
40      A         B           40           ARG           95.99            90     90     36     3.429     3.429     1.621     0.8367      0.8367      0.8367      0.5495
41      A         B           41           LYS           96.18            90     90     36     3.429     3.429     1.621     0.8497      0.8497      0.8497      0.5743
42      A         B           42           LYS           98.10            90     90     36     3.429     3.429     1.621     0.8467      0.8467      0.8467      0.5686
43      A         B           43           LEU           98.30            90     90     36     3.429     3.429     1.621     0.8839      0.8839      0.8839      0.6462
44      A         B           44           LYS           96.89            90     90     36     3.429     3.429     1.621     0.8626      0.8626      0.8626      0.6012
45      A         B           45           GLU           98.07            90     90     36     3.429     3.429     1.621     0.8517      0.8517      0.8517      0.5805
46      A         B           46           ILE           98.41            90     90     36     3.429     3.429     1.621     0.8694      0.8694      0.8694      0.6145
47      A         B           47           VAL           98.36            90     90     36     3.429     3.429     1.621     0.8641      0.8641      0.8641      0.6050
48      A         B           48           GLU           97.84            90     90     36     3.429     3.429     1.621     0.8635      0.8635      0.8635      0.6023
49      A         B           49           LYS           98.58            90     90     36     3.429     3.429     1.621     0.8014      0.8014      0.8014      0.4929
50      A         B           50           LYS           98.09            90     90     36     3.429     3.429     1.621     0.7953      0.7953      0.7953      0.4827
51      A         B           51           ILE           98.10            90     90     36     3.429     3.429     1.621     0.7960      0.7960      0.7960      0.4819
52      A         B           52           LYS           97.86            90     90     36     3.429     3.429     1.621     0.7373      0.7373      0.7373      0.4026
53      A         B           53           GLU           97.51            90     90     36     3.429     3.429     1.621     0.5713      0.5713      0.5713      0.2438
54      A         B           54           SER           90.58            90     90     34     3.429     3.429     1.509     0.1708      0.1751      0.1751      0.0402
55      B         A            1           CYS           95.31            90     90     54     3.429     3.429     2.405     0.4562      0.4562      0.4562      0.2968
56      B         A            2           SER           90.46            90     90     54     3.429     3.429     2.405     0.5108      0.5108      0.5108      0.3461
57      B         A            3           GLN           92.60            90     90     54     3.429     3.429     2.405     0.3966      0.3966      0.3966      0.2484
58      B         A            4           ASN           95.27            90     90     54     3.429     3.429     2.405     0.7039      0.7039      0.7039      0.5491
59      B         A            5           GLU           97.71            90     90     54     3.429     3.429     2.405     0.8431      0.8431      0.8431      0.7309
60      B         A            6           TYR           97.94            90     90     54     3.429     3.429     2.405     0.8926      0.8926      0.8926      0.8069
61      B         A            7           PHE           97.93            90     90     54     3.429     3.429     2.405     0.9060      0.9060      0.9060      0.8284
62      B         A            8           ASP           97.95            90     90     54     3.429     3.429     2.405     0.9129      0.9129      0.9129      0.8398
63      B         A            9           SER           95.49            90     90     54     3.429     3.429     2.405     0.8355      0.8355      0.8355      0.7189
64      B         A           10           LEU           96.00            90     90     54     3.429     3.429     2.405     0.8925      0.8925      0.8925      0.8066
65      B         A           11           LEU           97.57            90     90     54     3.429     3.429     2.405     0.9063      0.9063      0.9063      0.8293
66      B         A           12           HIS           97.49            90     90     54     3.429     3.429     2.405     0.9007      0.9007      0.9007      0.8199
67      B         A           13           ALA           97.68            90     90     54     3.429     3.429     2.405     0.8815      0.8815      0.8815      0.7885
68      B         A           14           CYS           97.88            90     90     54     3.429     3.429     2.405     0.9047      0.9047      0.9047      0.8265
69      B         A           15           ILE           98.38            90     90     54     3.429     3.429     2.405     0.9110      0.9110      0.9110      0.8373
70      B         A           16           PRO           98.00            90     90     54     3.429     3.429     2.405     0.9015      0.9015      0.9015      0.8221
71      B         A           17           CYS           98.41            90     90     54     3.429     3.429     2.405     0.8919      0.8919      0.8919      0.8086
72      B         A           18           GLN           97.07            90     90     54     3.429     3.429     2.405     0.8578      0.8578      0.8578      0.7593
73      B         A           19           LEU           98.55            90     90     54     3.429     3.429     2.405     0.9041      0.9041      0.9041      0.8304
74      B         A           20           ARG           97.97            90     90     54     3.429     3.429     2.405     0.8522      0.8522      0.8522      0.7518
75      B         A           21           CYS           96.56            90     90     54     3.429     3.429     2.405     0.7746      0.7746      0.7746      0.6404
76      B         A           22           SER           93.50            90     90     54     3.429     3.429     2.405     0.6147      0.6147      0.6147      0.4577
77      B         A           23           SER           92.54            90     90     54     3.429     3.429     2.405     0.5591      0.5591      0.5591      0.4032
78      B         A           24           ASN           89.45            90     90     54     3.429     3.429     2.405     0.4682      0.4682      0.4682      0.3176
79      B         A           25           THR           91.83            90     90     54     3.429     3.429     2.405     0.5284      0.5284      0.5284      0.3666
80      B         A           26           PRO           96.39            90     90     54     3.429     3.429     2.405     0.6746      0.6746      0.6746      0.5154
81      B         A           27           PRO           96.61            90     90     54     3.429     3.429     2.405     0.7699      0.7699      0.7699      0.6323
82      B         A           28           LEU           95.20            90     90     54     3.429     3.429     2.405     0.7123      0.7123      0.7123      0.5574
83      B         A           29           THR           94.83            90     90     54     3.429     3.429     2.405     0.6954      0.6954      0.6954      0.5380
84      B         A           30           CYS           97.98            90     90     54     3.429     3.429     2.405     0.7963      0.7963      0.7963      0.6649
85      B         A           31           GLN           96.75            90     90     54     3.429     3.429     2.405     0.7366      0.7366      0.7366      0.5854
86      B         A           32           ARG           94.48            90     90     54     3.429     3.429     2.405     0.5798      0.5798      0.5798      0.4108
87      B         A           33           TYR           96.95            90     90     54     3.429     3.429     2.405     0.7324      0.7324      0.7324      0.5835
88      B         A           34           CYS           97.37            90     90     54     3.429     3.429     2.405     0.6545      0.6545      0.6545      0.4938
89      B         A           35           ASN           93.16            90     90     54     3.429     3.429     2.405     0.3781      0.3781      0.3781      0.2345
90      B         A           36           ALA           79.57            90     90      1     3.429     3.429     1.001     0.0553      0.1280      0.1280      0.0123
