i   AlignChn ScoredChain  AlignResNum  AlignResType  AlignRespLDDT      n0chn  n0dom  n0res    d0chn     d0dom     d0res   ipTM_pae  ipSAE_d0chn ipSAE_d0dom    ipSAE 
1       A         B            1           SER           85.66            90     90     36     3.429     3.429     1.621     0.2273      0.2273      0.2273      0.0654
2       A         B            2           MET           93.93            90     90     36     3.429     3.429     1.621     0.5878      0.5878      0.5878      0.2630
3       A         B            3           GLU           95.54            90     90     36     3.429     3.429     1.621     0.5812      0.5812      0.5812      0.2591
4       A         B            4           GLU           96.23            90     90     36     3.429     3.429     1.621     0.6900      0.6900      0.6900      0.3579
5       A         B            5           TYR           96.81            90     90     36     3.429     3.429     1.621     0.8077      0.8077      0.8077      0.5081
6       A         B            6           LYS           95.99            90     90     36     3.429     3.429     1.621     0.7926      0.7926      0.7926      0.4876
7       A         B            7           LYS           97.42            90     90     36     3.429     3.429     1.621     0.7882      0.7882      0.7882      0.4813
8       A         B            8           LYS           98.07            90     90     36     3.429     3.429     1.621     0.8338      0.8338      0.8338      0.5546
9       A         B            9           LEU           97.83            90     90     36     3.429     3.429     1.621     0.8825      0.8825      0.8825      0.6478
10      A         B           10           ARG           97.82            90     90     36     3.429     3.429     1.621     0.8726      0.8726      0.8726      0.6266
11      A         B           11           GLU           98.11            90     90     36     3.429     3.429     1.621     0.8679      0.8679      0.8679      0.6184
12      A         B           12           PHE           98.38            90     90     36     3.429     3.429     1.621     0.8956      0.8956      0.8956      0.6747
13      A         B           13           ALA           98.30            90     90     36     3.429     3.429     1.621     0.9137      0.9137      0.9137      0.7193
14      A         B           14           GLU           97.53            90     90     36     3.429     3.429     1.621     0.8966      0.8966      0.8966      0.6789
15      A         B           15           GLU           98.23            90     90     36     3.429     3.429     1.621     0.8936      0.8936      0.8936      0.6713
16      A         B           16           ILE           98.22            90     90     36     3.429     3.429     1.621     0.9081      0.9081      0.9081      0.7019
17      A         B           17           VAL           98.05            90     90     36     3.429     3.429     1.621     0.9054      0.9054      0.9054      0.6949
18      A         B           18           ASN           97.17            90     90     36     3.429     3.429     1.621     0.8901      0.8901      0.8901      0.6632
19      A         B           19           GLU           97.82            90     90     36     3.429     3.429     1.621     0.8620      0.8620      0.8620      0.6008
20      A         B           20           ALA           98.28            90     90     36     3.429     3.429     1.621     0.8634      0.8634      0.8634      0.6004
21      A         B           21           MET           97.63            90     90     36     3.429     3.429     1.621     0.8546      0.8546      0.8546      0.5815
22      A         B           22           LYS           98.16            90     90     36     3.429     3.429     1.621     0.8348      0.8348      0.8348      0.5479
23      A         B           23           ASP           98.41            90     90     36     3.429     3.429     1.621     0.8169      0.8169      0.8169      0.5118
24      A         B           24           PRO           98.21            90     90     36     3.429     3.429     1.621     0.7755      0.7755      0.7755      0.4487
25      A         B           25           GLU           98.52            90     90     36     3.429     3.429     1.621     0.8049      0.8049      0.8049      0.4928
26      A         B           26           LYS           98.36            90     90     36     3.429     3.429     1.621     0.8991      0.8991      0.8991      0.6772
27      A         B           27           PHE           98.59            90     90     36     3.429     3.429     1.621     0.9193      0.9193      0.9193      0.7258
28      A         B           28           LYS           98.19            90     90     36     3.429     3.429     1.621     0.8871      0.8871      0.8871      0.6479
29      A         B           29           GLU           98.23            90     90     36     3.429     3.429     1.621     0.9158      0.9158      0.9158      0.7199
30      A         B           30           VAL           98.68            90     90     36     3.429     3.429     1.621     0.9466      0.9466      0.9466      0.8062
31      A         B           31           SER           98.41            90     90     36     3.429     3.429     1.621     0.9307      0.9307      0.9307      0.7588
32      A         B           32           TRP           98.13            90     90     36     3.429     3.429     1.621     0.9281      0.9281      0.9281      0.7514
33      A         B           33           MET           98.31            90     90     36     3.429     3.429     1.621     0.9349      0.9349      0.9349      0.7722
34      A         B           34           LEU           98.23            90     90     36     3.429     3.429     1.621     0.9461      0.9461      0.9461      0.8037
35      A         B           35           ASN           97.52            90     90     36     3.429     3.429     1.621     0.9184      0.9184      0.9184      0.7258
36      A         B           36           THR           96.90            90     90     36     3.429     3.429     1.621     0.8969      0.8969      0.8969      0.6713
37      A         B           37           GLU           94.04            90     90     36     3.429     3.429     1.621     0.8358      0.8358      0.8358      0.5449
38      A         B           38           GLU           96.83            90     90     36     3.429     3.429     1.621     0.7965      0.7965      0.7965      0.4808
39      A         B           39           GLY           97.83            90     90     36     3.429     3.429     1.621     0.8391      0.8391      0.8391      0.5543
40      A         B           40           ARG           95.68            90     90     36     3.429     3.429     1.621     0.8589      0.8589      0.8589      0.5904
41      A         B           41           LYS           95.97            90     90     36     3.429     3.429     1.621     0.8609      0.8609      0.8609      0.5948
42      A         B           42           LYS           97.96            90     90     36     3.429     3.429     1.621     0.8627      0.8627      0.8627      0.5983
43      A         B           43           LEU           98.17            90     90     36     3.429     3.429     1.621     0.8972      0.8972      0.8972      0.6744
44      A         B           44           LYS           96.49            90     90     36     3.429     3.429     1.621     0.8771      0.8771      0.8771      0.6294
45      A         B           45           GLU           97.93            90     90     36     3.429     3.429     1.621     0.8643      0.8643      0.8643      0.6039
46      A         B           46           ILE           98.29            90     90     36     3.429     3.429     1.621     0.8831      0.8831      0.8831      0.6421
47      A         B           47           VAL           98.28            90     90     36     3.429     3.429     1.621     0.8775      0.8775      0.8775      0.6312
48      A         B           48           GLU           97.59            90     90     36     3.429     3.429     1.621     0.8752      0.8752      0.8752      0.6246
49      A         B           49           LYS           98.49            90     90     36     3.429     3.429     1.621     0.8195      0.8195      0.8195      0.5215
50      A         B           50           LYS           97.96            90     90     36     3.429     3.429     1.621     0.8130      0.8130      0.8130      0.5101
51      A         B           51           ILE           97.93            90     90     36     3.429     3.429     1.621     0.8090      0.8090      0.8090      0.5019
52      A         B           52           LYS           97.55            90     90     36     3.429     3.429     1.621     0.7555      0.7555      0.7555      0.4252
53      A         B           53           GLU           96.92            90     90     36     3.429     3.429     1.621     0.5973      0.5973      0.5973      0.2639
54      A         B           54           SER           90.09            90     90     36     3.429     3.429     1.621     0.1947      0.1947      0.1947      0.0525
55      B         A            1           CYS           94.81            90     90     54     3.429     3.429     2.405     0.4389      0.4389      0.4389      0.2821
56      B         A            2           SER           90.07            90     90     54     3.429     3.429     2.405     0.5180      0.5180      0.5180      0.3526
57      B         A            3           GLN           92.63            90     90     54     3.429     3.429     2.405     0.4064      0.4064      0.4064      0.2562
58      B         A            4           ASN           95.32            90     90     54     3.429     3.429     2.405     0.7180      0.7180      0.7180      0.5662
59      B         A            5           GLU           97.59            90     90     54     3.429     3.429     2.405     0.8562      0.8562      0.8562      0.7499
60      B         A            6           TYR           97.80            90     90     54     3.429     3.429     2.405     0.9001      0.9001      0.9001      0.8189
61      B         A            7           PHE           97.52            90     90     54     3.429     3.429     2.405     0.9095      0.9095      0.9095      0.8340
62      B         A            8           ASP           97.70            90     90     54     3.429     3.429     2.405     0.9159      0.9159      0.9159      0.8446
63      B         A            9           SER           94.82            90     90     54     3.429     3.429     2.405     0.8330      0.8330      0.8330      0.7151
64      B         A           10           LEU           95.41            90     90     54     3.429     3.429     2.405     0.8966      0.8966      0.8966      0.8132
65      B         A           11           LEU           97.30            90     90     54     3.429     3.429     2.405     0.9095      0.9095      0.9095      0.8345
66      B         A           12           HIS           96.84            90     90     54     3.429     3.429     2.405     0.9022      0.9022      0.9022      0.8223
67      B         A           13           ALA           97.47            90     90     54     3.429     3.429     2.405     0.8900      0.8900      0.8900      0.8019
68      B         A           14           CYS           97.54            90     90     54     3.429     3.429     2.405     0.9088      0.9088      0.9088      0.8330
69      B         A           15           ILE           98.26            90     90     54     3.429     3.429     2.405     0.9193      0.9193      0.9193      0.8511
70      B         A           16           PRO           97.87            90     90     54     3.429     3.429     2.405     0.9102      0.9102      0.9102      0.8362
71      B         A           17           CYS           98.36            90     90     54     3.429     3.429     2.405     0.8955      0.8955      0.8955      0.8139
72      B         A           18           GLN           96.23            90     90     54     3.429     3.429     2.405     0.8290      0.8290      0.8290      0.7185
73      B         A           19           LEU           98.45            90     90     54     3.429     3.429     2.405     0.9102      0.9102      0.9102      0.8398
74      B         A           20           ARG           97.84            90     90     54     3.429     3.429     2.405     0.8635      0.8635      0.8635      0.7679
75      B         A           21           CYS           96.36            90     90     54     3.429     3.429     2.405     0.7919      0.7919      0.7919      0.6626
76      B         A           22           SER           92.78            90     90     54     3.429     3.429     2.405     0.6309      0.6309      0.6309      0.4749
77      B         A           23           SER           91.77            90     90     54     3.429     3.429     2.405     0.5737      0.5737      0.5737      0.4182
78      B         A           24           ASN           88.76            90     90     54     3.429     3.429     2.405     0.4719      0.4719      0.4719      0.3218
79      B         A           25           THR           91.51            90     90     54     3.429     3.429     2.405     0.5447      0.5447      0.5447      0.3818
80      B         A           26           PRO           96.19            90     90     54     3.429     3.429     2.405     0.6935      0.6935      0.6935      0.5366
81      B         A           27           PRO           96.32            90     90     54     3.429     3.429     2.405     0.7869      0.7869      0.7869      0.6547
82      B         A           28           LEU           95.16            90     90     54     3.429     3.429     2.405     0.7325      0.7325      0.7325      0.5817
83      B         A           29           THR           94.95            90     90     54     3.429     3.429     2.405     0.7184      0.7184      0.7184      0.5653
84      B         A           30           CYS           97.93            90     90     54     3.429     3.429     2.405     0.8123      0.8123      0.8123      0.6867
85      B         A           31           GLN           96.92            90     90     54     3.429     3.429     2.405     0.7617      0.7617      0.7617      0.6172
86      B         A           32           ARG           94.79            90     90     54     3.429     3.429     2.405     0.6046      0.6046      0.6046      0.4362
87      B         A           33           TYR           97.07            90     90     54     3.429     3.429     2.405     0.7587      0.7587      0.7587      0.6161
88      B         A           34           CYS           97.32            90     90     54     3.429     3.429     2.405     0.6922      0.6922      0.6922      0.5360
89      B         A           35           ASN           93.37            90     90     54     3.429     3.429     2.405     0.4808      0.4808      0.4808      0.3185
90      B         A           36           ALA           86.35            90     90     22     3.429     3.429     1.001     0.1069      0.1472      0.1472      0.0146
