i   AlignChn ScoredChain  AlignResNum  AlignResType  AlignRespLDDT      n0chn  n0dom  n0res    d0chn     d0dom     d0res   ipTM_pae  ipSAE_d0chn ipSAE_d0dom    ipSAE 
1       A         B            1           SER           85.93            90     90     36     3.429     3.429     1.621     0.2375      0.2375      0.2375      0.0694
2       A         B            2           MET           94.54            90     90     36     3.429     3.429     1.621     0.5687      0.5687      0.5687      0.2498
3       A         B            3           GLU           96.30            90     90     36     3.429     3.429     1.621     0.5824      0.5824      0.5824      0.2606
4       A         B            4           GLU           96.80            90     90     36     3.429     3.429     1.621     0.6886      0.6886      0.6886      0.3576
5       A         B            5           TYR           97.21            90     90     36     3.429     3.429     1.621     0.8106      0.8106      0.8106      0.5140
6       A         B            6           LYS           96.95            90     90     36     3.429     3.429     1.621     0.7898      0.7898      0.7898      0.4847
7       A         B            7           LYS           97.77            90     90     36     3.429     3.429     1.621     0.7931      0.7931      0.7931      0.4898
8       A         B            8           LYS           98.25            90     90     36     3.429     3.429     1.621     0.8424      0.8424      0.8424      0.5694
9       A         B            9           LEU           98.05            90     90     36     3.429     3.429     1.621     0.8817      0.8817      0.8817      0.6476
10      A         B           10           ARG           98.04            90     90     36     3.429     3.429     1.621     0.8693      0.8693      0.8693      0.6192
11      A         B           11           GLU           98.21            90     90     36     3.429     3.429     1.621     0.8638      0.8638      0.8638      0.6114
12      A         B           12           PHE           98.42            90     90     36     3.429     3.429     1.621     0.8879      0.8879      0.8879      0.6575
13      A         B           13           ALA           98.39            90     90     36     3.429     3.429     1.621     0.9087      0.9087      0.9087      0.7079
14      A         B           14           GLU           97.64            90     90     36     3.429     3.429     1.621     0.8881      0.8881      0.8881      0.6606
15      A         B           15           GLU           98.23            90     90     36     3.429     3.429     1.621     0.8844      0.8844      0.8844      0.6519
16      A         B           16           ILE           98.30            90     90     36     3.429     3.429     1.621     0.9018      0.9018      0.9018      0.6872
17      A         B           17           VAL           98.07            90     90     36     3.429     3.429     1.621     0.8955      0.8955      0.8955      0.6717
18      A         B           18           ASN           97.08            90     90     36     3.429     3.429     1.621     0.8765      0.8765      0.8765      0.6344
19      A         B           19           GLU           97.72            90     90     36     3.429     3.429     1.621     0.8440      0.8440      0.8440      0.5677
20      A         B           20           ALA           98.19            90     90     36     3.429     3.429     1.621     0.8449      0.8449      0.8449      0.5654
21      A         B           21           MET           97.50            90     90     36     3.429     3.429     1.621     0.8367      0.8367      0.8367      0.5482
22      A         B           22           LYS           98.15            90     90     36     3.429     3.429     1.621     0.8223      0.8223      0.8223      0.5265
23      A         B           23           ASP           98.40            90     90     36     3.429     3.429     1.621     0.7968      0.7968      0.7968      0.4795
24      A         B           24           PRO           98.19            90     90     36     3.429     3.429     1.621     0.7599      0.7599      0.7599      0.4268
25      A         B           25           GLU           98.50            90     90     36     3.429     3.429     1.621     0.7859      0.7859      0.7859      0.4630
26      A         B           26           LYS           98.40            90     90     36     3.429     3.429     1.621     0.8895      0.8895      0.8895      0.6552
27      A         B           27           PHE           98.60            90     90     36     3.429     3.429     1.621     0.9106      0.9106      0.9106      0.7036
28      A         B           28           LYS           98.26            90     90     36     3.429     3.429     1.621     0.8796      0.8796      0.8796      0.6309
29      A         B           29           GLU           98.30            90     90     36     3.429     3.429     1.621     0.9094      0.9094      0.9094      0.7038
30      A         B           30           VAL           98.73            90     90     36     3.429     3.429     1.621     0.9430      0.9430      0.9430      0.7962
31      A         B           31           SER           98.44            90     90     36     3.429     3.429     1.621     0.9233      0.9233      0.9233      0.7386
32      A         B           32           TRP           98.19            90     90     36     3.429     3.429     1.621     0.9211      0.9211      0.9211      0.7327
33      A         B           33           MET           98.40            90     90     36     3.429     3.429     1.621     0.9295      0.9295      0.9295      0.7573
34      A         B           34           LEU           98.32            90     90     36     3.429     3.429     1.621     0.9414      0.9414      0.9414      0.7896
35      A         B           35           ASN           97.72            90     90     36     3.429     3.429     1.621     0.9117      0.9117      0.9117      0.7085
36      A         B           36           THR           97.07            90     90     36     3.429     3.429     1.621     0.8910      0.8910      0.8910      0.6577
37      A         B           37           GLU           94.54            90     90     36     3.429     3.429     1.621     0.8361      0.8361      0.8361      0.5451
38      A         B           38           GLU           96.96            90     90     36     3.429     3.429     1.621     0.8017      0.8017      0.8017      0.4880
39      A         B           39           GLY           97.92            90     90     36     3.429     3.429     1.621     0.8433      0.8433      0.8433      0.5612
40      A         B           40           ARG           96.03            90     90     36     3.429     3.429     1.621     0.8526      0.8526      0.8526      0.5774
41      A         B           41           LYS           96.26            90     90     36     3.429     3.429     1.621     0.8582      0.8582      0.8582      0.5893
42      A         B           42           LYS           98.07            90     90     36     3.429     3.429     1.621     0.8531      0.8531      0.8531      0.5792
43      A         B           43           LEU           98.30            90     90     36     3.429     3.429     1.621     0.8904      0.8904      0.8904      0.6588
44      A         B           44           LYS           96.78            90     90     36     3.429     3.429     1.621     0.8682      0.8682      0.8682      0.6107
45      A         B           45           GLU           98.01            90     90     36     3.429     3.429     1.621     0.8591      0.8591      0.8591      0.5935
46      A         B           46           ILE           98.39            90     90     36     3.429     3.429     1.621     0.8753      0.8753      0.8753      0.6250
47      A         B           47           VAL           98.37            90     90     36     3.429     3.429     1.621     0.8707      0.8707      0.8707      0.6169
48      A         B           48           GLU           97.78            90     90     36     3.429     3.429     1.621     0.8669      0.8669      0.8669      0.6077
49      A         B           49           LYS           98.53            90     90     36     3.429     3.429     1.621     0.8048      0.8048      0.8048      0.4973
50      A         B           50           LYS           98.03            90     90     36     3.429     3.429     1.621     0.7971      0.7971      0.7971      0.4847
51      A         B           51           ILE           98.07            90     90     36     3.429     3.429     1.621     0.7975      0.7975      0.7975      0.4841
52      A         B           52           LYS           97.68            90     90     36     3.429     3.429     1.621     0.7338      0.7338      0.7338      0.3975
53      A         B           53           GLU           97.35            90     90     36     3.429     3.429     1.621     0.5596      0.5596      0.5596      0.2345
54      A         B           54           SER           90.54            90     90     34     3.429     3.429     1.509     0.1710      0.1752      0.1752      0.0403
55      B         A            1           CYS           95.50            90     90     54     3.429     3.429     2.405     0.4730      0.4730      0.4730      0.3109
56      B         A            2           SER           90.51            90     90     54     3.429     3.429     2.405     0.5199      0.5199      0.5199      0.3541
57      B         A            3           GLN           92.23            90     90     54     3.429     3.429     2.405     0.3877      0.3877      0.3877      0.2414
58      B         A            4           ASN           95.24            90     90     54     3.429     3.429     2.405     0.7011      0.7011      0.7011      0.5460
59      B         A            5           GLU           97.64            90     90     54     3.429     3.429     2.405     0.8550      0.8550      0.8550      0.7485
60      B         A            6           TYR           97.88            90     90     54     3.429     3.429     2.405     0.8975      0.8975      0.8975      0.8148
61      B         A            7           PHE           97.80            90     90     54     3.429     3.429     2.405     0.9095      0.9095      0.9095      0.8342
62      B         A            8           ASP           97.87            90     90     54     3.429     3.429     2.405     0.9146      0.9146      0.9146      0.8425
63      B         A            9           SER           95.47            90     90     54     3.429     3.429     2.405     0.8378      0.8378      0.8378      0.7221
64      B         A           10           LEU           96.08            90     90     54     3.429     3.429     2.405     0.8970      0.8970      0.8970      0.8139
65      B         A           11           LEU           97.58            90     90     54     3.429     3.429     2.405     0.9103      0.9103      0.9103      0.8359
66      B         A           12           HIS           97.42            90     90     54     3.429     3.429     2.405     0.9050      0.9050      0.9050      0.8269
67      B         A           13           ALA           97.65            90     90     54     3.429     3.429     2.405     0.8891      0.8891      0.8891      0.8006
68      B         A           14           CYS           97.69            90     90     54     3.429     3.429     2.405     0.9097      0.9097      0.9097      0.8348
69      B         A           15           ILE           98.30            90     90     54     3.429     3.429     2.405     0.9150      0.9150      0.9150      0.8442
70      B         A           16           PRO           97.89            90     90     54     3.429     3.429     2.405     0.9084      0.9084      0.9084      0.8335
71      B         A           17           CYS           98.38            90     90     54     3.429     3.429     2.405     0.8943      0.8943      0.8943      0.8120
72      B         A           18           GLN           97.17            90     90     54     3.429     3.429     2.405     0.8692      0.8692      0.8692      0.7759
73      B         A           19           LEU           98.46            90     90     54     3.429     3.429     2.405     0.9079      0.9079      0.9079      0.8364
74      B         A           20           ARG           97.85            90     90     54     3.429     3.429     2.405     0.8552      0.8552      0.8552      0.7560
75      B         A           21           CYS           96.65            90     90     54     3.429     3.429     2.405     0.7799      0.7799      0.7799      0.6471
76      B         A           22           SER           93.35            90     90     54     3.429     3.429     2.405     0.6134      0.6134      0.6134      0.4570
77      B         A           23           SER           92.20            90     90     54     3.429     3.429     2.405     0.5420      0.5420      0.5420      0.3870
78      B         A           24           ASN           89.07            90     90     54     3.429     3.429     2.405     0.4588      0.4588      0.4588      0.3100
79      B         A           25           THR           91.72            90     90     54     3.429     3.429     2.405     0.5178      0.5178      0.5178      0.3569
80      B         A           26           PRO           96.25            90     90     54     3.429     3.429     2.405     0.6707      0.6707      0.6707      0.5108
81      B         A           27           PRO           96.45            90     90     54     3.429     3.429     2.405     0.7700      0.7700      0.7700      0.6319
82      B         A           28           LEU           95.15            90     90     54     3.429     3.429     2.405     0.7096      0.7096      0.7096      0.5539
83      B         A           29           THR           94.72            90     90     54     3.429     3.429     2.405     0.6983      0.6983      0.6983      0.5414
84      B         A           30           CYS           97.90            90     90     54     3.429     3.429     2.405     0.7934      0.7934      0.7934      0.6608
85      B         A           31           GLN           96.86            90     90     54     3.429     3.429     2.405     0.7431      0.7431      0.7431      0.5935
86      B         A           32           ARG           94.59            90     90     54     3.429     3.429     2.405     0.5810      0.5810      0.5810      0.4121
87      B         A           33           TYR           97.00            90     90     54     3.429     3.429     2.405     0.7469      0.7469      0.7469      0.6014
88      B         A           34           CYS           97.43            90     90     54     3.429     3.429     2.405     0.6767      0.6767      0.6767      0.5185
89      B         A           35           ASN           93.27            90     90     54     3.429     3.429     2.405     0.4342      0.4342      0.4342      0.2789
90      B         A           36           ALA           86.09            90     90     18     3.429     3.429     1.001     0.0972      0.1408      0.1408      0.0139
