i   AlignChn ScoredChain  AlignResNum  AlignResType  AlignRespLDDT      n0chn  n0dom  n0res    d0chn     d0dom     d0res   ipTM_pae  ipSAE_d0chn ipSAE_d0dom    ipSAE 
1       A         B            1           SER           83.56            90     90     36     3.429     3.429     1.621     0.2359      0.2359      0.2359      0.0692
2       A         B            2           MET           94.96            90     90     36     3.429     3.429     1.621     0.5430      0.5430      0.5430      0.2294
3       A         B            3           GLU           96.51            90     90     36     3.429     3.429     1.621     0.5709      0.5709      0.5709      0.2537
4       A         B            4           GLU           96.63            90     90     36     3.429     3.429     1.621     0.7073      0.7073      0.7073      0.3787
5       A         B            5           TYR           97.52            90     90     36     3.429     3.429     1.621     0.8522      0.8522      0.8522      0.5857
6       A         B            6           GLN           97.12            90     90     36     3.429     3.429     1.621     0.8374      0.8374      0.8374      0.5620
7       A         B            7           LYS           97.95            90     90     36     3.429     3.429     1.621     0.8380      0.8380      0.8380      0.5622
8       A         B            8           LYS           98.28            90     90     36     3.429     3.429     1.621     0.8760      0.8760      0.8760      0.6353
9       A         B            9           MET           98.32            90     90     36     3.429     3.429     1.621     0.9158      0.9158      0.9158      0.7258
10      A         B           10           SER           98.07            90     90     36     3.429     3.429     1.621     0.9048      0.9048      0.9048      0.6983
11      A         B           11           GLU           98.38            90     90     36     3.429     3.429     1.621     0.8975      0.8975      0.8975      0.6822
12      A         B           12           PHE           98.62            90     90     36     3.429     3.429     1.621     0.9215      0.9215      0.9215      0.7384
13      A         B           13           ALA           98.61            90     90     36     3.429     3.429     1.621     0.9357      0.9357      0.9357      0.7772
14      A         B           14           ASN           97.74            90     90     36     3.429     3.429     1.621     0.9120      0.9120      0.9120      0.7160
15      A         B           15           GLU           98.16            90     90     36     3.429     3.429     1.621     0.9111      0.9111      0.9111      0.7127
16      A         B           16           ILE           98.25            90     90     36     3.429     3.429     1.621     0.9255      0.9255      0.9255      0.7471
17      A         B           17           THR           96.68            90     90     36     3.429     3.429     1.621     0.8872      0.8872      0.8872      0.6555
18      A         B           18           GLU           96.93            90     90     36     3.429     3.429     1.621     0.8901      0.8901      0.8901      0.6655
19      A         B           19           GLU           96.82            90     90     36     3.429     3.429     1.621     0.8766      0.8766      0.8766      0.6320
20      A         B           20           ALA           98.00            90     90     36     3.429     3.429     1.621     0.8807      0.8807      0.8807      0.6367
21      A         B           21           MET           96.72            90     90     36     3.429     3.429     1.621     0.8568      0.8568      0.8568      0.5872
22      A         B           22           LYS           97.80            90     90     36     3.429     3.429     1.621     0.8489      0.8489      0.8489      0.5739
23      A         B           23           ASP           98.31            90     90     36     3.429     3.429     1.621     0.8337      0.8337      0.8337      0.5397
24      A         B           24           PRO           97.98            90     90     36     3.429     3.429     1.621     0.7795      0.7795      0.7795      0.4541
25      A         B           25           GLU           98.35            90     90     36     3.429     3.429     1.621     0.8111      0.8111      0.8111      0.5026
26      A         B           26           LYS           98.08            90     90     36     3.429     3.429     1.621     0.9081      0.9081      0.9081      0.6988
27      A         B           27           TYR           98.20            90     90     36     3.429     3.429     1.621     0.9274      0.9274      0.9274      0.7473
28      A         B           28           LYS           97.84            90     90     36     3.429     3.429     1.621     0.9008      0.9008      0.9008      0.6794
29      A         B           29           GLU           98.12            90     90     36     3.429     3.429     1.621     0.9257      0.9257      0.9257      0.7458
30      A         B           30           VAL           98.57            90     90     36     3.429     3.429     1.621     0.9543      0.9543      0.9543      0.8303
31      A         B           31           SER           98.01            90     90     36     3.429     3.429     1.621     0.9404      0.9404      0.9404      0.7866
32      A         B           32           TRP           97.75            90     90     36     3.429     3.429     1.621     0.9395      0.9395      0.9395      0.7838
33      A         B           33           MET           98.32            90     90     36     3.429     3.429     1.621     0.9466      0.9466      0.9466      0.8069
34      A         B           34           LEU           98.13            90     90     36     3.429     3.429     1.621     0.9569      0.9569      0.9569      0.8381
35      A         B           35           ASN           97.23            90     90     36     3.429     3.429     1.621     0.9376      0.9376      0.9376      0.7789
36      A         B           36           THR           96.60            90     90     36     3.429     3.429     1.621     0.9233      0.9233      0.9233      0.7373
37      A         B           37           GLU           94.57            90     90     36     3.429     3.429     1.621     0.8737      0.8737      0.8737      0.6185
38      A         B           38           GLU           96.53            90     90     36     3.429     3.429     1.621     0.8418      0.8418      0.8418      0.5573
39      A         B           39           GLY           97.77            90     90     36     3.429     3.429     1.621     0.8920      0.8920      0.8920      0.6629
40      A         B           40           ARG           95.75            90     90     36     3.429     3.429     1.621     0.9033      0.9033      0.9033      0.6877
41      A         B           41           TYR           97.30            90     90     36     3.429     3.429     1.621     0.8997      0.8997      0.8997      0.6782
42      A         B           42           LYS           98.10            90     90     36     3.429     3.429     1.621     0.9052      0.9052      0.9052      0.6929
43      A         B           43           LEU           98.23            90     90     36     3.429     3.429     1.621     0.9318      0.9318      0.9318      0.7638
44      A         B           44           LYS           98.31            90     90     36     3.429     3.429     1.621     0.9318      0.9318      0.9318      0.7632
45      A         B           45           GLU           98.56            90     90     36     3.429     3.429     1.621     0.9123      0.9123      0.9123      0.7120
46      A         B           46           ILE           98.44            90     90     36     3.429     3.429     1.621     0.9241      0.9241      0.9241      0.7417
47      A         B           47           VAL           98.57            90     90     36     3.429     3.429     1.621     0.9230      0.9230      0.9230      0.7399
48      A         B           48           GLU           98.34            90     90     36     3.429     3.429     1.621     0.9183      0.9183      0.9183      0.7267
49      A         B           49           LYS           98.59            90     90     36     3.429     3.429     1.621     0.8638      0.8638      0.8638      0.6037
50      A         B           50           LYS           97.97            90     90     36     3.429     3.429     1.621     0.8598      0.8598      0.8598      0.5950
51      A         B           51           ILE           98.10            90     90     36     3.429     3.429     1.621     0.8525      0.8525      0.8525      0.5786
52      A         B           52           LYS           97.97            90     90     36     3.429     3.429     1.621     0.8021      0.8021      0.8021      0.4942
53      A         B           53           GLU           96.94            90     90     36     3.429     3.429     1.621     0.6260      0.6260      0.6260      0.2905
54      A         B           54           SER           90.71            90     90     36     3.429     3.429     1.621     0.2137      0.2137      0.2137      0.0588
55      B         A            1           CYS           94.71            90     90     54     3.429     3.429     2.405     0.5236      0.5236      0.5236      0.3563
56      B         A            2           SER           91.56            90     90     54     3.429     3.429     2.405     0.6596      0.6596      0.6596      0.4946
57      B         A            3           GLN           91.86            90     90     54     3.429     3.429     2.405     0.5251      0.5251      0.5251      0.3586
58      B         A            4           ASN           93.87            90     90     54     3.429     3.429     2.405     0.7616      0.7616      0.7616      0.6200
59      B         A            5           GLU           97.23            90     90     54     3.429     3.429     2.405     0.8859      0.8859      0.8859      0.7958
60      B         A            6           TYR           97.44            90     90     54     3.429     3.429     2.405     0.9218      0.9218      0.9218      0.8548
61      B         A            7           PHE           97.53            90     90     54     3.429     3.429     2.405     0.9348      0.9348      0.9348      0.8773
62      B         A            8           ASP           97.88            90     90     54     3.429     3.429     2.405     0.9434      0.9434      0.9434      0.8926
63      B         A            9           SER           95.88            90     90     54     3.429     3.429     2.405     0.8873      0.8873      0.8873      0.7982
64      B         A           10           LEU           97.34            90     90     54     3.429     3.429     2.405     0.9441      0.9441      0.9441      0.8941
65      B         A           11           LEU           98.28            90     90     54     3.429     3.429     2.405     0.9515      0.9515      0.9515      0.9075
66      B         A           12           HIS           97.94            90     90     54     3.429     3.429     2.405     0.9404      0.9404      0.9404      0.8876
67      B         A           13           ALA           97.88            90     90     54     3.429     3.429     2.405     0.9154      0.9154      0.9154      0.8440
68      B         A           14           CYS           97.86            90     90     54     3.429     3.429     2.405     0.9311      0.9311      0.9311      0.8708
69      B         A           15           ILE           98.01            90     90     54     3.429     3.429     2.405     0.9356      0.9356      0.9356      0.8790
70      B         A           16           PRO           96.59            90     90     54     3.429     3.429     2.405     0.9213      0.9213      0.9213      0.8545
71      B         A           17           CYS           97.86            90     90     54     3.429     3.429     2.405     0.9112      0.9112      0.9112      0.8386
72      B         A           18           GLN           96.18            90     90     54     3.429     3.429     2.405     0.8866      0.8866      0.8866      0.8018
73      B         A           19           LEU           98.04            90     90     54     3.429     3.429     2.405     0.9268      0.9268      0.9268      0.8667
74      B         A           20           ARG           97.43            90     90     54     3.429     3.429     2.405     0.8887      0.8887      0.8887      0.8053
75      B         A           21           CYS           95.65            90     90     54     3.429     3.429     2.405     0.8255      0.8255      0.8255      0.7084
76      B         A           22           SER           91.82            90     90     54     3.429     3.429     2.405     0.6776      0.6776      0.6776      0.5280
77      B         A           23           SER           91.07            90     90     54     3.429     3.429     2.405     0.6086      0.6086      0.6086      0.4544
78      B         A           24           ASN           87.31            90     90     54     3.429     3.429     2.405     0.5281      0.5281      0.5281      0.3737
79      B         A           25           THR           89.73            90     90     54     3.429     3.429     2.405     0.5692      0.5692      0.5692      0.4061
80      B         A           26           PRO           94.84            90     90     54     3.429     3.429     2.405     0.7095      0.7095      0.7095      0.5561
81      B         A           27           PRO           95.56            90     90     54     3.429     3.429     2.405     0.8004      0.8004      0.8004      0.6722
82      B         A           28           LEU           94.04            90     90     54     3.429     3.429     2.405     0.7377      0.7377      0.7377      0.5889
83      B         A           29           THR           92.94            90     90     54     3.429     3.429     2.405     0.7257      0.7257      0.7257      0.5743
84      B         A           30           CYS           97.14            90     90     54     3.429     3.429     2.405     0.8269      0.8269      0.8269      0.7069
85      B         A           31           GLN           95.71            90     90     54     3.429     3.429     2.405     0.7748      0.7748      0.7748      0.6337
86      B         A           32           ARG           93.78            90     90     54     3.429     3.429     2.405     0.6306      0.6306      0.6306      0.4635
87      B         A           33           TYR           96.15            90     90     54     3.429     3.429     2.405     0.7868      0.7868      0.7868      0.6529
88      B         A           34           CYS           96.43            90     90     54     3.429     3.429     2.405     0.7148      0.7148      0.7148      0.5626
89      B         A           35           ASN           92.29            90     90     54     3.429     3.429     2.405     0.5140      0.5140      0.5140      0.3479
90      B         A           36           ALA           84.44            90     90     30     3.429     3.429     1.258     0.1177      0.1484      0.1484      0.0232
