i   AlignChn ScoredChain  AlignResNum  AlignResType  AlignRespLDDT      n0chn  n0dom  n0res    d0chn     d0dom     d0res   ipTM_pae  ipSAE_d0chn ipSAE_d0dom    ipSAE 
1       A         B            1           SER           83.72            90     90     36     3.429     3.429     1.621     0.3054      0.3054      0.3054      0.0971
2       A         B            2           MET           95.25            90     90     36     3.429     3.429     1.621     0.6632      0.6632      0.6632      0.3306
3       A         B            3           GLU           96.54            90     90     36     3.429     3.429     1.621     0.6636      0.6636      0.6636      0.3351
4       A         B            4           GLU           96.71            90     90     36     3.429     3.429     1.621     0.7731      0.7731      0.7731      0.4602
5       A         B            5           TYR           97.54            90     90     36     3.429     3.429     1.621     0.8905      0.8905      0.8905      0.6622
6       A         B            6           GLN           96.86            90     90     36     3.429     3.429     1.621     0.8783      0.8783      0.8783      0.6388
7       A         B            7           LYS           97.85            90     90     36     3.429     3.429     1.621     0.8745      0.8745      0.8745      0.6302
8       A         B            8           LYS           98.24            90     90     36     3.429     3.429     1.621     0.9067      0.9067      0.9067      0.7015
9       A         B            9           MET           98.30            90     90     36     3.429     3.429     1.621     0.9397      0.9397      0.9397      0.7879
10      A         B           10           SER           97.97            90     90     36     3.429     3.429     1.621     0.9269      0.9269      0.9269      0.7527
11      A         B           11           GLU           98.32            90     90     36     3.429     3.429     1.621     0.9228      0.9228      0.9228      0.7419
12      A         B           12           PHE           98.59            90     90     36     3.429     3.429     1.621     0.9422      0.9422      0.9422      0.7937
13      A         B           13           ALA           98.60            90     90     36     3.429     3.429     1.621     0.9530      0.9530      0.9530      0.8269
14      A         B           14           ASN           97.83            90     90     36     3.429     3.429     1.621     0.9367      0.9367      0.9367      0.7795
15      A         B           15           GLU           98.01            90     90     36     3.429     3.429     1.621     0.9360      0.9360      0.9360      0.7762
16      A         B           16           ILE           98.17            90     90     36     3.429     3.429     1.621     0.9472      0.9472      0.9472      0.8075
17      A         B           17           THR           96.62            90     90     36     3.429     3.429     1.621     0.9173      0.9173      0.9173      0.7253
18      A         B           18           GLU           97.14            90     90     36     3.429     3.429     1.621     0.9241      0.9241      0.9241      0.7452
19      A         B           19           GLU           96.89            90     90     36     3.429     3.429     1.621     0.9168      0.9168      0.9168      0.7230
20      A         B           20           ALA           98.20            90     90     36     3.429     3.429     1.621     0.9197      0.9197      0.9197      0.7278
21      A         B           21           MET           97.02            90     90     36     3.429     3.429     1.621     0.9022      0.9022      0.9022      0.6845
22      A         B           22           LYS           97.94            90     90     36     3.429     3.429     1.621     0.8949      0.8949      0.8949      0.6680
23      A         B           23           ASP           98.23            90     90     36     3.429     3.429     1.621     0.8750      0.8750      0.8750      0.6193
24      A         B           24           PRO           98.08            90     90     36     3.429     3.429     1.621     0.8228      0.8228      0.8228      0.5213
25      A         B           25           GLU           98.29            90     90     36     3.429     3.429     1.621     0.8517      0.8517      0.8517      0.5730
26      A         B           26           LYS           97.87            90     90     36     3.429     3.429     1.621     0.9285      0.9285      0.9285      0.7510
27      A         B           27           TYR           98.29            90     90     36     3.429     3.429     1.621     0.9463      0.9463      0.9463      0.8019
28      A         B           28           LYS           97.88            90     90     36     3.429     3.429     1.621     0.9237      0.9237      0.9237      0.7370
29      A         B           29           GLU           97.90            90     90     36     3.429     3.429     1.621     0.9434      0.9434      0.9434      0.7946
30      A         B           30           VAL           98.55            90     90     36     3.429     3.429     1.621     0.9656      0.9656      0.9656      0.8665
31      A         B           31           SER           98.09            90     90     36     3.429     3.429     1.621     0.9559      0.9559      0.9559      0.8335
32      A         B           32           TRP           97.78            90     90     36     3.429     3.429     1.621     0.9542      0.9542      0.9542      0.8279
33      A         B           33           MET           98.28            90     90     36     3.429     3.429     1.621     0.9607      0.9607      0.9607      0.8499
34      A         B           34           LEU           98.13            90     90     36     3.429     3.429     1.621     0.9674      0.9674      0.9674      0.8725
35      A         B           35           ASN           97.28            90     90     36     3.429     3.429     1.621     0.9527      0.9527      0.9527      0.8237
36      A         B           36           THR           96.48            90     90     36     3.429     3.429     1.621     0.9397      0.9397      0.9397      0.7829
37      A         B           37           GLU           94.40            90     90     36     3.429     3.429     1.621     0.8991      0.8991      0.8991      0.6754
38      A         B           38           GLU           96.33            90     90     36     3.429     3.429     1.621     0.8674      0.8674      0.8674      0.6067
39      A         B           39           GLY           97.69            90     90     36     3.429     3.429     1.621     0.9141      0.9141      0.9141      0.7150
40      A         B           40           ARG           95.61            90     90     36     3.429     3.429     1.621     0.9309      0.9309      0.9309      0.7586
41      A         B           41           TYR           97.22            90     90     36     3.429     3.429     1.621     0.9261      0.9261      0.9261      0.7452
42      A         B           42           LYS           98.00            90     90     36     3.429     3.429     1.621     0.9257      0.9257      0.9257      0.7446
43      A         B           43           LEU           98.14            90     90     36     3.429     3.429     1.621     0.9475      0.9475      0.9475      0.8078
44      A         B           44           LYS           98.05            90     90     36     3.429     3.429     1.621     0.9463      0.9463      0.9463      0.8040
45      A         B           45           GLU           98.45            90     90     36     3.429     3.429     1.621     0.9326      0.9326      0.9326      0.7645
46      A         B           46           ILE           98.32            90     90     36     3.429     3.429     1.621     0.9419      0.9419      0.9419      0.7906
47      A         B           47           VAL           98.53            90     90     36     3.429     3.429     1.621     0.9429      0.9429      0.9429      0.7943
48      A         B           48           GLU           98.32            90     90     36     3.429     3.429     1.621     0.9393      0.9393      0.9393      0.7836
49      A         B           49           LYS           98.52            90     90     36     3.429     3.429     1.621     0.8972      0.8972      0.8972      0.6743
50      A         B           50           LYS           97.91            90     90     36     3.429     3.429     1.621     0.8963      0.8963      0.8963      0.6713
51      A         B           51           ILE           98.11            90     90     36     3.429     3.429     1.621     0.8929      0.8929      0.8929      0.6624
52      A         B           52           LYS           97.99            90     90     36     3.429     3.429     1.621     0.8507      0.8507      0.8507      0.5761
53      A         B           53           GLU           96.71            90     90     36     3.429     3.429     1.621     0.7123      0.7123      0.7123      0.3755
54      A         B           54           SER           90.94            90     90     36     3.429     3.429     1.621     0.3025      0.3025      0.3025      0.0922
55      B         A            1           CYS           95.22            90     90     54     3.429     3.429     2.405     0.5687      0.5687      0.5687      0.3989
56      B         A            2           SER           90.69            90     90     54     3.429     3.429     2.405     0.6600      0.6600      0.6600      0.4956
57      B         A            3           GLN           92.43            90     90     54     3.429     3.429     2.405     0.5416      0.5416      0.5416      0.3734
58      B         A            4           ASN           93.64            90     90     54     3.429     3.429     2.405     0.7919      0.7919      0.7919      0.6607
59      B         A            5           GLU           97.33            90     90     54     3.429     3.429     2.405     0.9083      0.9083      0.9083      0.8320
60      B         A            6           TYR           97.48            90     90     54     3.429     3.429     2.405     0.9392      0.9392      0.9392      0.8848
61      B         A            7           PHE           97.48            90     90     54     3.429     3.429     2.405     0.9487      0.9487      0.9487      0.9018
62      B         A            8           ASP           97.81            90     90     54     3.429     3.429     2.405     0.9559      0.9559      0.9559      0.9150
63      B         A            9           SER           95.91            90     90     54     3.429     3.429     2.405     0.9104      0.9104      0.9104      0.8356
64      B         A           10           LEU           97.22            90     90     54     3.429     3.429     2.405     0.9564      0.9564      0.9564      0.9161
65      B         A           11           LEU           98.23            90     90     54     3.429     3.429     2.405     0.9625      0.9625      0.9625      0.9273
66      B         A           12           HIS           97.81            90     90     54     3.429     3.429     2.405     0.9537      0.9537      0.9537      0.9112
67      B         A           13           ALA           97.90            90     90     54     3.429     3.429     2.405     0.9346      0.9346      0.9346      0.8769
68      B         A           14           CYS           97.91            90     90     54     3.429     3.429     2.405     0.9469      0.9469      0.9469      0.8986
69      B         A           15           ILE           98.04            90     90     54     3.429     3.429     2.405     0.9525      0.9525      0.9525      0.9088
70      B         A           16           PRO           97.10            90     90     54     3.429     3.429     2.405     0.9409      0.9409      0.9409      0.8882
71      B         A           17           CYS           97.90            90     90     54     3.429     3.429     2.405     0.9298      0.9298      0.9298      0.8696
72      B         A           18           GLN           96.58            90     90     54     3.429     3.429     2.405     0.9133      0.9133      0.9133      0.8437
73      B         A           19           LEU           98.19            90     90     54     3.429     3.429     2.405     0.9450      0.9450      0.9450      0.8972
74      B         A           20           ARG           97.45            90     90     54     3.429     3.429     2.405     0.9163      0.9163      0.9163      0.8489
75      B         A           21           CYS           96.01            90     90     54     3.429     3.429     2.405     0.8666      0.8666      0.8666      0.7681
76      B         A           22           SER           92.05            90     90     54     3.429     3.429     2.405     0.7418      0.7418      0.7418      0.6037
77      B         A           23           SER           91.19            90     90     54     3.429     3.429     2.405     0.6864      0.6864      0.6864      0.5392
78      B         A           24           ASN           87.17            90     90     54     3.429     3.429     2.405     0.6016      0.6016      0.6016      0.4464
79      B         A           25           THR           90.21            90     90     54     3.429     3.429     2.405     0.6514      0.6514      0.6514      0.4909
80      B         A           26           PRO           95.13            90     90     54     3.429     3.429     2.405     0.7726      0.7726      0.7726      0.6342
81      B         A           27           PRO           95.48            90     90     54     3.429     3.429     2.405     0.8443      0.8443      0.8443      0.7339
82      B         A           28           LEU           94.14            90     90     54     3.429     3.429     2.405     0.7931      0.7931      0.7931      0.6595
83      B         A           29           THR           92.71            90     90     54     3.429     3.429     2.405     0.7757      0.7757      0.7757      0.6372
84      B         A           30           CYS           97.18            90     90     54     3.429     3.429     2.405     0.8627      0.8627      0.8627      0.7594
85      B         A           31           GLN           95.93            90     90     54     3.429     3.429     2.405     0.8257      0.8257      0.8257      0.7037
86      B         A           32           ARG           94.07            90     90     54     3.429     3.429     2.405     0.6977      0.6977      0.6977      0.5386
87      B         A           33           TYR           96.10            90     90     54     3.429     3.429     2.405     0.8266      0.8266      0.8266      0.7077
88      B         A           34           CYS           96.64            90     90     54     3.429     3.429     2.405     0.7767      0.7767      0.7767      0.6399
89      B         A           35           ASN           92.67            90     90     54     3.429     3.429     2.405     0.6069      0.6069      0.6069      0.4382
90      B         A           36           ALA           86.23            90     90     45     3.429     3.429     2.053     0.1672      0.1825      0.1825      0.0753
