i   AlignChn ScoredChain  AlignResNum  AlignResType  AlignRespLDDT      n0chn  n0dom  n0res    d0chn     d0dom     d0res   ipTM_pae  ipSAE_d0chn ipSAE_d0dom    ipSAE 
1       A         B            1           SER           83.33            90     90     36     3.429     3.429     1.621     0.2328      0.2328      0.2328      0.0677
2       A         B            2           MET           94.58            90     90     36     3.429     3.429     1.621     0.5392      0.5392      0.5392      0.2252
3       A         B            3           GLU           96.10            90     90     36     3.429     3.429     1.621     0.5532      0.5532      0.5532      0.2394
4       A         B            4           GLU           96.43            90     90     36     3.429     3.429     1.621     0.7134      0.7134      0.7134      0.3854
5       A         B            5           TYR           97.24            90     90     36     3.429     3.429     1.621     0.8520      0.8520      0.8520      0.5846
6       A         B            6           GLN           96.53            90     90     36     3.429     3.429     1.621     0.8371      0.8371      0.8371      0.5612
7       A         B            7           LYS           97.79            90     90     36     3.429     3.429     1.621     0.8415      0.8415      0.8415      0.5680
8       A         B            8           LYS           98.19            90     90     36     3.429     3.429     1.621     0.8806      0.8806      0.8806      0.6445
9       A         B            9           MET           98.23            90     90     36     3.429     3.429     1.621     0.9187      0.9187      0.9187      0.7321
10      A         B           10           SER           97.95            90     90     36     3.429     3.429     1.621     0.9064      0.9064      0.9064      0.7019
11      A         B           11           GLU           98.35            90     90     36     3.429     3.429     1.621     0.9026      0.9026      0.9026      0.6935
12      A         B           12           PHE           98.61            90     90     36     3.429     3.429     1.621     0.9255      0.9255      0.9255      0.7485
13      A         B           13           ALA           98.55            90     90     36     3.429     3.429     1.621     0.9393      0.9393      0.9393      0.7869
14      A         B           14           ASN           97.69            90     90     36     3.429     3.429     1.621     0.9180      0.9180      0.9180      0.7303
15      A         B           15           GLU           98.15            90     90     36     3.429     3.429     1.621     0.9167      0.9167      0.9167      0.7264
16      A         B           16           ILE           98.16            90     90     36     3.429     3.429     1.621     0.9300      0.9300      0.9300      0.7589
17      A         B           17           THR           96.69            90     90     36     3.429     3.429     1.621     0.9041      0.9041      0.9041      0.6941
18      A         B           18           GLU           96.75            90     90     36     3.429     3.429     1.621     0.9001      0.9001      0.9001      0.6877
19      A         B           19           GLU           97.10            90     90     36     3.429     3.429     1.621     0.8904      0.8904      0.8904      0.6613
20      A         B           20           ALA           97.68            90     90     36     3.429     3.429     1.621     0.8846      0.8846      0.8846      0.6453
21      A         B           21           MET           96.32            90     90     36     3.429     3.429     1.621     0.8575      0.8575      0.8575      0.5890
22      A         B           22           LYS           97.71            90     90     36     3.429     3.429     1.621     0.8529      0.8529      0.8529      0.5815
23      A         B           23           ASP           98.21            90     90     36     3.429     3.429     1.621     0.8353      0.8353      0.8353      0.5425
24      A         B           24           PRO           97.99            90     90     36     3.429     3.429     1.621     0.7863      0.7863      0.7863      0.4638
25      A         B           25           GLU           98.32            90     90     36     3.429     3.429     1.621     0.8172      0.8172      0.8172      0.5123
26      A         B           26           LYS           97.98            90     90     36     3.429     3.429     1.621     0.9114      0.9114      0.9114      0.7064
27      A         B           27           TYR           98.14            90     90     36     3.429     3.429     1.621     0.9313      0.9313      0.9313      0.7580
28      A         B           28           LYS           97.83            90     90     36     3.429     3.429     1.621     0.9073      0.9073      0.9073      0.6951
29      A         B           29           GLU           98.08            90     90     36     3.429     3.429     1.621     0.9297      0.9297      0.9297      0.7562
30      A         B           30           VAL           98.51            90     90     36     3.429     3.429     1.621     0.9563      0.9563      0.9563      0.8362
31      A         B           31           SER           97.98            90     90     36     3.429     3.429     1.621     0.9444      0.9444      0.9444      0.7980
32      A         B           32           TRP           97.76            90     90     36     3.429     3.429     1.621     0.9440      0.9440      0.9440      0.7966
33      A         B           33           MET           98.28            90     90     36     3.429     3.429     1.621     0.9518      0.9518      0.9518      0.8221
34      A         B           34           LEU           98.07            90     90     36     3.429     3.429     1.621     0.9615      0.9615      0.9615      0.8528
35      A         B           35           ASN           97.26            90     90     36     3.429     3.429     1.621     0.9441      0.9441      0.9441      0.7977
36      A         B           36           THR           96.58            90     90     36     3.429     3.429     1.621     0.9299      0.9299      0.9299      0.7553
37      A         B           37           GLU           94.44            90     90     36     3.429     3.429     1.621     0.8832      0.8832      0.8832      0.6394
38      A         B           38           GLU           96.39            90     90     36     3.429     3.429     1.621     0.8546      0.8546      0.8546      0.5815
39      A         B           39           GLY           97.75            90     90     36     3.429     3.429     1.621     0.9005      0.9005      0.9005      0.6825
40      A         B           40           ARG           95.70            90     90     36     3.429     3.429     1.621     0.9188      0.9188      0.9188      0.7262
41      A         B           41           TYR           97.39            90     90     36     3.429     3.429     1.621     0.9161      0.9161      0.9161      0.7192
42      A         B           42           LYS           98.02            90     90     36     3.429     3.429     1.621     0.9111      0.9111      0.9111      0.7075
43      A         B           43           LEU           98.12            90     90     36     3.429     3.429     1.621     0.9362      0.9362      0.9362      0.7757
44      A         B           44           LYS           98.14            90     90     36     3.429     3.429     1.621     0.9360      0.9360      0.9360      0.7746
45      A         B           45           GLU           98.52            90     90     36     3.429     3.429     1.621     0.9194      0.9194      0.9194      0.7298
46      A         B           46           ILE           98.41            90     90     36     3.429     3.429     1.621     0.9285      0.9285      0.9285      0.7534
47      A         B           47           VAL           98.53            90     90     36     3.429     3.429     1.621     0.9271      0.9271      0.9271      0.7507
48      A         B           48           GLU           98.25            90     90     36     3.429     3.429     1.621     0.9242      0.9242      0.9242      0.7420
49      A         B           49           LYS           98.57            90     90     36     3.429     3.429     1.621     0.8752      0.8752      0.8752      0.6270
50      A         B           50           LYS           97.91            90     90     36     3.429     3.429     1.621     0.8705      0.8705      0.8705      0.6162
51      A         B           51           ILE           98.03            90     90     36     3.429     3.429     1.621     0.8670      0.8670      0.8670      0.6073
52      A         B           52           LYS           97.88            90     90     36     3.429     3.429     1.621     0.8195      0.8195      0.8195      0.5220
53      A         B           53           GLU           97.14            90     90     36     3.429     3.429     1.621     0.6490      0.6490      0.6490      0.3113
54      A         B           54           SER           90.62            90     90     36     3.429     3.429     1.621     0.2326      0.2326      0.2326      0.0655
55      B         A            1           CYS           95.31            90     90     54     3.429     3.429     2.405     0.5362      0.5362      0.5362      0.3681
56      B         A            2           SER           90.25            90     90     54     3.429     3.429     2.405     0.6038      0.6038      0.6038      0.4357
57      B         A            3           GLN           91.69            90     90     54     3.429     3.429     2.405     0.4804      0.4804      0.4804      0.3176
58      B         A            4           ASN           93.63            90     90     54     3.429     3.429     2.405     0.7559      0.7559      0.7559      0.6130
59      B         A            5           GLU           97.13            90     90     54     3.429     3.429     2.405     0.8866      0.8866      0.8866      0.7969
60      B         A            6           TYR           97.40            90     90     54     3.429     3.429     2.405     0.9258      0.9258      0.9258      0.8615
61      B         A            7           PHE           97.37            90     90     54     3.429     3.429     2.405     0.9377      0.9377      0.9377      0.8824
62      B         A            8           ASP           97.75            90     90     54     3.429     3.429     2.405     0.9454      0.9454      0.9454      0.8961
63      B         A            9           SER           95.45            90     90     54     3.429     3.429     2.405     0.8897      0.8897      0.8897      0.8019
64      B         A           10           LEU           97.11            90     90     54     3.429     3.429     2.405     0.9462      0.9462      0.9462      0.8979
65      B         A           11           LEU           98.15            90     90     54     3.429     3.429     2.405     0.9519      0.9519      0.9519      0.9082
66      B         A           12           HIS           97.66            90     90     54     3.429     3.429     2.405     0.9400      0.9400      0.9400      0.8870
67      B         A           13           ALA           97.61            90     90     54     3.429     3.429     2.405     0.9162      0.9162      0.9162      0.8453
68      B         A           14           CYS           97.78            90     90     54     3.429     3.429     2.405     0.9343      0.9343      0.9343      0.8763
69      B         A           15           ILE           97.86            90     90     54     3.429     3.429     2.405     0.9371      0.9371      0.9371      0.8815
70      B         A           16           PRO           96.40            90     90     54     3.429     3.429     2.405     0.9225      0.9225      0.9225      0.8563
71      B         A           17           CYS           97.70            90     90     54     3.429     3.429     2.405     0.9127      0.9127      0.9127      0.8410
72      B         A           18           GLN           95.25            90     90     54     3.429     3.429     2.405     0.8769      0.8769      0.8769      0.7866
73      B         A           19           LEU           97.80            90     90     54     3.429     3.429     2.405     0.9279      0.9279      0.9279      0.8684
74      B         A           20           ARG           97.25            90     90     54     3.429     3.429     2.405     0.8963      0.8963      0.8963      0.8171
75      B         A           21           CYS           95.70            90     90     54     3.429     3.429     2.405     0.8383      0.8383      0.8383      0.7263
76      B         A           22           SER           91.75            90     90     54     3.429     3.429     2.405     0.7027      0.7027      0.7027      0.5568
77      B         A           23           SER           90.93            90     90     54     3.429     3.429     2.405     0.6475      0.6475      0.6475      0.4957
78      B         A           24           ASN           87.47            90     90     54     3.429     3.429     2.405     0.5630      0.5630      0.5630      0.4074
79      B         A           25           THR           89.44            90     90     54     3.429     3.429     2.405     0.6144      0.6144      0.6144      0.4515
80      B         A           26           PRO           94.87            90     90     54     3.429     3.429     2.405     0.7366      0.7366      0.7366      0.5886
81      B         A           27           PRO           95.40            90     90     54     3.429     3.429     2.405     0.8185      0.8185      0.8185      0.6973
82      B         A           28           LEU           93.57            90     90     54     3.429     3.429     2.405     0.7625      0.7625      0.7625      0.6197
83      B         A           29           THR           92.49            90     90     54     3.429     3.429     2.405     0.7441      0.7441      0.7441      0.5966
84      B         A           30           CYS           97.00            90     90     54     3.429     3.429     2.405     0.8405      0.8405      0.8405      0.7266
85      B         A           31           GLN           95.68            90     90     54     3.429     3.429     2.405     0.7904      0.7904      0.7904      0.6546
86      B         A           32           ARG           93.38            90     90     54     3.429     3.429     2.405     0.6434      0.6434      0.6434      0.4770
87      B         A           33           TYR           95.88            90     90     54     3.429     3.429     2.405     0.7914      0.7914      0.7914      0.6589
88      B         A           34           CYS           96.35            90     90     54     3.429     3.429     2.405     0.7276      0.7276      0.7276      0.5781
89      B         A           35           ASN           91.62            90     90     54     3.429     3.429     2.405     0.5380      0.5380      0.5380      0.3703
90      B         A           36           ALA           85.17            90     90     38     3.429     3.429     1.726     0.1367      0.1597      0.1597      0.0467
