i   AlignChn ScoredChain  AlignResNum  AlignResType  AlignRespLDDT      n0chn  n0dom  n0res    d0chn     d0dom     d0res   ipTM_pae  ipSAE_d0chn ipSAE_d0dom    ipSAE 
1       A         B            1           SER           83.37            90     90     36     3.429     3.429     1.621     0.2955      0.2955      0.2955      0.0929
2       A         B            2           MET           95.13            90     90     36     3.429     3.429     1.621     0.6391      0.6391      0.6391      0.3092
3       A         B            3           GLU           96.68            90     90     36     3.429     3.429     1.621     0.6683      0.6683      0.6683      0.3397
4       A         B            4           GLU           96.68            90     90     36     3.429     3.429     1.621     0.7780      0.7780      0.7780      0.4669
5       A         B            5           TYR           97.58            90     90     36     3.429     3.429     1.621     0.8962      0.8962      0.8962      0.6754
6       A         B            6           GLN           97.22            90     90     36     3.429     3.429     1.621     0.8859      0.8859      0.8859      0.6551
7       A         B            7           LYS           97.89            90     90     36     3.429     3.429     1.621     0.8833      0.8833      0.8833      0.6489
8       A         B            8           LYS           98.20            90     90     36     3.429     3.429     1.621     0.9095      0.9095      0.9095      0.7082
9       A         B            9           MET           98.31            90     90     36     3.429     3.429     1.621     0.9392      0.9392      0.9392      0.7864
10      A         B           10           SER           98.07            90     90     36     3.429     3.429     1.621     0.9285      0.9285      0.9285      0.7571
11      A         B           11           GLU           98.29            90     90     36     3.429     3.429     1.621     0.9230      0.9230      0.9230      0.7427
12      A         B           12           PHE           98.57            90     90     36     3.429     3.429     1.621     0.9411      0.9411      0.9411      0.7908
13      A         B           13           ALA           98.56            90     90     36     3.429     3.429     1.621     0.9518      0.9518      0.9518      0.8231
14      A         B           14           ASN           97.55            90     90     36     3.429     3.429     1.621     0.9334      0.9334      0.9334      0.7702
15      A         B           15           GLU           97.95            90     90     36     3.429     3.429     1.621     0.9330      0.9330      0.9330      0.7681
16      A         B           16           ILE           98.10            90     90     36     3.429     3.429     1.621     0.9445      0.9445      0.9445      0.7994
17      A         B           17           THR           96.41            90     90     36     3.429     3.429     1.621     0.9197      0.9197      0.9197      0.7319
18      A         B           18           GLU           96.53            90     90     36     3.429     3.429     1.621     0.9169      0.9169      0.9169      0.7271
19      A         B           19           GLU           96.57            90     90     36     3.429     3.429     1.621     0.9063      0.9063      0.9063      0.6973
20      A         B           20           ALA           97.71            90     90     36     3.429     3.429     1.621     0.9025      0.9025      0.9025      0.6856
21      A         B           21           MET           96.04            90     90     36     3.429     3.429     1.621     0.8739      0.8739      0.8739      0.6211
22      A         B           22           LYS           96.55            90     90     36     3.429     3.429     1.621     0.8387      0.8387      0.8387      0.5568
23      A         B           23           ASP           98.13            90     90     36     3.429     3.429     1.621     0.8615      0.8615      0.8615      0.5914
24      A         B           24           PRO           97.89            90     90     36     3.429     3.429     1.621     0.8097      0.8097      0.8097      0.4995
25      A         B           25           GLU           98.27            90     90     36     3.429     3.429     1.621     0.8425      0.8425      0.8425      0.5564
26      A         B           26           LYS           97.88            90     90     36     3.429     3.429     1.621     0.9255      0.9255      0.9255      0.7429
27      A         B           27           TYR           98.06            90     90     36     3.429     3.429     1.621     0.9431      0.9431      0.9431      0.7921
28      A         B           28           LYS           97.79            90     90     36     3.429     3.429     1.621     0.9201      0.9201      0.9201      0.7274
29      A         B           29           GLU           97.96            90     90     36     3.429     3.429     1.621     0.9413      0.9413      0.9413      0.7885
30      A         B           30           VAL           98.40            90     90     36     3.429     3.429     1.621     0.9626      0.9626      0.9626      0.8567
31      A         B           31           SER           97.90            90     90     36     3.429     3.429     1.621     0.9535      0.9535      0.9535      0.8259
32      A         B           32           TRP           97.76            90     90     36     3.429     3.429     1.621     0.9534      0.9534      0.9534      0.8253
33      A         B           33           MET           98.28            90     90     36     3.429     3.429     1.621     0.9591      0.9591      0.9591      0.8452
34      A         B           34           LEU           98.04            90     90     36     3.429     3.429     1.621     0.9675      0.9675      0.9675      0.8727
35      A         B           35           ASN           97.20            90     90     36     3.429     3.429     1.621     0.9532      0.9532      0.9532      0.8256
36      A         B           36           THR           96.49            90     90     36     3.429     3.429     1.621     0.9404      0.9404      0.9404      0.7852
37      A         B           37           GLU           94.40            90     90     36     3.429     3.429     1.621     0.9012      0.9012      0.9012      0.6807
38      A         B           38           GLU           96.29            90     90     36     3.429     3.429     1.621     0.8689      0.8689      0.8689      0.6099
39      A         B           39           GLY           97.69            90     90     36     3.429     3.429     1.621     0.9130      0.9130      0.9130      0.7128
40      A         B           40           ARG           95.59            90     90     36     3.429     3.429     1.621     0.9294      0.9294      0.9294      0.7549
41      A         B           41           TYR           97.44            90     90     36     3.429     3.429     1.621     0.9293      0.9293      0.9293      0.7543
42      A         B           42           LYS           97.99            90     90     36     3.429     3.429     1.621     0.9270      0.9270      0.9270      0.7484
43      A         B           43           LEU           98.11            90     90     36     3.429     3.429     1.621     0.9482      0.9482      0.9482      0.8105
44      A         B           44           LYS           98.13            90     90     36     3.429     3.429     1.621     0.9470      0.9470      0.9470      0.8063
45      A         B           45           GLU           98.49            90     90     36     3.429     3.429     1.621     0.9338      0.9338      0.9338      0.7679
46      A         B           46           ILE           98.31            90     90     36     3.429     3.429     1.621     0.9421      0.9421      0.9421      0.7912
47      A         B           47           VAL           98.52            90     90     36     3.429     3.429     1.621     0.9415      0.9415      0.9415      0.7905
48      A         B           48           GLU           98.30            90     90     36     3.429     3.429     1.621     0.9391      0.9391      0.9391      0.7829
49      A         B           49           LYS           98.54            90     90     36     3.429     3.429     1.621     0.8956      0.8956      0.8956      0.6708
50      A         B           50           LYS           97.84            90     90     36     3.429     3.429     1.621     0.8948      0.8948      0.8948      0.6684
51      A         B           51           ILE           98.07            90     90     36     3.429     3.429     1.621     0.8915      0.8915      0.8915      0.6595
52      A         B           52           LYS           97.99            90     90     36     3.429     3.429     1.621     0.8499      0.8499      0.8499      0.5747
53      A         B           53           GLU           96.41            90     90     36     3.429     3.429     1.621     0.7026      0.7026      0.7026      0.3650
54      A         B           54           SER           90.93            90     90     36     3.429     3.429     1.621     0.3167      0.3167      0.3167      0.0981
55      B         A            1           CYS           95.24            90     90     54     3.429     3.429     2.405     0.5721      0.5721      0.5721      0.4025
56      B         A            2           SER           89.70            90     90     54     3.429     3.429     2.405     0.6339      0.6339      0.6339      0.4673
57      B         A            3           GLN           91.78            90     90     54     3.429     3.429     2.405     0.5312      0.5312      0.5312      0.3636
58      B         A            4           ASN           93.28            90     90     54     3.429     3.429     2.405     0.7904      0.7904      0.7904      0.6579
59      B         A            5           GLU           96.99            90     90     54     3.429     3.429     2.405     0.9040      0.9040      0.9040      0.8247
60      B         A            6           TYR           97.39            90     90     54     3.429     3.429     2.405     0.9381      0.9381      0.9381      0.8827
61      B         A            7           PHE           97.47            90     90     54     3.429     3.429     2.405     0.9481      0.9481      0.9481      0.9008
62      B         A            8           ASP           97.78            90     90     54     3.429     3.429     2.405     0.9565      0.9565      0.9565      0.9160
63      B         A            9           SER           95.83            90     90     54     3.429     3.429     2.405     0.9101      0.9101      0.9101      0.8352
64      B         A           10           LEU           97.20            90     90     54     3.429     3.429     2.405     0.9567      0.9567      0.9567      0.9168
65      B         A           11           LEU           98.20            90     90     54     3.429     3.429     2.405     0.9624      0.9624      0.9624      0.9272
66      B         A           12           HIS           97.86            90     90     54     3.429     3.429     2.405     0.9539      0.9539      0.9539      0.9117
67      B         A           13           ALA           97.87            90     90     54     3.429     3.429     2.405     0.9352      0.9352      0.9352      0.8779
68      B         A           14           CYS           97.79            90     90     54     3.429     3.429     2.405     0.9454      0.9454      0.9454      0.8958
69      B         A           15           ILE           97.86            90     90     54     3.429     3.429     2.405     0.9488      0.9488      0.9488      0.9021
70      B         A           16           PRO           96.13            90     90     54     3.429     3.429     2.405     0.9342      0.9342      0.9342      0.8762
71      B         A           17           CYS           97.64            90     90     54     3.429     3.429     2.405     0.9238      0.9238      0.9238      0.8592
72      B         A           18           GLN           94.39            90     90     54     3.429     3.429     2.405     0.8654      0.8654      0.8654      0.7692
73      B         A           19           LEU           97.76            90     90     54     3.429     3.429     2.405     0.9396      0.9396      0.9396      0.8876
74      B         A           20           ARG           97.36            90     90     54     3.429     3.429     2.405     0.9168      0.9168      0.9168      0.8492
75      B         A           21           CYS           95.92            90     90     54     3.429     3.429     2.405     0.8687      0.8687      0.8687      0.7712
76      B         A           22           SER           92.67            90     90     54     3.429     3.429     2.405     0.7614      0.7614      0.7614      0.6275
77      B         A           23           SER           91.70            90     90     54     3.429     3.429     2.405     0.7085      0.7085      0.7085      0.5641
78      B         A           24           ASN           87.69            90     90     54     3.429     3.429     2.405     0.6173      0.6173      0.6173      0.4623
79      B         A           25           THR           90.10            90     90     54     3.429     3.429     2.405     0.6641      0.6641      0.6641      0.5045
80      B         A           26           PRO           95.26            90     90     54     3.429     3.429     2.405     0.7817      0.7817      0.7817      0.6455
81      B         A           27           PRO           95.50            90     90     54     3.429     3.429     2.405     0.8454      0.8454      0.8454      0.7353
82      B         A           28           LEU           94.08            90     90     54     3.429     3.429     2.405     0.7957      0.7957      0.7957      0.6632
83      B         A           29           THR           92.44            90     90     54     3.429     3.429     2.405     0.7697      0.7697      0.7697      0.6291
84      B         A           30           CYS           97.07            90     90     54     3.429     3.429     2.405     0.8646      0.8646      0.8646      0.7623
85      B         A           31           GLN           96.05            90     90     54     3.429     3.429     2.405     0.8249      0.8249      0.8249      0.7024
86      B         A           32           ARG           93.97            90     90     54     3.429     3.429     2.405     0.6886      0.6886      0.6886      0.5275
87      B         A           33           TYR           95.91            90     90     54     3.429     3.429     2.405     0.8218      0.8218      0.8218      0.7006
88      B         A           34           CYS           96.55            90     90     54     3.429     3.429     2.405     0.7758      0.7758      0.7758      0.6383
89      B         A           35           ASN           92.93            90     90     54     3.429     3.429     2.405     0.6165      0.6165      0.6165      0.4482
90      B         A           36           ALA           85.18            90     90     43     3.429     3.429     1.965     0.1613      0.1794      0.1794      0.0681
