i   AlignChn ScoredChain  AlignResNum  AlignResType  AlignRespLDDT      n0chn  n0dom  n0res    d0chn     d0dom     d0res   ipTM_pae  ipSAE_d0chn ipSAE_d0dom    ipSAE 
1       A         B            1           SER           83.64            90     90     36     3.429     3.429     1.621     0.3122      0.3122      0.3122      0.1001
2       A         B            2           MET           95.14            90     90     36     3.429     3.429     1.621     0.6632      0.6632      0.6632      0.3320
3       A         B            3           GLU           96.55            90     90     36     3.429     3.429     1.621     0.6643      0.6643      0.6643      0.3370
4       A         B            4           GLU           96.67            90     90     36     3.429     3.429     1.621     0.7803      0.7803      0.7803      0.4707
5       A         B            5           TYR           97.52            90     90     36     3.429     3.429     1.621     0.8928      0.8928      0.8928      0.6676
6       A         B            6           GLN           97.07            90     90     36     3.429     3.429     1.621     0.8827      0.8827      0.8827      0.6483
7       A         B            7           LYS           97.92            90     90     36     3.429     3.429     1.621     0.8826      0.8826      0.8826      0.6475
8       A         B            8           LYS           98.26            90     90     36     3.429     3.429     1.621     0.9078      0.9078      0.9078      0.7041
9       A         B            9           MET           98.34            90     90     36     3.429     3.429     1.621     0.9405      0.9405      0.9405      0.7903
10      A         B           10           SER           98.07            90     90     36     3.429     3.429     1.621     0.9287      0.9287      0.9287      0.7579
11      A         B           11           GLU           98.38            90     90     36     3.429     3.429     1.621     0.9253      0.9253      0.9253      0.7486
12      A         B           12           PHE           98.63            90     90     36     3.429     3.429     1.621     0.9439      0.9439      0.9439      0.7989
13      A         B           13           ALA           98.61            90     90     36     3.429     3.429     1.621     0.9550      0.9550      0.9550      0.8332
14      A         B           14           ASN           97.85            90     90     36     3.429     3.429     1.621     0.9387      0.9387      0.9387      0.7851
15      A         B           15           GLU           98.17            90     90     36     3.429     3.429     1.621     0.9395      0.9395      0.9395      0.7863
16      A         B           16           ILE           98.22            90     90     36     3.429     3.429     1.621     0.9501      0.9501      0.9501      0.8162
17      A         B           17           THR           96.80            90     90     36     3.429     3.429     1.621     0.9250      0.9250      0.9250      0.7455
18      A         B           18           GLU           97.16            90     90     36     3.429     3.429     1.621     0.9274      0.9274      0.9274      0.7543
19      A         B           19           GLU           96.96            90     90     36     3.429     3.429     1.621     0.9210      0.9210      0.9210      0.7342
20      A         B           20           ALA           98.21            90     90     36     3.429     3.429     1.621     0.9231      0.9231      0.9231      0.7370
21      A         B           21           MET           97.04            90     90     36     3.429     3.429     1.621     0.9092      0.9092      0.9092      0.7017
22      A         B           22           LYS           97.92            90     90     36     3.429     3.429     1.621     0.9021      0.9021      0.9021      0.6854
23      A         B           23           ASP           98.17            90     90     36     3.429     3.429     1.621     0.8808      0.8808      0.8808      0.6323
24      A         B           24           PRO           98.05            90     90     36     3.429     3.429     1.621     0.8401      0.8401      0.8401      0.5516
25      A         B           25           GLU           98.29            90     90     36     3.429     3.429     1.621     0.8635      0.8635      0.8635      0.5964
26      A         B           26           LYS           97.94            90     90     36     3.429     3.429     1.621     0.9339      0.9339      0.9339      0.7665
27      A         B           27           TYR           98.29            90     90     36     3.429     3.429     1.621     0.9505      0.9505      0.9505      0.8152
28      A         B           28           LYS           97.86            90     90     36     3.429     3.429     1.621     0.9295      0.9295      0.9295      0.7532
29      A         B           29           GLU           98.01            90     90     36     3.429     3.429     1.621     0.9468      0.9468      0.9468      0.8052
30      A         B           30           VAL           98.58            90     90     36     3.429     3.429     1.621     0.9680      0.9680      0.9680      0.8748
31      A         B           31           SER           98.05            90     90     36     3.429     3.429     1.621     0.9580      0.9580      0.9580      0.8407
32      A         B           32           TRP           97.76            90     90     36     3.429     3.429     1.621     0.9566      0.9566      0.9566      0.8355
33      A         B           33           MET           98.29            90     90     36     3.429     3.429     1.621     0.9615      0.9615      0.9615      0.8528
34      A         B           34           LEU           98.09            90     90     36     3.429     3.429     1.621     0.9683      0.9683      0.9683      0.8754
35      A         B           35           ASN           97.19            90     90     36     3.429     3.429     1.621     0.9544      0.9544      0.9544      0.8293
36      A         B           36           THR           96.42            90     90     36     3.429     3.429     1.621     0.9440      0.9440      0.9440      0.7957
37      A         B           37           GLU           94.49            90     90     36     3.429     3.429     1.621     0.9053      0.9053      0.9053      0.6904
38      A         B           38           GLU           96.55            90     90     36     3.429     3.429     1.621     0.8830      0.8830      0.8830      0.6392
39      A         B           39           GLY           97.73            90     90     36     3.429     3.429     1.621     0.9178      0.9178      0.9178      0.7248
40      A         B           40           ARG           95.44            90     90     36     3.429     3.429     1.621     0.9309      0.9309      0.9309      0.7589
41      A         B           41           TYR           97.44            90     90     36     3.429     3.429     1.621     0.9312      0.9312      0.9312      0.7592
42      A         B           42           LYS           98.02            90     90     36     3.429     3.429     1.621     0.9302      0.9302      0.9302      0.7568
43      A         B           43           LEU           98.16            90     90     36     3.429     3.429     1.621     0.9497      0.9497      0.9497      0.8147
44      A         B           44           LYS           98.08            90     90     36     3.429     3.429     1.621     0.9478      0.9478      0.9478      0.8088
45      A         B           45           GLU           98.48            90     90     36     3.429     3.429     1.621     0.9348      0.9348      0.9348      0.7708
46      A         B           46           ILE           98.35            90     90     36     3.429     3.429     1.621     0.9433      0.9433      0.9433      0.7948
47      A         B           47           VAL           98.53            90     90     36     3.429     3.429     1.621     0.9425      0.9425      0.9425      0.7934
48      A         B           48           GLU           98.34            90     90     36     3.429     3.429     1.621     0.9402      0.9402      0.9402      0.7860
49      A         B           49           LYS           98.59            90     90     36     3.429     3.429     1.621     0.9015      0.9015      0.9015      0.6843
50      A         B           50           LYS           97.93            90     90     36     3.429     3.429     1.621     0.8989      0.8989      0.8989      0.6774
51      A         B           51           ILE           98.14            90     90     36     3.429     3.429     1.621     0.8967      0.8967      0.8967      0.6712
52      A         B           52           LYS           97.99            90     90     36     3.429     3.429     1.621     0.8577      0.8577      0.8577      0.5895
53      A         B           53           GLU           97.11            90     90     36     3.429     3.429     1.621     0.7195      0.7195      0.7195      0.3841
54      A         B           54           SER           90.98            90     90     36     3.429     3.429     1.621     0.3097      0.3097      0.3097      0.0951
55      B         A            1           CYS           95.49            90     90     54     3.429     3.429     2.405     0.5910      0.5910      0.5910      0.4212
56      B         A            2           SER           91.72            90     90     54     3.429     3.429     2.405     0.6875      0.6875      0.6875      0.5266
57      B         A            3           GLN           92.31            90     90     54     3.429     3.429     2.405     0.5847      0.5847      0.5847      0.4157
58      B         A            4           ASN           93.88            90     90     54     3.429     3.429     2.405     0.7994      0.7994      0.7994      0.6711
59      B         A            5           GLU           97.24            90     90     54     3.429     3.429     2.405     0.9073      0.9073      0.9073      0.8303
60      B         A            6           TYR           97.45            90     90     54     3.429     3.429     2.405     0.9401      0.9401      0.9401      0.8864
61      B         A            7           PHE           97.41            90     90     54     3.429     3.429     2.405     0.9485      0.9485      0.9485      0.9015
62      B         A            8           ASP           97.80            90     90     54     3.429     3.429     2.405     0.9569      0.9569      0.9569      0.9168
63      B         A            9           SER           95.71            90     90     54     3.429     3.429     2.405     0.9102      0.9102      0.9102      0.8352
64      B         A           10           LEU           97.12            90     90     54     3.429     3.429     2.405     0.9559      0.9559      0.9559      0.9151
65      B         A           11           LEU           98.23            90     90     54     3.429     3.429     2.405     0.9633      0.9633      0.9633      0.9288
66      B         A           12           HIS           97.88            90     90     54     3.429     3.429     2.405     0.9549      0.9549      0.9549      0.9135
67      B         A           13           ALA           97.96            90     90     54     3.429     3.429     2.405     0.9367      0.9367      0.9367      0.8805
68      B         A           14           CYS           97.96            90     90     54     3.429     3.429     2.405     0.9479      0.9479      0.9479      0.9005
69      B         A           15           ILE           98.03            90     90     54     3.429     3.429     2.405     0.9533      0.9533      0.9533      0.9103
70      B         A           16           PRO           97.12            90     90     54     3.429     3.429     2.405     0.9419      0.9419      0.9419      0.8900
71      B         A           17           CYS           97.89            90     90     54     3.429     3.429     2.405     0.9302      0.9302      0.9302      0.8703
72      B         A           18           GLN           96.63            90     90     54     3.429     3.429     2.405     0.9143      0.9143      0.9143      0.8454
73      B         A           19           LEU           98.23            90     90     54     3.429     3.429     2.405     0.9463      0.9463      0.9463      0.8996
74      B         A           20           ARG           97.51            90     90     54     3.429     3.429     2.405     0.9174      0.9174      0.9174      0.8506
75      B         A           21           CYS           96.03            90     90     54     3.429     3.429     2.405     0.8707      0.8707      0.8707      0.7744
76      B         A           22           SER           92.35            90     90     54     3.429     3.429     2.405     0.7517      0.7517      0.7517      0.6159
77      B         A           23           SER           91.27            90     90     54     3.429     3.429     2.405     0.6940      0.6940      0.6940      0.5480
78      B         A           24           ASN           87.43            90     90     54     3.429     3.429     2.405     0.6061      0.6061      0.6061      0.4508
79      B         A           25           THR           89.75            90     90     54     3.429     3.429     2.405     0.6580      0.6580      0.6580      0.4981
80      B         A           26           PRO           94.97            90     90     54     3.429     3.429     2.405     0.7750      0.7750      0.7750      0.6375
81      B         A           27           PRO           95.45            90     90     54     3.429     3.429     2.405     0.8447      0.8447      0.8447      0.7345
82      B         A           28           LEU           93.93            90     90     54     3.429     3.429     2.405     0.7884      0.7884      0.7884      0.6534
83      B         A           29           THR           92.09            90     90     54     3.429     3.429     2.405     0.7645      0.7645      0.7645      0.6232
84      B         A           30           CYS           97.11            90     90     54     3.429     3.429     2.405     0.8597      0.8597      0.8597      0.7551
85      B         A           31           GLN           95.83            90     90     54     3.429     3.429     2.405     0.8239      0.8239      0.8239      0.7012
86      B         A           32           ARG           93.81            90     90     54     3.429     3.429     2.405     0.6888      0.6888      0.6888      0.5283
87      B         A           33           TYR           95.88            90     90     54     3.429     3.429     2.405     0.8209      0.8209      0.8209      0.7001
88      B         A           34           CYS           96.45            90     90     54     3.429     3.429     2.405     0.7781      0.7781      0.7781      0.6420
89      B         A           35           ASN           92.73            90     90     54     3.429     3.429     2.405     0.6108      0.6108      0.6108      0.4426
90      B         A           36           ALA           85.60            90     90     45     3.429     3.429     2.053     0.1698      0.1854      0.1854      0.0768
