i   AlignChn ScoredChain  AlignResNum  AlignResType  AlignRespLDDT      n0chn  n0dom  n0res    d0chn     d0dom     d0res   ipTM_pae  ipSAE_d0chn ipSAE_d0dom    ipSAE 
1       A         B            1           SER           83.32            90     90     24     3.429     3.429     1.001     0.1437      0.1697      0.1697      0.0179
2       A         B            2           ALA           91.01            90     90     36     3.429     3.429     1.621     0.3596      0.3596      0.3596      0.1191
3       A         B            3           SER           93.96            90     90     36     3.429     3.429     1.621     0.4583      0.4583      0.4583      0.1733
4       A         B            4           SER           95.38            90     90     36     3.429     3.429     1.621     0.5777      0.5777      0.5777      0.2552
5       A         B            5           ARG           95.16            90     90     36     3.429     3.429     1.621     0.7685      0.7685      0.7685      0.4522
6       A         B            6           GLN           94.96            90     90     36     3.429     3.429     1.621     0.7749      0.7749      0.7749      0.4640
7       A         B            7           SER           96.90            90     90     36     3.429     3.429     1.621     0.7618      0.7618      0.7618      0.4445
8       A         B            8           SER           97.82            90     90     36     3.429     3.429     1.621     0.8388      0.8388      0.8388      0.5627
9       A         B            9           LEU           97.94            90     90     36     3.429     3.429     1.621     0.8885      0.8885      0.8885      0.6604
10      A         B           10           SER           97.28            90     90     36     3.429     3.429     1.621     0.8651      0.8651      0.8651      0.6127
11      A         B           11           ARG           98.01            90     90     36     3.429     3.429     1.621     0.8830      0.8830      0.8830      0.6505
12      A         B           12           VAL           98.45            90     90     36     3.429     3.429     1.621     0.9140      0.9140      0.9140      0.7200
13      A         B           13           ALA           98.64            90     90     36     3.429     3.429     1.621     0.9309      0.9309      0.9309      0.7648
14      A         B           14           ARG           97.65            90     90     36     3.429     3.429     1.621     0.9050      0.9050      0.9050      0.6997
15      A         B           15           GLU           98.02            90     90     36     3.429     3.429     1.621     0.9072      0.9072      0.9072      0.7045
16      A         B           16           VAL           97.99            90     90     36     3.429     3.429     1.621     0.9225      0.9225      0.9225      0.7403
17      A         B           17           VAL           97.86            90     90     36     3.429     3.429     1.621     0.9146      0.9146      0.9146      0.7199
18      A         B           18           GLU           97.59            90     90     36     3.429     3.429     1.621     0.9033      0.9033      0.9033      0.6954
19      A         B           19           ARG           97.95            90     90     36     3.429     3.429     1.621     0.8910      0.8910      0.8910      0.6629
20      A         B           20           ALA           97.73            90     90     36     3.429     3.429     1.621     0.8798      0.8798      0.8798      0.6358
21      A         B           21           LEU           97.75            90     90     36     3.429     3.429     1.621     0.8722      0.8722      0.8722      0.6183
22      A         B           22           GLN           98.10            90     90     36     3.429     3.429     1.621     0.8644      0.8644      0.8644      0.6047
23      A         B           23           ASP           98.24            90     90     36     3.429     3.429     1.621     0.8422      0.8422      0.8422      0.5567
24      A         B           24           PRO           98.12            90     90     36     3.429     3.429     1.621     0.7670      0.7670      0.7670      0.4366
25      A         B           25           ALA           98.49            90     90     36     3.429     3.429     1.621     0.8118      0.8118      0.8118      0.5044
26      A         B           26           LEU           98.00            90     90     36     3.429     3.429     1.621     0.9090      0.9090      0.9090      0.7007
27      A         B           27           ARG           98.07            90     90     36     3.429     3.429     1.621     0.9051      0.9051      0.9051      0.6891
28      A         B           28           GLN           97.97            90     90     36     3.429     3.429     1.621     0.9000      0.9000      0.9000      0.6776
29      A         B           29           ILE           98.40            90     90     36     3.429     3.429     1.621     0.9284      0.9284      0.9284      0.7530
30      A         B           30           VAL           98.67            90     90     36     3.429     3.429     1.621     0.9507      0.9507      0.9507      0.8192
31      A         B           31           SER           98.37            90     90     36     3.429     3.429     1.621     0.9410      0.9410      0.9410      0.7885
32      A         B           32           GLU           97.97            90     90     36     3.429     3.429     1.621     0.9289      0.9289      0.9289      0.7532
33      A         B           33           MET           98.55            90     90     36     3.429     3.429     1.621     0.9460      0.9460      0.9460      0.8057
34      A         B           34           LEU           98.56            90     90     36     3.429     3.429     1.621     0.9557      0.9557      0.9557      0.8344
35      A         B           35           ASN           98.26            90     90     36     3.429     3.429     1.621     0.9351      0.9351      0.9351      0.7717
36      A         B           36           SER           96.80            90     90     36     3.429     3.429     1.621     0.8945      0.8945      0.8945      0.6669
37      A         B           37           GLU           96.04            90     90     36     3.429     3.429     1.621     0.8962      0.8962      0.8962      0.6688
38      A         B           38           GLU           97.57            90     90     36     3.429     3.429     1.621     0.8665      0.8665      0.8665      0.6050
39      A         B           39           GLY           98.21            90     90     36     3.429     3.429     1.621     0.9081      0.9081      0.9081      0.7026
40      A         B           40           ARG           98.04            90     90     36     3.429     3.429     1.621     0.9254      0.9254      0.9254      0.7453
41      A         B           41           GLN           98.63            90     90     36     3.429     3.429     1.621     0.9324      0.9324      0.9324      0.7645
42      A         B           42           GLU           98.61            90     90     36     3.429     3.429     1.621     0.9177      0.9177      0.9177      0.7252
43      A         B           43           LEU           98.64            90     90     36     3.429     3.429     1.621     0.9353      0.9353      0.9353      0.7744
44      A         B           44           LEU           98.66            90     90     36     3.429     3.429     1.621     0.9380      0.9380      0.9380      0.7816
45      A         B           45           LYS           98.75            90     90     36     3.429     3.429     1.621     0.9182      0.9182      0.9182      0.7282
46      A         B           46           ILE           98.01            90     90     36     3.429     3.429     1.621     0.9211      0.9211      0.9211      0.7350
47      A         B           47           VAL           98.60            90     90     36     3.429     3.429     1.621     0.9215      0.9215      0.9215      0.7372
48      A         B           48           GLU           98.16            90     90     36     3.429     3.429     1.621     0.9207      0.9207      0.9207      0.7342
49      A         B           49           GLU           98.50            90     90     36     3.429     3.429     1.621     0.8685      0.8685      0.8685      0.6139
50      A         B           50           LYS           97.85            90     90     36     3.429     3.429     1.621     0.8638      0.8638      0.8638      0.6039
51      A         B           51           ILE           97.79            90     90     36     3.429     3.429     1.621     0.8462      0.8462      0.8462      0.5678
52      A         B           52           LYS           97.53            90     90     36     3.429     3.429     1.621     0.7827      0.7827      0.7827      0.4650
53      A         B           53           LEU           96.67            90     90     36     3.429     3.429     1.621     0.5865      0.5865      0.5865      0.2547
54      A         B           54           SER           84.56            90     90     30     3.429     3.429     1.258     0.1472      0.1574      0.1574      0.0250
55      B         A            1           CYS           96.09            90     90     54     3.429     3.429     2.405     0.5268      0.5268      0.5268      0.3590
56      B         A            2           SER           92.82            90     90     54     3.429     3.429     2.405     0.5997      0.5997      0.5997      0.4314
57      B         A            3           GLN           94.80            90     90     54     3.429     3.429     2.405     0.4756      0.4756      0.4756      0.3139
58      B         A            4           ASN           96.12            90     90     54     3.429     3.429     2.405     0.7484      0.7484      0.7484      0.6050
59      B         A            5           GLU           98.08            90     90     54     3.429     3.429     2.405     0.8800      0.8800      0.8800      0.7880
60      B         A            6           TYR           98.11            90     90     54     3.429     3.429     2.405     0.9170      0.9170      0.9170      0.8480
61      B         A            7           PHE           98.07            90     90     54     3.429     3.429     2.405     0.9299      0.9299      0.9299      0.8703
62      B         A            8           ASP           98.42            90     90     54     3.429     3.429     2.405     0.9405      0.9405      0.9405      0.8887
63      B         A            9           SER           96.76            90     90     54     3.429     3.429     2.405     0.8817      0.8817      0.8817      0.7901
64      B         A           10           LEU           97.69            90     90     54     3.429     3.429     2.405     0.9390      0.9390      0.9390      0.8861
65      B         A           11           LEU           98.37            90     90     54     3.429     3.429     2.405     0.9446      0.9446      0.9446      0.8965
66      B         A           12           HIS           97.66            90     90     54     3.429     3.429     2.405     0.9341      0.9341      0.9341      0.8774
67      B         A           13           ALA           98.18            90     90     54     3.429     3.429     2.405     0.9151      0.9151      0.9151      0.8445
68      B         A           14           CYS           98.11            90     90     54     3.429     3.429     2.405     0.9277      0.9277      0.9277      0.8661
69      B         A           15           ILE           98.47            90     90     54     3.429     3.429     2.405     0.9300      0.9300      0.9300      0.8708
70      B         A           16           PRO           98.07            90     90     54     3.429     3.429     2.405     0.9193      0.9193      0.9193      0.8527
71      B         A           17           CYS           98.49            90     90     54     3.429     3.429     2.405     0.9032      0.9032      0.9032      0.8272
72      B         A           18           GLN           96.71            90     90     54     3.429     3.429     2.405     0.8602      0.8602      0.8602      0.7630
73      B         A           19           LEU           98.46            90     90     54     3.429     3.429     2.405     0.9149      0.9149      0.9149      0.8482
74      B         A           20           ARG           98.05            90     90     54     3.429     3.429     2.405     0.8665      0.8665      0.8665      0.7728
75      B         A           21           CYS           96.22            90     90     54     3.429     3.429     2.405     0.7872      0.7872      0.7872      0.6571
76      B         A           22           SER           92.65            90     90     54     3.429     3.429     2.405     0.6202      0.6202      0.6202      0.4644
77      B         A           23           SER           92.64            90     90     54     3.429     3.429     2.405     0.5663      0.5663      0.5663      0.4110
78      B         A           24           ASN           88.48            90     90     54     3.429     3.429     2.405     0.4963      0.4963      0.4963      0.3439
79      B         A           25           THR           91.20            90     90     54     3.429     3.429     2.405     0.5588      0.5588      0.5588      0.3967
80      B         A           26           PRO           95.64            90     90     54     3.429     3.429     2.405     0.6952      0.6952      0.6952      0.5401
81      B         A           27           PRO           97.12            90     90     54     3.429     3.429     2.405     0.7953      0.7953      0.7953      0.6665
82      B         A           28           LEU           95.18            90     90     54     3.429     3.429     2.405     0.7429      0.7429      0.7429      0.5964
83      B         A           29           THR           95.43            90     90     54     3.429     3.429     2.405     0.7282      0.7282      0.7282      0.5774
84      B         A           30           CYS           98.04            90     90     54     3.429     3.429     2.405     0.8205      0.8205      0.8205      0.6988
85      B         A           31           GLN           96.81            90     90     54     3.429     3.429     2.405     0.7727      0.7727      0.7727      0.6318
86      B         A           32           ARG           95.06            90     90     54     3.429     3.429     2.405     0.6277      0.6277      0.6277      0.4612
87      B         A           33           TYR           97.51            90     90     54     3.429     3.429     2.405     0.7698      0.7698      0.7698      0.6311
88      B         A           34           CYS           97.15            90     90     54     3.429     3.429     2.405     0.7058      0.7058      0.7058      0.5521
89      B         A           35           ASN           94.68            90     90     54     3.429     3.429     2.405     0.5205      0.5205      0.5205      0.3544
90      B         A           36           ALA           88.38            90     90     29     3.429     3.429     1.189     0.1189      0.1515      0.1515      0.0213
