i   AlignChn ScoredChain  AlignResNum  AlignResType  AlignRespLDDT      n0chn  n0dom  n0res    d0chn     d0dom     d0res   ipTM_pae  ipSAE_d0chn ipSAE_d0dom    ipSAE 
1       A         B            1           SER           84.02            90     90     29     3.429     3.429     1.189     0.1561      0.1709      0.1709      0.0253
2       A         B            2           ALA           91.94            90     90     36     3.429     3.429     1.621     0.4348      0.4348      0.4348      0.1578
3       A         B            3           SER           94.39            90     90     36     3.429     3.429     1.621     0.5104      0.5104      0.5104      0.2058
4       A         B            4           SER           95.56            90     90     36     3.429     3.429     1.621     0.6074      0.6074      0.6074      0.2796
5       A         B            5           ARG           95.41            90     90     36     3.429     3.429     1.621     0.7804      0.7804      0.7804      0.4686
6       A         B            6           GLN           95.17            90     90     36     3.429     3.429     1.621     0.7863      0.7863      0.7863      0.4794
7       A         B            7           SER           96.96            90     90     36     3.429     3.429     1.621     0.7674      0.7674      0.7674      0.4516
8       A         B            8           SER           97.86            90     90     36     3.429     3.429     1.621     0.8400      0.8400      0.8400      0.5649
9       A         B            9           LEU           98.01            90     90     36     3.429     3.429     1.621     0.8918      0.8918      0.8918      0.6679
10      A         B           10           SER           97.29            90     90     36     3.429     3.429     1.621     0.8660      0.8660      0.8660      0.6146
11      A         B           11           ARG           98.02            90     90     36     3.429     3.429     1.621     0.8815      0.8815      0.8815      0.6475
12      A         B           12           VAL           98.46            90     90     36     3.429     3.429     1.621     0.9136      0.9136      0.9136      0.7190
13      A         B           13           ALA           98.62            90     90     36     3.429     3.429     1.621     0.9302      0.9302      0.9302      0.7627
14      A         B           14           ARG           97.60            90     90     36     3.429     3.429     1.621     0.9053      0.9053      0.9053      0.7003
15      A         B           15           GLU           97.98            90     90     36     3.429     3.429     1.621     0.9035      0.9035      0.9035      0.6963
16      A         B           16           VAL           97.88            90     90     36     3.429     3.429     1.621     0.9213      0.9213      0.9213      0.7372
17      A         B           17           VAL           97.83            90     90     36     3.429     3.429     1.621     0.9136      0.9136      0.9136      0.7174
18      A         B           18           GLU           97.53            90     90     36     3.429     3.429     1.621     0.8997      0.8997      0.8997      0.6875
19      A         B           19           ARG           97.74            90     90     36     3.429     3.429     1.621     0.8809      0.8809      0.8809      0.6414
20      A         B           20           ALA           97.72            90     90     36     3.429     3.429     1.621     0.8738      0.8738      0.8738      0.6236
21      A         B           21           LEU           97.71            90     90     36     3.429     3.429     1.621     0.8675      0.8675      0.8675      0.6091
22      A         B           22           GLN           98.07            90     90     36     3.429     3.429     1.621     0.8593      0.8593      0.8593      0.5953
23      A         B           23           ASP           98.40            90     90     36     3.429     3.429     1.621     0.8542      0.8542      0.8542      0.5787
24      A         B           24           PRO           98.08            90     90     36     3.429     3.429     1.621     0.7946      0.7946      0.7946      0.4761
25      A         B           25           ALA           98.58            90     90     36     3.429     3.429     1.621     0.8289      0.8289      0.8289      0.5332
26      A         B           26           LEU           98.40            90     90     36     3.429     3.429     1.621     0.9197      0.9197      0.9197      0.7283
27      A         B           27           ARG           98.11            90     90     36     3.429     3.429     1.621     0.9126      0.9126      0.9126      0.7082
28      A         B           28           GLN           97.99            90     90     36     3.429     3.429     1.621     0.9037      0.9037      0.9037      0.6866
29      A         B           29           ILE           98.45            90     90     36     3.429     3.429     1.621     0.9301      0.9301      0.9301      0.7579
30      A         B           30           VAL           98.70            90     90     36     3.429     3.429     1.621     0.9524      0.9524      0.9524      0.8248
31      A         B           31           SER           98.33            90     90     36     3.429     3.429     1.621     0.9422      0.9422      0.9422      0.7919
32      A         B           32           GLU           97.88            90     90     36     3.429     3.429     1.621     0.9294      0.9294      0.9294      0.7546
33      A         B           33           MET           98.56            90     90     36     3.429     3.429     1.621     0.9468      0.9468      0.9468      0.8085
34      A         B           34           LEU           98.51            90     90     36     3.429     3.429     1.621     0.9569      0.9569      0.9569      0.8380
35      A         B           35           ASN           98.03            90     90     36     3.429     3.429     1.621     0.9325      0.9325      0.9325      0.7645
36      A         B           36           SER           96.57            90     90     36     3.429     3.429     1.621     0.8898      0.8898      0.8898      0.6559
37      A         B           37           GLU           95.89            90     90     36     3.429     3.429     1.621     0.8903      0.8903      0.8903      0.6549
38      A         B           38           GLU           97.68            90     90     36     3.429     3.429     1.621     0.8611      0.8611      0.8611      0.5944
39      A         B           39           GLY           98.18            90     90     36     3.429     3.429     1.621     0.9051      0.9051      0.9051      0.6959
40      A         B           40           ARG           98.00            90     90     36     3.429     3.429     1.621     0.9238      0.9238      0.9238      0.7408
41      A         B           41           GLN           98.62            90     90     36     3.429     3.429     1.621     0.9298      0.9298      0.9298      0.7574
42      A         B           42           GLU           98.62            90     90     36     3.429     3.429     1.621     0.9174      0.9174      0.9174      0.7247
43      A         B           43           LEU           98.68            90     90     36     3.429     3.429     1.621     0.9351      0.9351      0.9351      0.7740
44      A         B           44           LEU           98.66            90     90     36     3.429     3.429     1.621     0.9370      0.9370      0.9370      0.7791
45      A         B           45           LYS           98.75            90     90     36     3.429     3.429     1.621     0.9170      0.9170      0.9170      0.7255
46      A         B           46           ILE           98.19            90     90     36     3.429     3.429     1.621     0.9207      0.9207      0.9207      0.7341
47      A         B           47           VAL           98.61            90     90     36     3.429     3.429     1.621     0.9217      0.9217      0.9217      0.7377
48      A         B           48           GLU           98.17            90     90     36     3.429     3.429     1.621     0.9201      0.9201      0.9201      0.7327
49      A         B           49           GLU           98.53            90     90     36     3.429     3.429     1.621     0.8676      0.8676      0.8676      0.6126
50      A         B           50           LYS           97.91            90     90     36     3.429     3.429     1.621     0.8659      0.8659      0.8659      0.6083
51      A         B           51           ILE           97.80            90     90     36     3.429     3.429     1.621     0.8493      0.8493      0.8493      0.5738
52      A         B           52           LYS           97.42            90     90     36     3.429     3.429     1.621     0.7879      0.7879      0.7879      0.4728
53      A         B           53           LEU           96.97            90     90     36     3.429     3.429     1.621     0.6004      0.6004      0.6004      0.2661
54      A         B           54           SER           85.02            90     90     30     3.429     3.429     1.258     0.1496      0.1599      0.1599      0.0254
55      B         A            1           CYS           95.53            90     90     54     3.429     3.429     2.405     0.5004      0.5004      0.5004      0.3349
56      B         A            2           SER           92.04            90     90     54     3.429     3.429     2.405     0.5695      0.5695      0.5695      0.4014
57      B         A            3           GLN           94.72            90     90     54     3.429     3.429     2.405     0.4710      0.4710      0.4710      0.3102
58      B         A            4           ASN           96.16            90     90     54     3.429     3.429     2.405     0.7557      0.7557      0.7557      0.6139
59      B         A            5           GLU           97.96            90     90     54     3.429     3.429     2.405     0.8810      0.8810      0.8810      0.7894
60      B         A            6           TYR           98.04            90     90     54     3.429     3.429     2.405     0.9193      0.9193      0.9193      0.8516
61      B         A            7           PHE           97.96            90     90     54     3.429     3.429     2.405     0.9302      0.9302      0.9302      0.8702
62      B         A            8           ASP           98.42            90     90     54     3.429     3.429     2.405     0.9407      0.9407      0.9407      0.8890
63      B         A            9           SER           96.82            90     90     54     3.429     3.429     2.405     0.8834      0.8834      0.8834      0.7925
64      B         A           10           LEU           97.73            90     90     54     3.429     3.429     2.405     0.9405      0.9405      0.9405      0.8886
65      B         A           11           LEU           98.40            90     90     54     3.429     3.429     2.405     0.9454      0.9454      0.9454      0.8974
66      B         A           12           HIS           97.69            90     90     54     3.429     3.429     2.405     0.9348      0.9348      0.9348      0.8783
67      B         A           13           ALA           98.14            90     90     54     3.429     3.429     2.405     0.9142      0.9142      0.9142      0.8426
68      B         A           14           CYS           98.03            90     90     54     3.429     3.429     2.405     0.9279      0.9279      0.9279      0.8661
69      B         A           15           ILE           98.51            90     90     54     3.429     3.429     2.405     0.9332      0.9332      0.9332      0.8760
70      B         A           16           PRO           98.06            90     90     54     3.429     3.429     2.405     0.9210      0.9210      0.9210      0.8552
71      B         A           17           CYS           98.47            90     90     54     3.429     3.429     2.405     0.9068      0.9068      0.9068      0.8326
72      B         A           18           GLN           96.73            90     90     54     3.429     3.429     2.405     0.8662      0.8662      0.8662      0.7719
73      B         A           19           LEU           98.47            90     90     54     3.429     3.429     2.405     0.9184      0.9184      0.9184      0.8538
74      B         A           20           ARG           97.99            90     90     54     3.429     3.429     2.405     0.8661      0.8661      0.8661      0.7722
75      B         A           21           CYS           95.96            90     90     54     3.429     3.429     2.405     0.7809      0.7809      0.7809      0.6483
76      B         A           22           SER           92.05            90     90     54     3.429     3.429     2.405     0.6144      0.6144      0.6144      0.4573
77      B         A           23           SER           92.28            90     90     54     3.429     3.429     2.405     0.5652      0.5652      0.5652      0.4096
78      B         A           24           ASN           88.07            90     90     54     3.429     3.429     2.405     0.4846      0.4846      0.4846      0.3329
79      B         A           25           THR           90.70            90     90     54     3.429     3.429     2.405     0.5458      0.5458      0.5458      0.3838
80      B         A           26           PRO           95.45            90     90     54     3.429     3.429     2.405     0.6908      0.6908      0.6908      0.5344
81      B         A           27           PRO           96.99            90     90     54     3.429     3.429     2.405     0.7925      0.7925      0.7925      0.6627
82      B         A           28           LEU           94.92            90     90     54     3.429     3.429     2.405     0.7347      0.7347      0.7347      0.5863
83      B         A           29           THR           95.40            90     90     54     3.429     3.429     2.405     0.7287      0.7287      0.7287      0.5780
84      B         A           30           CYS           97.95            90     90     54     3.429     3.429     2.405     0.8210      0.8210      0.8210      0.6992
85      B         A           31           GLN           96.70            90     90     54     3.429     3.429     2.405     0.7746      0.7746      0.7746      0.6342
86      B         A           32           ARG           94.88            90     90     54     3.429     3.429     2.405     0.6314      0.6314      0.6314      0.4649
87      B         A           33           TYR           97.40            90     90     54     3.429     3.429     2.405     0.7727      0.7727      0.7727      0.6345
88      B         A           34           CYS           97.00            90     90     54     3.429     3.429     2.405     0.7105      0.7105      0.7105      0.5577
89      B         A           35           ASN           94.82            90     90     54     3.429     3.429     2.405     0.5273      0.5273      0.5273      0.3606
90      B         A           36           ALA           88.87            90     90     31     3.429     3.429     1.325     0.1232      0.1539      0.1539      0.0268
