i   AlignChn ScoredChain  AlignResNum  AlignResType  AlignRespLDDT      n0chn  n0dom  n0res    d0chn     d0dom     d0res   ipTM_pae  ipSAE_d0chn ipSAE_d0dom    ipSAE 
1       A         B            1           SER           83.71            90     90     29     3.429     3.429     1.189     0.1599      0.1756      0.1756      0.0261
2       A         B            2           ALA           91.52            90     90     36     3.429     3.429     1.621     0.4425      0.4425      0.4425      0.1622
3       A         B            3           SER           93.98            90     90     36     3.429     3.429     1.621     0.5191      0.5191      0.5191      0.2128
4       A         B            4           SER           95.42            90     90     36     3.429     3.429     1.621     0.6259      0.6259      0.6259      0.2970
5       A         B            5           ARG           95.34            90     90     36     3.429     3.429     1.621     0.7972      0.7972      0.7972      0.4960
6       A         B            6           GLN           95.07            90     90     36     3.429     3.429     1.621     0.8102      0.8102      0.8102      0.5183
7       A         B            7           SER           97.14            90     90     36     3.429     3.429     1.621     0.7991      0.7991      0.7991      0.4993
8       A         B            8           SER           97.89            90     90     36     3.429     3.429     1.621     0.8565      0.8565      0.8565      0.5977
9       A         B            9           LEU           98.02            90     90     36     3.429     3.429     1.621     0.9062      0.9062      0.9062      0.7051
10      A         B           10           SER           97.61            90     90     36     3.429     3.429     1.621     0.8886      0.8886      0.8886      0.6650
11      A         B           11           ARG           98.05            90     90     36     3.429     3.429     1.621     0.8975      0.8975      0.8975      0.6868
12      A         B           12           VAL           98.49            90     90     36     3.429     3.429     1.621     0.9238      0.9238      0.9238      0.7486
13      A         B           13           ALA           98.67            90     90     36     3.429     3.429     1.621     0.9385      0.9385      0.9385      0.7894
14      A         B           14           ARG           97.67            90     90     36     3.429     3.429     1.621     0.9134      0.9134      0.9134      0.7238
15      A         B           15           GLU           98.08            90     90     36     3.429     3.429     1.621     0.9156      0.9156      0.9156      0.7291
16      A         B           16           VAL           98.06            90     90     36     3.429     3.429     1.621     0.9277      0.9277      0.9277      0.7579
17      A         B           17           VAL           97.83            90     90     36     3.429     3.429     1.621     0.9226      0.9226      0.9226      0.7435
18      A         B           18           GLU           97.54            90     90     36     3.429     3.429     1.621     0.9086      0.9086      0.9086      0.7121
19      A         B           19           ARG           97.69            90     90     36     3.429     3.429     1.621     0.8913      0.8913      0.8913      0.6675
20      A         B           20           ALA           97.80            90     90     36     3.429     3.429     1.621     0.8860      0.8860      0.8860      0.6530
21      A         B           21           LEU           97.68            90     90     36     3.429     3.429     1.621     0.8798      0.8798      0.8798      0.6378
22      A         B           22           GLN           98.11            90     90     36     3.429     3.429     1.621     0.8735      0.8735      0.8735      0.6273
23      A         B           23           ASP           98.44            90     90     36     3.429     3.429     1.621     0.8642      0.8642      0.8642      0.6019
24      A         B           24           PRO           98.02            90     90     36     3.429     3.429     1.621     0.7958      0.7958      0.7958      0.4798
25      A         B           25           ALA           98.57            90     90     36     3.429     3.429     1.621     0.8290      0.8290      0.8290      0.5359
26      A         B           26           LEU           98.36            90     90     36     3.429     3.429     1.621     0.9214      0.9214      0.9214      0.7363
27      A         B           27           ARG           98.07            90     90     36     3.429     3.429     1.621     0.9138      0.9138      0.9138      0.7147
28      A         B           28           GLN           97.88            90     90     36     3.429     3.429     1.621     0.9030      0.9030      0.9030      0.6893
29      A         B           29           ILE           98.50            90     90     36     3.429     3.429     1.621     0.9326      0.9326      0.9326      0.7693
30      A         B           30           VAL           98.70            90     90     36     3.429     3.429     1.621     0.9520      0.9520      0.9520      0.8288
31      A         B           31           SER           98.28            90     90     36     3.429     3.429     1.621     0.9432      0.9432      0.9432      0.7989
32      A         B           32           GLU           97.83            90     90     36     3.429     3.429     1.621     0.9316      0.9316      0.9316      0.7648
33      A         B           33           MET           98.58            90     90     36     3.429     3.429     1.621     0.9490      0.9490      0.9490      0.8196
34      A         B           34           LEU           98.53            90     90     36     3.429     3.429     1.621     0.9585      0.9585      0.9585      0.8463
35      A         B           35           ASN           98.03            90     90     36     3.429     3.429     1.621     0.9373      0.9373      0.9373      0.7821
36      A         B           36           SER           96.61            90     90     36     3.429     3.429     1.621     0.8960      0.8960      0.8960      0.6730
37      A         B           37           GLU           95.99            90     90     36     3.429     3.429     1.621     0.9024      0.9024      0.9024      0.6856
38      A         B           38           GLU           97.71            90     90     36     3.429     3.429     1.621     0.8715      0.8715      0.8715      0.6176
39      A         B           39           GLY           98.23            90     90     36     3.429     3.429     1.621     0.9112      0.9112      0.9112      0.7129
40      A         B           40           ARG           98.06            90     90     36     3.429     3.429     1.621     0.9303      0.9303      0.9303      0.7616
41      A         B           41           GLN           98.62            90     90     36     3.429     3.429     1.621     0.9347      0.9347      0.9347      0.7744
42      A         B           42           GLU           98.65            90     90     36     3.429     3.429     1.621     0.9216      0.9216      0.9216      0.7390
43      A         B           43           LEU           98.70            90     90     36     3.429     3.429     1.621     0.9384      0.9384      0.9384      0.7866
44      A         B           44           LEU           98.68            90     90     36     3.429     3.429     1.621     0.9421      0.9421      0.9421      0.7972
45      A         B           45           LYS           98.74            90     90     36     3.429     3.429     1.621     0.9210      0.9210      0.9210      0.7394
46      A         B           46           ILE           98.25            90     90     36     3.429     3.429     1.621     0.9278      0.9278      0.9278      0.7569
47      A         B           47           VAL           98.64            90     90     36     3.429     3.429     1.621     0.9292      0.9292      0.9292      0.7610
48      A         B           48           GLU           98.15            90     90     36     3.429     3.429     1.621     0.9262      0.9262      0.9262      0.7523
49      A         B           49           GLU           98.50            90     90     36     3.429     3.429     1.621     0.8734      0.8734      0.8734      0.6268
50      A         B           50           LYS           97.90            90     90     36     3.429     3.429     1.621     0.8727      0.8727      0.8727      0.6251
51      A         B           51           ILE           97.79            90     90     36     3.429     3.429     1.621     0.8568      0.8568      0.8568      0.5899
52      A         B           52           LYS           97.31            90     90     36     3.429     3.429     1.621     0.7898      0.7898      0.7898      0.4775
53      A         B           53           LEU           96.59            90     90     36     3.429     3.429     1.621     0.5823      0.5823      0.5823      0.2521
54      A         B           54           SER           84.37            90     90     31     3.429     3.429     1.325     0.1508      0.1597      0.1597      0.0280
55      B         A            1           CYS           95.73            90     90     54     3.429     3.429     2.405     0.5262      0.5262      0.5262      0.3587
56      B         A            2           SER           90.95            90     90     54     3.429     3.429     2.405     0.5725      0.5725      0.5725      0.4049
57      B         A            3           GLN           93.78            90     90     54     3.429     3.429     2.405     0.4763      0.4763      0.4763      0.3149
58      B         A            4           ASN           95.89            90     90     54     3.429     3.429     2.405     0.7691      0.7691      0.7691      0.6307
59      B         A            5           GLU           97.93            90     90     54     3.429     3.429     2.405     0.8914      0.8914      0.8914      0.8057
60      B         A            6           TYR           98.04            90     90     54     3.429     3.429     2.405     0.9287      0.9287      0.9287      0.8675
61      B         A            7           PHE           98.11            90     90     54     3.429     3.429     2.405     0.9397      0.9397      0.9397      0.8867
62      B         A            8           ASP           98.46            90     90     54     3.429     3.429     2.405     0.9487      0.9487      0.9487      0.9029
63      B         A            9           SER           96.74            90     90     54     3.429     3.429     2.405     0.8876      0.8876      0.8876      0.7992
64      B         A           10           LEU           97.72            90     90     54     3.429     3.429     2.405     0.9468      0.9468      0.9468      0.8995
65      B         A           11           LEU           98.43            90     90     54     3.429     3.429     2.405     0.9531      0.9531      0.9531      0.9111
66      B         A           12           HIS           97.79            90     90     54     3.429     3.429     2.405     0.9435      0.9435      0.9435      0.8934
67      B         A           13           ALA           98.27            90     90     54     3.429     3.429     2.405     0.9254      0.9254      0.9254      0.8615
68      B         A           14           CYS           98.07            90     90     54     3.429     3.429     2.405     0.9356      0.9356      0.9356      0.8792
69      B         A           15           ILE           98.52            90     90     54     3.429     3.429     2.405     0.9411      0.9411      0.9411      0.8896
70      B         A           16           PRO           98.05            90     90     54     3.429     3.429     2.405     0.9299      0.9299      0.9299      0.8702
71      B         A           17           CYS           98.34            90     90     54     3.429     3.429     2.405     0.9147      0.9147      0.9147      0.8453
72      B         A           18           GLN           96.40            90     90     54     3.429     3.429     2.405     0.8809      0.8809      0.8809      0.7935
73      B         A           19           LEU           98.41            90     90     54     3.429     3.429     2.405     0.9257      0.9257      0.9257      0.8654
74      B         A           20           ARG           97.93            90     90     54     3.429     3.429     2.405     0.8807      0.8807      0.8807      0.7937
75      B         A           21           CYS           95.84            90     90     54     3.429     3.429     2.405     0.8063      0.8063      0.8063      0.6823
76      B         A           22           SER           91.66            90     90     54     3.429     3.429     2.405     0.6413      0.6413      0.6413      0.4861
77      B         A           23           SER           92.07            90     90     54     3.429     3.429     2.405     0.6040      0.6040      0.6040      0.4491
78      B         A           24           ASN           87.48            90     90     54     3.429     3.429     2.405     0.5180      0.5180      0.5180      0.3635
79      B         A           25           THR           90.29            90     90     54     3.429     3.429     2.405     0.5871      0.5871      0.5871      0.4239
80      B         A           26           PRO           95.31            90     90     54     3.429     3.429     2.405     0.7204      0.7204      0.7204      0.5689
81      B         A           27           PRO           97.09            90     90     54     3.429     3.429     2.405     0.8175      0.8175      0.8175      0.6962
82      B         A           28           LEU           95.07            90     90     54     3.429     3.429     2.405     0.7702      0.7702      0.7702      0.6306
83      B         A           29           THR           95.18            90     90     54     3.429     3.429     2.405     0.7655      0.7655      0.7655      0.6242
84      B         A           30           CYS           97.83            90     90     54     3.429     3.429     2.405     0.8371      0.8371      0.8371      0.7222
85      B         A           31           GLN           96.50            90     90     54     3.429     3.429     2.405     0.7931      0.7931      0.7931      0.6589
86      B         A           32           ARG           94.18            90     90     54     3.429     3.429     2.405     0.6541      0.6541      0.6541      0.4892
87      B         A           33           TYR           97.06            90     90     54     3.429     3.429     2.405     0.7898      0.7898      0.7898      0.6570
88      B         A           34           CYS           96.75            90     90     54     3.429     3.429     2.405     0.7136      0.7136      0.7136      0.5615
89      B         A           35           ASN           93.71            90     90     54     3.429     3.429     2.405     0.4227      0.4227      0.4227      0.2699
90      B         A           36           ALA           80.35            90     90      4     3.429     3.429     1.001     0.0704      0.1276      0.1276      0.0123
