i   AlignChn ScoredChain  AlignResNum  AlignResType  AlignRespLDDT      n0chn  n0dom  n0res    d0chn     d0dom     d0res   ipTM_pae  ipSAE_d0chn ipSAE_d0dom    ipSAE 
1       A         B            1           SER           84.14            90     90     28     3.429     3.429     1.116     0.1558      0.1733      0.1733      0.0228
2       A         B            2           ALA           91.82            90     90     36     3.429     3.429     1.621     0.4239      0.4239      0.4239      0.1517
3       A         B            3           SER           94.34            90     90     36     3.429     3.429     1.621     0.5050      0.5050      0.5050      0.2021
4       A         B            4           SER           95.78            90     90     36     3.429     3.429     1.621     0.6071      0.6071      0.6071      0.2797
5       A         B            5           ARG           95.48            90     90     36     3.429     3.429     1.621     0.7794      0.7794      0.7794      0.4673
6       A         B            6           GLN           95.38            90     90     36     3.429     3.429     1.621     0.7858      0.7858      0.7858      0.4785
7       A         B            7           SER           97.15            90     90     36     3.429     3.429     1.621     0.7790      0.7790      0.7790      0.4676
8       A         B            8           SER           97.90            90     90     36     3.429     3.429     1.621     0.8445      0.8445      0.8445      0.5730
9       A         B            9           LEU           98.08            90     90     36     3.429     3.429     1.621     0.8938      0.8938      0.8938      0.6722
10      A         B           10           SER           97.60            90     90     36     3.429     3.429     1.621     0.8751      0.8751      0.8751      0.6325
11      A         B           11           ARG           98.02            90     90     36     3.429     3.429     1.621     0.8840      0.8840      0.8840      0.6526
12      A         B           12           VAL           98.51            90     90     36     3.429     3.429     1.621     0.9160      0.9160      0.9160      0.7248
13      A         B           13           ALA           98.69            90     90     36     3.429     3.429     1.621     0.9319      0.9319      0.9319      0.7671
14      A         B           14           ARG           97.72            90     90     36     3.429     3.429     1.621     0.9054      0.9054      0.9054      0.7000
15      A         B           15           GLU           98.10            90     90     36     3.429     3.429     1.621     0.9089      0.9089      0.9089      0.7085
16      A         B           16           VAL           98.20            90     90     36     3.429     3.429     1.621     0.9256      0.9256      0.9256      0.7484
17      A         B           17           VAL           97.94            90     90     36     3.429     3.429     1.621     0.9176      0.9176      0.9176      0.7268
18      A         B           18           GLU           97.62            90     90     36     3.429     3.429     1.621     0.9038      0.9038      0.9038      0.6963
19      A         B           19           ARG           98.04            90     90     36     3.429     3.429     1.621     0.8928      0.8928      0.8928      0.6672
20      A         B           20           ALA           98.07            90     90     36     3.429     3.429     1.621     0.8870      0.8870      0.8870      0.6511
21      A         B           21           LEU           97.90            90     90     36     3.429     3.429     1.621     0.8840      0.8840      0.8840      0.6430
22      A         B           22           GLN           98.13            90     90     36     3.429     3.429     1.621     0.8687      0.8687      0.8687      0.6139
23      A         B           23           ASP           98.51            90     90     36     3.429     3.429     1.621     0.8660      0.8660      0.8660      0.6022
24      A         B           24           PRO           98.11            90     90     36     3.429     3.429     1.621     0.7996      0.7996      0.7996      0.4834
25      A         B           25           ALA           98.61            90     90     36     3.429     3.429     1.621     0.8330      0.8330      0.8330      0.5401
26      A         B           26           LEU           98.44            90     90     36     3.429     3.429     1.621     0.9212      0.9212      0.9212      0.7321
27      A         B           27           ARG           98.18            90     90     36     3.429     3.429     1.621     0.9146      0.9146      0.9146      0.7131
28      A         B           28           GLN           98.03            90     90     36     3.429     3.429     1.621     0.9039      0.9039      0.9039      0.6868
29      A         B           29           ILE           98.53            90     90     36     3.429     3.429     1.621     0.9317      0.9317      0.9317      0.7622
30      A         B           30           VAL           98.74            90     90     36     3.429     3.429     1.621     0.9523      0.9523      0.9523      0.8245
31      A         B           31           SER           98.43            90     90     36     3.429     3.429     1.621     0.9419      0.9419      0.9419      0.7907
32      A         B           32           GLU           97.98            90     90     36     3.429     3.429     1.621     0.9284      0.9284      0.9284      0.7516
33      A         B           33           MET           98.64            90     90     36     3.429     3.429     1.621     0.9469      0.9469      0.9469      0.8080
34      A         B           34           LEU           98.57            90     90     36     3.429     3.429     1.621     0.9553      0.9553      0.9553      0.8326
35      A         B           35           ASN           98.20            90     90     36     3.429     3.429     1.621     0.9309      0.9309      0.9309      0.7595
36      A         B           36           SER           96.69            90     90     36     3.429     3.429     1.621     0.8843      0.8843      0.8843      0.6436
37      A         B           37           GLU           96.01            90     90     36     3.429     3.429     1.621     0.8858      0.8858      0.8858      0.6439
38      A         B           38           GLU           97.79            90     90     36     3.429     3.429     1.621     0.8553      0.8553      0.8553      0.5823
39      A         B           39           GLY           98.30            90     90     36     3.429     3.429     1.621     0.9017      0.9017      0.9017      0.6869
40      A         B           40           ARG           98.07            90     90     36     3.429     3.429     1.621     0.9194      0.9194      0.9194      0.7286
41      A         B           41           GLN           98.61            90     90     36     3.429     3.429     1.621     0.9262      0.9262      0.9262      0.7468
42      A         B           42           GLU           98.66            90     90     36     3.429     3.429     1.621     0.9138      0.9138      0.9138      0.7149
43      A         B           43           LEU           98.71            90     90     36     3.429     3.429     1.621     0.9317      0.9317      0.9317      0.7639
44      A         B           44           LEU           98.69            90     90     36     3.429     3.429     1.621     0.9343      0.9343      0.9343      0.7708
45      A         B           45           LYS           98.76            90     90     36     3.429     3.429     1.621     0.9140      0.9140      0.9140      0.7170
46      A         B           46           ILE           98.23            90     90     36     3.429     3.429     1.621     0.9163      0.9163      0.9163      0.7221
47      A         B           47           VAL           98.65            90     90     36     3.429     3.429     1.621     0.9187      0.9187      0.9187      0.7294
48      A         B           48           GLU           98.24            90     90     36     3.429     3.429     1.621     0.9174      0.9174      0.9174      0.7250
49      A         B           49           GLU           98.53            90     90     36     3.429     3.429     1.621     0.8616      0.8616      0.8616      0.5999
50      A         B           50           LYS           97.93            90     90     36     3.429     3.429     1.621     0.8561      0.8561      0.8561      0.5891
51      A         B           51           ILE           97.82            90     90     36     3.429     3.429     1.621     0.8458      0.8458      0.8458      0.5670
52      A         B           52           LYS           97.50            90     90     36     3.429     3.429     1.621     0.7794      0.7794      0.7794      0.4599
53      A         B           53           LEU           96.77            90     90     36     3.429     3.429     1.621     0.5873      0.5873      0.5873      0.2554
54      A         B           54           SER           84.73            90     90     30     3.429     3.429     1.258     0.1432      0.1530      0.1530      0.0241
55      B         A            1           CYS           95.93            90     90     54     3.429     3.429     2.405     0.4983      0.4983      0.4983      0.3328
56      B         A            2           SER           91.59            90     90     54     3.429     3.429     2.405     0.5503      0.5503      0.5503      0.3828
57      B         A            3           GLN           94.50            90     90     54     3.429     3.429     2.405     0.4477      0.4477      0.4477      0.2903
58      B         A            4           ASN           96.04            90     90     54     3.429     3.429     2.405     0.7432      0.7432      0.7432      0.5978
59      B         A            5           GLU           97.97            90     90     54     3.429     3.429     2.405     0.8772      0.8772      0.8772      0.7835
60      B         A            6           TYR           98.07            90     90     54     3.429     3.429     2.405     0.9171      0.9171      0.9171      0.8480
61      B         A            7           PHE           98.09            90     90     54     3.429     3.429     2.405     0.9289      0.9289      0.9289      0.8682
62      B         A            8           ASP           98.50            90     90     54     3.429     3.429     2.405     0.9397      0.9397      0.9397      0.8870
63      B         A            9           SER           96.92            90     90     54     3.429     3.429     2.405     0.8811      0.8811      0.8811      0.7888
64      B         A           10           LEU           97.83            90     90     54     3.429     3.429     2.405     0.9392      0.9392      0.9392      0.8863
65      B         A           11           LEU           98.47            90     90     54     3.429     3.429     2.405     0.9445      0.9445      0.9445      0.8959
66      B         A           12           HIS           97.86            90     90     54     3.429     3.429     2.405     0.9338      0.9338      0.9338      0.8766
67      B         A           13           ALA           98.14            90     90     54     3.429     3.429     2.405     0.9088      0.9088      0.9088      0.8335
68      B         A           14           CYS           98.13            90     90     54     3.429     3.429     2.405     0.9265      0.9265      0.9265      0.8637
69      B         A           15           ILE           98.52            90     90     54     3.429     3.429     2.405     0.9309      0.9309      0.9309      0.8720
70      B         A           16           PRO           98.05            90     90     54     3.429     3.429     2.405     0.9184      0.9184      0.9184      0.8508
71      B         A           17           CYS           98.44            90     90     54     3.429     3.429     2.405     0.9031      0.9031      0.9031      0.8267
72      B         A           18           GLN           96.84            90     90     54     3.429     3.429     2.405     0.8650      0.8650      0.8650      0.7700
73      B         A           19           LEU           98.52            90     90     54     3.429     3.429     2.405     0.9172      0.9172      0.9172      0.8518
74      B         A           20           ARG           98.00            90     90     54     3.429     3.429     2.405     0.8631      0.8631      0.8631      0.7680
75      B         A           21           CYS           95.92            90     90     54     3.429     3.429     2.405     0.7787      0.7787      0.7787      0.6453
76      B         A           22           SER           92.25            90     90     54     3.429     3.429     2.405     0.6167      0.6167      0.6167      0.4594
77      B         A           23           SER           92.29            90     90     54     3.429     3.429     2.405     0.5701      0.5701      0.5701      0.4147
78      B         A           24           ASN           88.90            90     90     54     3.429     3.429     2.405     0.4787      0.4787      0.4787      0.3276
79      B         A           25           THR           91.25            90     90     54     3.429     3.429     2.405     0.5610      0.5610      0.5610      0.3981
80      B         A           26           PRO           95.78            90     90     54     3.429     3.429     2.405     0.6929      0.6929      0.6929      0.5369
81      B         A           27           PRO           96.95            90     90     54     3.429     3.429     2.405     0.7961      0.7961      0.7961      0.6675
82      B         A           28           LEU           95.19            90     90     54     3.429     3.429     2.405     0.7379      0.7379      0.7379      0.5896
83      B         A           29           THR           95.31            90     90     54     3.429     3.429     2.405     0.7290      0.7290      0.7290      0.5784
84      B         A           30           CYS           97.96            90     90     54     3.429     3.429     2.405     0.8221      0.8221      0.8221      0.7009
85      B         A           31           GLN           96.68            90     90     54     3.429     3.429     2.405     0.7747      0.7747      0.7747      0.6344
86      B         A           32           ARG           94.74            90     90     54     3.429     3.429     2.405     0.6285      0.6285      0.6285      0.4618
87      B         A           33           TYR           97.31            90     90     54     3.429     3.429     2.405     0.7673      0.7673      0.7673      0.6276
88      B         A           34           CYS           97.09            90     90     54     3.429     3.429     2.405     0.7151      0.7151      0.7151      0.5633
89      B         A           35           ASN           94.37            90     90     54     3.429     3.429     2.405     0.5351      0.5351      0.5351      0.3685
90      B         A           36           ALA           89.18            90     90     35     3.429     3.429     1.566     0.1331      0.1596      0.1596      0.0387
