i   AlignChn ScoredChain  AlignResNum  AlignResType  AlignRespLDDT      n0chn  n0dom  n0res    d0chn     d0dom     d0res   ipTM_pae  ipSAE_d0chn ipSAE_d0dom    ipSAE 
1       A         B            1           SER           83.25            90     90     17     3.429     3.429     1.001     0.1331      0.1807      0.1807      0.0191
2       A         B            2           ALA           91.45            90     90     36     3.429     3.429     1.621     0.3688      0.3688      0.3688      0.1233
3       A         B            3           SER           94.21            90     90     36     3.429     3.429     1.621     0.4472      0.4472      0.4472      0.1663
4       A         B            4           SER           95.20            90     90     36     3.429     3.429     1.621     0.5634      0.5634      0.5634      0.2445
5       A         B            5           ARG           95.20            90     90     36     3.429     3.429     1.621     0.7439      0.7439      0.7439      0.4204
6       A         B            6           GLN           95.01            90     90     36     3.429     3.429     1.621     0.7519      0.7519      0.7519      0.4332
7       A         B            7           SER           96.87            90     90     36     3.429     3.429     1.621     0.7417      0.7417      0.7417      0.4188
8       A         B            8           SER           97.79            90     90     36     3.429     3.429     1.621     0.8210      0.8210      0.8210      0.5327
9       A         B            9           LEU           98.05            90     90     36     3.429     3.429     1.621     0.8756      0.8756      0.8756      0.6342
10      A         B           10           SER           97.40            90     90     36     3.429     3.429     1.621     0.8519      0.8519      0.8519      0.5879
11      A         B           11           ARG           98.00            90     90     36     3.429     3.429     1.621     0.8701      0.8701      0.8701      0.6249
12      A         B           12           VAL           98.43            90     90     36     3.429     3.429     1.621     0.9031      0.9031      0.9031      0.6948
13      A         B           13           ALA           98.65            90     90     36     3.429     3.429     1.621     0.9204      0.9204      0.9204      0.7384
14      A         B           14           ARG           97.61            90     90     36     3.429     3.429     1.621     0.8919      0.8919      0.8919      0.6705
15      A         B           15           GLU           97.94            90     90     36     3.429     3.429     1.621     0.8926      0.8926      0.8926      0.6724
16      A         B           16           VAL           97.79            90     90     36     3.429     3.429     1.621     0.9076      0.9076      0.9076      0.7043
17      A         B           17           VAL           97.79            90     90     36     3.429     3.429     1.621     0.9012      0.9012      0.9012      0.6878
18      A         B           18           GLU           97.46            90     90     36     3.429     3.429     1.621     0.8845      0.8845      0.8845      0.6550
19      A         B           19           ARG           97.62            90     90     36     3.429     3.429     1.621     0.8587      0.8587      0.8587      0.5969
20      A         B           20           ALA           97.55            90     90     36     3.429     3.429     1.621     0.8505      0.8505      0.8505      0.5779
21      A         B           21           LEU           97.68            90     90     36     3.429     3.429     1.621     0.8491      0.8491      0.8491      0.5731
22      A         B           22           GLN           98.02            90     90     36     3.429     3.429     1.621     0.8381      0.8381      0.8381      0.5560
23      A         B           23           ASP           98.28            90     90     36     3.429     3.429     1.621     0.8260      0.8260      0.8260      0.5278
24      A         B           24           PRO           98.00            90     90     36     3.429     3.429     1.621     0.7606      0.7606      0.7606      0.4281
25      A         B           25           ALA           98.50            90     90     36     3.429     3.429     1.621     0.8035      0.8035      0.8035      0.4918
26      A         B           26           LEU           98.13            90     90     36     3.429     3.429     1.621     0.9078      0.9078      0.9078      0.6980
27      A         B           27           ARG           98.09            90     90     36     3.429     3.429     1.621     0.8995      0.8995      0.8995      0.6763
28      A         B           28           GLN           97.84            90     90     36     3.429     3.429     1.621     0.8920      0.8920      0.8920      0.6594
29      A         B           29           ILE           98.31            90     90     36     3.429     3.429     1.621     0.9226      0.9226      0.9226      0.7382
30      A         B           30           VAL           98.71            90     90     36     3.429     3.429     1.621     0.9486      0.9486      0.9486      0.8137
31      A         B           31           SER           98.38            90     90     36     3.429     3.429     1.621     0.9361      0.9361      0.9361      0.7748
32      A         B           32           GLU           97.90            90     90     36     3.429     3.429     1.621     0.9208      0.9208      0.9208      0.7317
33      A         B           33           MET           98.50            90     90     36     3.429     3.429     1.621     0.9384      0.9384      0.9384      0.7847
34      A         B           34           LEU           98.50            90     90     36     3.429     3.429     1.621     0.9482      0.9482      0.9482      0.8114
35      A         B           35           ASN           97.92            90     90     36     3.429     3.429     1.621     0.9203      0.9203      0.9203      0.7318
36      A         B           36           SER           96.40            90     90     36     3.429     3.429     1.621     0.8779      0.8779      0.8779      0.6299
37      A         B           37           GLU           95.74            90     90     36     3.429     3.429     1.621     0.8791      0.8791      0.8791      0.6300
38      A         B           38           GLU           97.49            90     90     36     3.429     3.429     1.621     0.8443      0.8443      0.8443      0.5623
39      A         B           39           GLY           98.09            90     90     36     3.429     3.429     1.621     0.8933      0.8933      0.8933      0.6682
40      A         B           40           ARG           97.97            90     90     36     3.429     3.429     1.621     0.9090      0.9090      0.9090      0.7032
41      A         B           41           GLN           98.55            90     90     36     3.429     3.429     1.621     0.9182      0.9182      0.9182      0.7268
42      A         B           42           GLU           98.56            90     90     36     3.429     3.429     1.621     0.9040      0.9040      0.9040      0.6919
43      A         B           43           LEU           98.65            90     90     36     3.429     3.429     1.621     0.9253      0.9253      0.9253      0.7480
44      A         B           44           LEU           98.65            90     90     36     3.429     3.429     1.621     0.9264      0.9264      0.9264      0.7501
45      A         B           45           LYS           98.72            90     90     36     3.429     3.429     1.621     0.9043      0.9043      0.9043      0.6943
46      A         B           46           ILE           98.07            90     90     36     3.429     3.429     1.621     0.9104      0.9104      0.9104      0.7087
47      A         B           47           VAL           98.61            90     90     36     3.429     3.429     1.621     0.9079      0.9079      0.9079      0.7043
48      A         B           48           GLU           98.14            90     90     36     3.429     3.429     1.621     0.9078      0.9078      0.9078      0.7023
49      A         B           49           GLU           98.48            90     90     36     3.429     3.429     1.621     0.8484      0.8484      0.8484      0.5764
50      A         B           50           LYS           97.76            90     90     36     3.429     3.429     1.621     0.8444      0.8444      0.8444      0.5683
51      A         B           51           ILE           97.68            90     90     36     3.429     3.429     1.621     0.8217      0.8217      0.8217      0.5250
52      A         B           52           LYS           97.37            90     90     36     3.429     3.429     1.621     0.7511      0.7511      0.7511      0.4219
53      A         B           53           LEU           96.38            90     90     36     3.429     3.429     1.621     0.5444      0.5444      0.5444      0.2229
54      A         B           54           SER           84.09            90     90     27     3.429     3.429     1.039     0.1300      0.1433      0.1433      0.0153
55      B         A            1           CYS           95.62            90     90     54     3.429     3.429     2.405     0.4655      0.4655      0.4655      0.3046
56      B         A            2           SER           91.58            90     90     54     3.429     3.429     2.405     0.5275      0.5275      0.5275      0.3621
57      B         A            3           GLN           94.69            90     90     54     3.429     3.429     2.405     0.4599      0.4599      0.4599      0.3008
58      B         A            4           ASN           96.13            90     90     54     3.429     3.429     2.405     0.7425      0.7425      0.7425      0.5973
59      B         A            5           GLU           97.98            90     90     54     3.429     3.429     2.405     0.8667      0.8667      0.8667      0.7677
60      B         A            6           TYR           98.05            90     90     54     3.429     3.429     2.405     0.9076      0.9076      0.9076      0.8325
61      B         A            7           PHE           98.03            90     90     54     3.429     3.429     2.405     0.9214      0.9214      0.9214      0.8559
62      B         A            8           ASP           98.45            90     90     54     3.429     3.429     2.405     0.9319      0.9319      0.9319      0.8739
63      B         A            9           SER           96.79            90     90     54     3.429     3.429     2.405     0.8643      0.8643      0.8643      0.7633
64      B         A           10           LEU           97.71            90     90     54     3.429     3.429     2.405     0.9293      0.9293      0.9293      0.8695
65      B         A           11           LEU           98.40            90     90     54     3.429     3.429     2.405     0.9363      0.9363      0.9363      0.8821
66      B         A           12           HIS           97.74            90     90     54     3.429     3.429     2.405     0.9233      0.9233      0.9233      0.8592
67      B         A           13           ALA           98.14            90     90     54     3.429     3.429     2.405     0.9005      0.9005      0.9005      0.8203
68      B         A           14           CYS           98.07            90     90     54     3.429     3.429     2.405     0.9191      0.9191      0.9191      0.8515
69      B         A           15           ILE           98.50            90     90     54     3.429     3.429     2.405     0.9238      0.9238      0.9238      0.8607
70      B         A           16           PRO           98.08            90     90     54     3.429     3.429     2.405     0.9113      0.9113      0.9113      0.8396
71      B         A           17           CYS           98.46            90     90     54     3.429     3.429     2.405     0.8952      0.8952      0.8952      0.8146
72      B         A           18           GLN           96.74            90     90     54     3.429     3.429     2.405     0.8535      0.8535      0.8535      0.7540
73      B         A           19           LEU           98.44            90     90     54     3.429     3.429     2.405     0.9087      0.9087      0.9087      0.8387
74      B         A           20           ARG           97.94            90     90     54     3.429     3.429     2.405     0.8480      0.8480      0.8480      0.7464
75      B         A           21           CYS           95.84            90     90     54     3.429     3.429     2.405     0.7556      0.7556      0.7556      0.6157
76      B         A           22           SER           91.78            90     90     54     3.429     3.429     2.405     0.5750      0.5750      0.5750      0.4167
77      B         A           23           SER           91.26            90     90     54     3.429     3.429     2.405     0.5062      0.5062      0.5062      0.3529
78      B         A           24           ASN           87.67            90     90     54     3.429     3.429     2.405     0.4266      0.4266      0.4266      0.2816
79      B         A           25           THR           90.67            90     90     54     3.429     3.429     2.405     0.5015      0.5015      0.5015      0.3421
80      B         A           26           PRO           95.57            90     90     54     3.429     3.429     2.405     0.6644      0.6644      0.6644      0.5044
81      B         A           27           PRO           96.97            90     90     54     3.429     3.429     2.405     0.7768      0.7768      0.7768      0.6416
82      B         A           28           LEU           95.12            90     90     54     3.429     3.429     2.405     0.7177      0.7177      0.7177      0.5654
83      B         A           29           THR           95.38            90     90     54     3.429     3.429     2.405     0.7091      0.7091      0.7091      0.5543
84      B         A           30           CYS           97.97            90     90     54     3.429     3.429     2.405     0.8064      0.8064      0.8064      0.6792
85      B         A           31           GLN           96.81            90     90     54     3.429     3.429     2.405     0.7530      0.7530      0.7530      0.6064
86      B         A           32           ARG           94.90            90     90     54     3.429     3.429     2.405     0.6038      0.6038      0.6038      0.4364
87      B         A           33           TYR           97.53            90     90     54     3.429     3.429     2.405     0.7619      0.7619      0.7619      0.6205
88      B         A           34           CYS           97.06            90     90     54     3.429     3.429     2.405     0.6903      0.6903      0.6903      0.5338
89      B         A           35           ASN           94.80            90     90     54     3.429     3.429     2.405     0.4977      0.4977      0.4977      0.3338
90      B         A           36           ALA           88.43            90     90     28     3.429     3.429     1.116     0.1166      0.1505      0.1505      0.0187
