i   AlignChn ScoredChain  AlignResNum  AlignResType  AlignRespLDDT      n0chn  n0dom  n0res    d0chn     d0dom     d0res   ipTM_pae  ipSAE_d0chn ipSAE_d0dom    ipSAE 
1       A         B            1           SER           83.70            90     90     36     3.429     3.429     1.621     0.2339      0.2339      0.2339      0.0679
2       A         B            2           MET           88.35            90     90     36     3.429     3.429     1.621     0.5424      0.5424      0.5424      0.2295
3       A         B            3           GLU           92.63            90     90     36     3.429     3.429     1.621     0.5722      0.5722      0.5722      0.2527
4       A         B            4           GLU           92.54            90     90     36     3.429     3.429     1.621     0.6689      0.6689      0.6689      0.3372
5       A         B            5           LYS           89.67            90     90     36     3.429     3.429     1.621     0.7429      0.7429      0.7429      0.4204
6       A         B            6           MET           90.28            90     90     36     3.429     3.429     1.621     0.7370      0.7370      0.7370      0.4118
7       A         B            7           LYS           93.34            90     90     36     3.429     3.429     1.621     0.7482      0.7482      0.7482      0.4273
8       A         B            8           LYS           92.73            90     90     36     3.429     3.429     1.621     0.7985      0.7985      0.7985      0.4984
9       A         B            9           LEU           92.73            90     90     36     3.429     3.429     1.621     0.8312      0.8312      0.8312      0.5497
10      A         B           10           SER           93.67            90     90     36     3.429     3.429     1.621     0.8131      0.8131      0.8131      0.5210
11      A         B           11           GLU           94.37            90     90     36     3.429     3.429     1.621     0.8297      0.8297      0.8297      0.5477
12      A         B           12           PHE           94.61            90     90     36     3.429     3.429     1.621     0.8642      0.8642      0.8642      0.6091
13      A         B           13           ALA           95.47            90     90     36     3.429     3.429     1.621     0.8675      0.8675      0.8675      0.6148
14      A         B           14           LYS           94.30            90     90     36     3.429     3.429     1.621     0.8486      0.8486      0.8486      0.5794
15      A         B           15           GLU           94.28            90     90     36     3.429     3.429     1.621     0.8567      0.8567      0.8567      0.5932
16      A         B           16           ILE           93.96            90     90     36     3.429     3.429     1.621     0.8318      0.8318      0.8318      0.5398
17      A         B           17           VAL           96.19            90     90     36     3.429     3.429     1.621     0.8685      0.8685      0.8685      0.6102
18      A         B           18           GLU           95.98            90     90     36     3.429     3.429     1.621     0.8554      0.8554      0.8554      0.5902
19      A         B           19           GLU           94.73            90     90     36     3.429     3.429     1.621     0.8319      0.8319      0.8319      0.5440
20      A         B           20           ALA           96.85            90     90     36     3.429     3.429     1.621     0.8335      0.8335      0.8335      0.5412
21      A         B           21           LEU           96.22            90     90     36     3.429     3.429     1.621     0.8117      0.8117      0.8117      0.5020
22      A         B           22           LYS           96.52            90     90     36     3.429     3.429     1.621     0.7773      0.7773      0.7773      0.4557
23      A         B           23           ASP           96.82            90     90     36     3.429     3.429     1.621     0.7888      0.7888      0.7888      0.4670
24      A         B           24           PRO           96.71            90     90     36     3.429     3.429     1.621     0.7505      0.7505      0.7505      0.4141
25      A         B           25           GLU           97.28            90     90     36     3.429     3.429     1.621     0.7851      0.7851      0.7851      0.4616
26      A         B           26           LYS           96.69            90     90     36     3.429     3.429     1.621     0.8788      0.8788      0.8788      0.6310
27      A         B           27           PHE           97.55            90     90     36     3.429     3.429     1.621     0.8992      0.8992      0.8992      0.6744
28      A         B           28           LYS           96.53            90     90     36     3.429     3.429     1.621     0.8671      0.8671      0.8671      0.6036
29      A         B           29           GLU           96.82            90     90     36     3.429     3.429     1.621     0.9028      0.9028      0.9028      0.6877
30      A         B           30           VAL           97.32            90     90     36     3.429     3.429     1.621     0.9296      0.9296      0.9296      0.7561
31      A         B           31           SER           96.96            90     90     36     3.429     3.429     1.621     0.9132      0.9132      0.9132      0.7115
32      A         B           32           TRP           96.55            90     90     36     3.429     3.429     1.621     0.9149      0.9149      0.9149      0.7163
33      A         B           33           MET           96.77            90     90     36     3.429     3.429     1.621     0.9182      0.9182      0.9182      0.7263
34      A         B           34           LEU           96.69            90     90     36     3.429     3.429     1.621     0.9255      0.9255      0.9255      0.7444
35      A         B           35           ASP           93.48            90     90     36     3.429     3.429     1.621     0.8651      0.8651      0.8651      0.6031
36      A         B           36           THR           95.22            90     90     36     3.429     3.429     1.621     0.8871      0.8871      0.8871      0.6481
37      A         B           37           GLU           93.83            90     90     36     3.429     3.429     1.621     0.8493      0.8493      0.8493      0.5682
38      A         B           38           GLU           96.53            90     90     36     3.429     3.429     1.621     0.8284      0.8284      0.8284      0.5324
39      A         B           39           GLY           96.57            90     90     36     3.429     3.429     1.621     0.8519      0.8519      0.8519      0.5787
40      A         B           40           ARG           94.21            90     90     36     3.429     3.429     1.621     0.8636      0.8636      0.8636      0.5984
41      A         B           41           LYS           96.27            90     90     36     3.429     3.429     1.621     0.8622      0.8622      0.8622      0.5954
42      A         B           42           LYS           96.80            90     90     36     3.429     3.429     1.621     0.8577      0.8577      0.8577      0.5882
43      A         B           43           LEU           96.12            90     90     36     3.429     3.429     1.621     0.8634      0.8634      0.8634      0.6007
44      A         B           44           LYS           92.91            90     90     36     3.429     3.429     1.621     0.8434      0.8434      0.8434      0.5631
45      A         B           45           GLU           95.23            90     90     36     3.429     3.429     1.621     0.7634      0.7634      0.7634      0.4355
46      A         B           46           ILE           95.36            90     90     36     3.429     3.429     1.621     0.8301      0.8301      0.8301      0.5387
47      A         B           47           VAL           92.95            90     90     36     3.429     3.429     1.621     0.7886      0.7886      0.7886      0.4747
48      A         B           48           GLU           92.74            90     90     36     3.429     3.429     1.621     0.7864      0.7864      0.7864      0.4695
49      A         B           49           LYS           95.59            90     90     36     3.429     3.429     1.621     0.7339      0.7339      0.7339      0.3999
50      A         B           50           LYS           91.26            90     90     36     3.429     3.429     1.621     0.6984      0.6984      0.6984      0.3582
51      A         B           51           ILE           90.74            90     90     36     3.429     3.429     1.621     0.6737      0.6737      0.6737      0.3318
52      A         B           52           LYS           91.88            90     90     36     3.429     3.429     1.621     0.6465      0.6465      0.6465      0.3053
53      A         B           53           GLU           90.52            90     90     36     3.429     3.429     1.621     0.4650      0.4650      0.4650      0.1734
54      A         B           54           SER           75.67            90     90     13     3.429     3.429     1.001     0.1091      0.1499      0.1499      0.0150
55      B         A            1           CYS           94.20            90     90     54     3.429     3.429     2.405     0.4385      0.4385      0.4385      0.2814
56      B         A            2           SER           89.44            90     90     54     3.429     3.429     2.405     0.4872      0.4872      0.4872      0.3239
57      B         A            3           GLN           90.80            90     90     54     3.429     3.429     2.405     0.3839      0.3839      0.3839      0.2386
58      B         A            4           ASN           93.82            90     90     54     3.429     3.429     2.405     0.6819      0.6819      0.6819      0.5227
59      B         A            5           GLU           96.72            90     90     54     3.429     3.429     2.405     0.8322      0.8322      0.8322      0.7159
60      B         A            6           TYR           96.95            90     90     54     3.429     3.429     2.405     0.8788      0.8788      0.8788      0.7858
61      B         A            7           PHE           96.28            90     90     54     3.429     3.429     2.405     0.8902      0.8902      0.8902      0.8033
62      B         A            8           ASP           96.56            90     90     54     3.429     3.429     2.405     0.8947      0.8947      0.8947      0.8101
63      B         A            9           SER           91.80            90     90     54     3.429     3.429     2.405     0.8000      0.8000      0.8000      0.6687
64      B         A           10           LEU           92.69            90     90     54     3.429     3.429     2.405     0.8803      0.8803      0.8803      0.7874
65      B         A           11           LEU           95.69            90     90     54     3.429     3.429     2.405     0.8948      0.8948      0.8948      0.8105
66      B         A           12           HIS           92.75            90     90     54     3.429     3.429     2.405     0.8691      0.8691      0.8691      0.7697
67      B         A           13           ALA           95.21            90     90     54     3.429     3.429     2.405     0.8633      0.8633      0.8633      0.7600
68      B         A           14           CYS           96.40            90     90     54     3.429     3.429     2.405     0.8893      0.8893      0.8893      0.8021
69      B         A           15           ILE           97.20            90     90     54     3.429     3.429     2.405     0.8968      0.8968      0.8968      0.8147
70      B         A           16           PRO           96.74            90     90     54     3.429     3.429     2.405     0.8792      0.8792      0.8792      0.7874
71      B         A           17           CYS           97.36            90     90     54     3.429     3.429     2.405     0.8727      0.8727      0.8727      0.7801
72      B         A           18           GLN           95.89            90     90     54     3.429     3.429     2.405     0.8447      0.8447      0.8447      0.7407
73      B         A           19           LEU           97.27            90     90     54     3.429     3.429     2.405     0.8883      0.8883      0.8883      0.8061
74      B         A           20           ARG           96.48            90     90     54     3.429     3.429     2.405     0.8338      0.8338      0.8338      0.7252
75      B         A           21           CYS           94.95            90     90     54     3.429     3.429     2.405     0.7444      0.7444      0.7444      0.6028
76      B         A           22           SER           88.04            90     90     54     3.429     3.429     2.405     0.5483      0.5483      0.5483      0.3911
77      B         A           23           SER           89.00            90     90     54     3.429     3.429     2.405     0.5149      0.5149      0.5149      0.3607
78      B         A           24           ASN           84.86            90     90     54     3.429     3.429     2.405     0.4451      0.4451      0.4451      0.2980
79      B         A           25           THR           87.44            90     90     54     3.429     3.429     2.405     0.4957      0.4957      0.4957      0.3371
80      B         A           26           PRO           93.75            90     90     54     3.429     3.429     2.405     0.6373      0.6373      0.6373      0.4747
81      B         A           27           PRO           94.64            90     90     54     3.429     3.429     2.405     0.7468      0.7468      0.7468      0.6028
82      B         A           28           LEU           92.60            90     90     54     3.429     3.429     2.405     0.6764      0.6764      0.6764      0.5158
83      B         A           29           THR           92.43            90     90     54     3.429     3.429     2.405     0.6616      0.6616      0.6616      0.4991
84      B         A           30           CYS           96.58            90     90     54     3.429     3.429     2.405     0.7727      0.7727      0.7727      0.6341
85      B         A           31           GLN           94.91            90     90     54     3.429     3.429     2.405     0.7075      0.7075      0.7075      0.5502
86      B         A           32           ARG           92.50            90     90     54     3.429     3.429     2.405     0.5656      0.5656      0.5656      0.3974
87      B         A           33           TYR           95.35            90     90     54     3.429     3.429     2.405     0.7178      0.7178      0.7178      0.5655
88      B         A           34           CYS           95.74            90     90     54     3.429     3.429     2.405     0.6590      0.6590      0.6590      0.4983
89      B         A           35           ASN           91.29            90     90     54     3.429     3.429     2.405     0.4606      0.4606      0.4606      0.3015
90      B         A           36           ALA           80.02            90     90     20     3.429     3.429     1.001     0.1035      0.1483      0.1483      0.0147
