i   AlignChn ScoredChain  AlignResNum  AlignResType  AlignRespLDDT      n0chn  n0dom  n0res    d0chn     d0dom     d0res   ipTM_pae  ipSAE_d0chn ipSAE_d0dom    ipSAE 
1       A         B            1           SER           83.28            90     90     35     3.429     3.429     1.566     0.1938      0.1964      0.1964      0.0507
2       A         B            2           MET           87.62            90     90     36     3.429     3.429     1.621     0.4829      0.4829      0.4829      0.1846
3       A         B            3           GLU           91.73            90     90     36     3.429     3.429     1.621     0.5226      0.5226      0.5226      0.2110
4       A         B            4           GLU           92.00            90     90     36     3.429     3.429     1.621     0.6188      0.6188      0.6188      0.2844
5       A         B            5           LYS           89.80            90     90     36     3.429     3.429     1.621     0.6959      0.6959      0.6959      0.3580
6       A         B            6           MET           88.11            90     90     36     3.429     3.429     1.621     0.6911      0.6911      0.6911      0.3536
7       A         B            7           LYS           92.46            90     90     36     3.429     3.429     1.621     0.6944      0.6944      0.6944      0.3575
8       A         B            8           LYS           92.48            90     90     36     3.429     3.429     1.621     0.7441      0.7441      0.7441      0.4186
9       A         B            9           LEU           92.02            90     90     36     3.429     3.429     1.621     0.7846      0.7846      0.7846      0.4688
10      A         B           10           SER           90.97            90     90     36     3.429     3.429     1.621     0.7482      0.7482      0.7482      0.4217
11      A         B           11           GLU           94.10            90     90     36     3.429     3.429     1.621     0.7762      0.7762      0.7762      0.4606
12      A         B           12           PHE           94.42            90     90     36     3.429     3.429     1.621     0.8262      0.8262      0.8262      0.5340
13      A         B           13           ALA           94.46            90     90     36     3.429     3.429     1.621     0.8239      0.8239      0.8239      0.5305
14      A         B           14           LYS           93.77            90     90     36     3.429     3.429     1.621     0.8029      0.8029      0.8029      0.4993
15      A         B           15           GLU           94.60            90     90     36     3.429     3.429     1.621     0.8304      0.8304      0.8304      0.5422
16      A         B           16           ILE           94.72            90     90     36     3.429     3.429     1.621     0.8363      0.8363      0.8363      0.5468
17      A         B           17           VAL           95.90            90     90     36     3.429     3.429     1.621     0.8488      0.8488      0.8488      0.5705
18      A         B           18           GLU           96.14            90     90     36     3.429     3.429     1.621     0.8373      0.8373      0.8373      0.5546
19      A         B           19           GLU           95.05            90     90     36     3.429     3.429     1.621     0.8230      0.8230      0.8230      0.5273
20      A         B           20           ALA           96.92            90     90     36     3.429     3.429     1.621     0.8351      0.8351      0.8351      0.5435
21      A         B           21           LEU           96.40            90     90     36     3.429     3.429     1.621     0.8158      0.8158      0.8158      0.5088
22      A         B           22           LYS           96.65            90     90     36     3.429     3.429     1.621     0.7764      0.7764      0.7764      0.4540
23      A         B           23           ASP           97.05            90     90     36     3.429     3.429     1.621     0.7907      0.7907      0.7907      0.4693
24      A         B           24           PRO           96.87            90     90     36     3.429     3.429     1.621     0.7644      0.7644      0.7644      0.4319
25      A         B           25           GLU           97.49            90     90     36     3.429     3.429     1.621     0.8015      0.8015      0.8015      0.4874
26      A         B           26           LYS           96.95            90     90     36     3.429     3.429     1.621     0.8916      0.8916      0.8916      0.6593
27      A         B           27           PHE           97.64            90     90     36     3.429     3.429     1.621     0.9057      0.9057      0.9057      0.6901
28      A         B           28           LYS           96.70            90     90     36     3.429     3.429     1.621     0.8773      0.8773      0.8773      0.6248
29      A         B           29           GLU           96.75            90     90     36     3.429     3.429     1.621     0.9085      0.9085      0.9085      0.7011
30      A         B           30           VAL           97.38            90     90     36     3.429     3.429     1.621     0.9348      0.9348      0.9348      0.7711
31      A         B           31           SER           97.09            90     90     36     3.429     3.429     1.621     0.9176      0.9176      0.9176      0.7225
32      A         B           32           TRP           96.77            90     90     36     3.429     3.429     1.621     0.9208      0.9208      0.9208      0.7313
33      A         B           33           MET           96.88            90     90     36     3.429     3.429     1.621     0.9239      0.9239      0.9239      0.7410
34      A         B           34           LEU           96.75            90     90     36     3.429     3.429     1.621     0.9310      0.9310      0.9310      0.7594
35      A         B           35           ASP           93.85            90     90     36     3.429     3.429     1.621     0.8737      0.8737      0.8737      0.6209
36      A         B           36           THR           95.51            90     90     36     3.429     3.429     1.621     0.8964      0.8964      0.8964      0.6686
37      A         B           37           GLU           94.36            90     90     36     3.429     3.429     1.621     0.8611      0.8611      0.8611      0.5906
38      A         B           38           GLU           96.76            90     90     36     3.429     3.429     1.621     0.8386      0.8386      0.8386      0.5508
39      A         B           39           GLY           96.77            90     90     36     3.429     3.429     1.621     0.8577      0.8577      0.8577      0.5907
40      A         B           40           ARG           95.16            90     90     36     3.429     3.429     1.621     0.8858      0.8858      0.8858      0.6451
41      A         B           41           LYS           96.92            90     90     36     3.429     3.429     1.621     0.8724      0.8724      0.8724      0.6156
42      A         B           42           LYS           97.13            90     90     36     3.429     3.429     1.621     0.8757      0.8757      0.8757      0.6247
43      A         B           43           LEU           96.56            90     90     36     3.429     3.429     1.621     0.8948      0.8948      0.8948      0.6687
44      A         B           44           LYS           95.84            90     90     36     3.429     3.429     1.621     0.8832      0.8832      0.8832      0.6412
45      A         B           45           GLU           97.17            90     90     36     3.429     3.429     1.621     0.8485      0.8485      0.8485      0.5719
46      A         B           46           ILE           96.01            90     90     36     3.429     3.429     1.621     0.8693      0.8693      0.8693      0.6128
47      A         B           47           VAL           94.61            90     90     36     3.429     3.429     1.621     0.8364      0.8364      0.8364      0.5524
48      A         B           48           GLU           94.40            90     90     36     3.429     3.429     1.621     0.8368      0.8368      0.8368      0.5502
49      A         B           49           LYS           95.64            90     90     36     3.429     3.429     1.621     0.7735      0.7735      0.7735      0.4519
50      A         B           50           LYS           91.85            90     90     36     3.429     3.429     1.621     0.7353      0.7353      0.7353      0.4020
51      A         B           51           ILE           91.49            90     90     36     3.429     3.429     1.621     0.7166      0.7166      0.7166      0.3790
52      A         B           52           LYS           91.53            90     90     36     3.429     3.429     1.621     0.6657      0.6657      0.6657      0.3250
53      A         B           53           GLU           87.89            90     90     36     3.429     3.429     1.621     0.4259      0.4259      0.4259      0.1523
54      A         B           54           SER           71.56            90     90      9     3.429     3.429     1.001     0.0927      0.1488      0.1488      0.0148
55      B         A            1           CYS           93.80            90     90     54     3.429     3.429     2.405     0.4674      0.4674      0.4674      0.3048
56      B         A            2           SER           91.28            90     90     54     3.429     3.429     2.405     0.5527      0.5527      0.5527      0.3823
57      B         A            3           GLN           91.76            90     90     54     3.429     3.429     2.405     0.4072      0.4072      0.4072      0.2570
58      B         A            4           ASN           93.84            90     90     54     3.429     3.429     2.405     0.6980      0.6980      0.6980      0.5432
59      B         A            5           GLU           96.47            90     90     54     3.429     3.429     2.405     0.8322      0.8322      0.8322      0.7158
60      B         A            6           TYR           96.55            90     90     54     3.429     3.429     2.405     0.8793      0.8793      0.8793      0.7867
61      B         A            7           PHE           94.78            90     90     54     3.429     3.429     2.405     0.8865      0.8865      0.8865      0.7979
62      B         A            8           ASP           95.57            90     90     54     3.429     3.429     2.405     0.8966      0.8966      0.8966      0.8144
63      B         A            9           SER           91.72            90     90     54     3.429     3.429     2.405     0.8296      0.8296      0.8296      0.7113
64      B         A           10           LEU           93.52            90     90     54     3.429     3.429     2.405     0.8908      0.8908      0.8908      0.8050
65      B         A           11           LEU           94.76            90     90     54     3.429     3.429     2.405     0.8977      0.8977      0.8977      0.8162
66      B         A           12           HIS           91.56            90     90     54     3.429     3.429     2.405     0.8685      0.8685      0.8685      0.7700
67      B         A           13           ALA           93.68            90     90     54     3.429     3.429     2.405     0.8529      0.8529      0.8529      0.7442
68      B         A           14           CYS           95.13            90     90     54     3.429     3.429     2.405     0.8779      0.8779      0.8779      0.7843
69      B         A           15           ILE           96.51            90     90     54     3.429     3.429     2.405     0.8903      0.8903      0.8903      0.8044
70      B         A           16           PRO           96.58            90     90     54     3.429     3.429     2.405     0.8750      0.8750      0.8750      0.7808
71      B         A           17           CYS           97.53            90     90     54     3.429     3.429     2.405     0.8697      0.8697      0.8697      0.7755
72      B         A           18           GLN           96.10            90     90     54     3.429     3.429     2.405     0.8391      0.8391      0.8391      0.7333
73      B         A           19           LEU           97.32            90     90     54     3.429     3.429     2.405     0.8826      0.8826      0.8826      0.7980
74      B         A           20           ARG           96.54            90     90     54     3.429     3.429     2.405     0.8283      0.8283      0.8283      0.7180
75      B         A           21           CYS           95.14            90     90     54     3.429     3.429     2.405     0.7361      0.7361      0.7361      0.5923
76      B         A           22           SER           88.54            90     90     54     3.429     3.429     2.405     0.5509      0.5509      0.5509      0.3934
77      B         A           23           SER           89.64            90     90     54     3.429     3.429     2.405     0.5207      0.5207      0.5207      0.3670
78      B         A           24           ASN           85.98            90     90     54     3.429     3.429     2.405     0.4482      0.4482      0.4482      0.3013
79      B         A           25           THR           88.71            90     90     54     3.429     3.429     2.405     0.5037      0.5037      0.5037      0.3451
80      B         A           26           PRO           94.63            90     90     54     3.429     3.429     2.405     0.6533      0.6533      0.6533      0.4921
81      B         A           27           PRO           95.02            90     90     54     3.429     3.429     2.405     0.7539      0.7539      0.7539      0.6120
82      B         A           28           LEU           93.19            90     90     54     3.429     3.429     2.405     0.6908      0.6908      0.6908      0.5334
83      B         A           29           THR           93.37            90     90     54     3.429     3.429     2.405     0.6701      0.6701      0.6701      0.5096
84      B         A           30           CYS           96.93            90     90     54     3.429     3.429     2.405     0.7776      0.7776      0.7776      0.6407
85      B         A           31           GLN           95.55            90     90     54     3.429     3.429     2.405     0.7274      0.7274      0.7274      0.5749
86      B         A           32           ARG           93.61            90     90     54     3.429     3.429     2.405     0.5712      0.5712      0.5712      0.4030
87      B         A           33           TYR           95.93            90     90     54     3.429     3.429     2.405     0.7202      0.7202      0.7202      0.5693
88      B         A           34           CYS           96.16            90     90     54     3.429     3.429     2.405     0.6533      0.6533      0.6533      0.4930
89      B         A           35           ASN           91.39            90     90     54     3.429     3.429     2.405     0.4493      0.4493      0.4493      0.2919
90      B         A           36           ALA           82.95            90     90     19     3.429     3.429     1.001     0.1045      0.1502      0.1502      0.0149
