i   AlignChn ScoredChain  AlignResNum  AlignResType  AlignRespLDDT      n0chn  n0dom  n0res    d0chn     d0dom     d0res   ipTM_pae  ipSAE_d0chn ipSAE_d0dom    ipSAE 
1       A         B            1           SER           82.31            90     90     36     3.429     3.429     1.621     0.2123      0.2123      0.2123      0.0595
2       A         B            2           MET           87.28            90     90     36     3.429     3.429     1.621     0.5436      0.5436      0.5436      0.2271
3       A         B            3           GLU           91.28            90     90     36     3.429     3.429     1.621     0.5882      0.5882      0.5882      0.2618
4       A         B            4           GLU           91.31            90     90     36     3.429     3.429     1.621     0.6733      0.6733      0.6733      0.3373
5       A         B            5           LYS           89.84            90     90     36     3.429     3.429     1.621     0.7582      0.7582      0.7582      0.4339
6       A         B            6           MET           89.04            90     90     36     3.429     3.429     1.621     0.7488      0.7488      0.7488      0.4223
7       A         B            7           LYS           92.27            90     90     36     3.429     3.429     1.621     0.7621      0.7621      0.7621      0.4403
8       A         B            8           LYS           92.06            90     90     36     3.429     3.429     1.621     0.7979      0.7979      0.7979      0.4931
9       A         B            9           LEU           92.98            90     90     36     3.429     3.429     1.621     0.8410      0.8410      0.8410      0.5619
10      A         B           10           SER           91.32            90     90     36     3.429     3.429     1.621     0.8057      0.8057      0.8057      0.5061
11      A         B           11           GLU           93.59            90     90     36     3.429     3.429     1.621     0.8267      0.8267      0.8267      0.5394
12      A         B           12           PHE           94.65            90     90     36     3.429     3.429     1.621     0.8788      0.8788      0.8788      0.6358
13      A         B           13           ALA           94.87            90     90     36     3.429     3.429     1.621     0.8755      0.8755      0.8755      0.6285
14      A         B           14           LYS           93.96            90     90     36     3.429     3.429     1.621     0.8507      0.8507      0.8507      0.5820
15      A         B           15           GLU           94.84            90     90     36     3.429     3.429     1.621     0.8663      0.8663      0.8663      0.6097
16      A         B           16           ILE           94.93            90     90     36     3.429     3.429     1.621     0.8723      0.8723      0.8723      0.6160
17      A         B           17           VAL           95.87            90     90     36     3.429     3.429     1.621     0.8884      0.8884      0.8884      0.6531
18      A         B           18           GLU           96.00            90     90     36     3.429     3.429     1.621     0.8687      0.8687      0.8687      0.6150
19      A         B           19           GLU           94.73            90     90     36     3.429     3.429     1.621     0.8471      0.8471      0.8471      0.5707
20      A         B           20           ALA           97.00            90     90     36     3.429     3.429     1.621     0.8705      0.8705      0.8705      0.6125
21      A         B           21           LEU           96.13            90     90     36     3.429     3.429     1.621     0.8390      0.8390      0.8390      0.5491
22      A         B           22           LYS           96.32            90     90     36     3.429     3.429     1.621     0.7969      0.7969      0.7969      0.4840
23      A         B           23           ASP           96.67            90     90     36     3.429     3.429     1.621     0.7992      0.7992      0.7992      0.4822
24      A         B           24           PRO           96.71            90     90     36     3.429     3.429     1.621     0.7736      0.7736      0.7736      0.4451
25      A         B           25           GLU           97.44            90     90     36     3.429     3.429     1.621     0.8176      0.8176      0.8176      0.5135
26      A         B           26           LYS           97.04            90     90     36     3.429     3.429     1.621     0.9058      0.9058      0.9058      0.6925
27      A         B           27           PHE           97.57            90     90     36     3.429     3.429     1.621     0.9187      0.9187      0.9187      0.7233
28      A         B           28           LYS           96.72            90     90     36     3.429     3.429     1.621     0.8910      0.8910      0.8910      0.6556
29      A         B           29           GLU           97.04            90     90     36     3.429     3.429     1.621     0.9208      0.9208      0.9208      0.7321
30      A         B           30           VAL           97.52            90     90     36     3.429     3.429     1.621     0.9448      0.9448      0.9448      0.7999
31      A         B           31           SER           97.08            90     90     36     3.429     3.429     1.621     0.9287      0.9287      0.9287      0.7519
32      A         B           32           TRP           96.86            90     90     36     3.429     3.429     1.621     0.9340      0.9340      0.9340      0.7675
33      A         B           33           MET           97.04            90     90     36     3.429     3.429     1.621     0.9355      0.9355      0.9355      0.7733
34      A         B           34           LEU           96.76            90     90     36     3.429     3.429     1.621     0.9409      0.9409      0.9409      0.7875
35      A         B           35           ASP           93.59            90     90     36     3.429     3.429     1.621     0.8899      0.8899      0.8899      0.6567
36      A         B           36           THR           95.53            90     90     36     3.429     3.429     1.621     0.9105      0.9105      0.9105      0.7030
37      A         B           37           GLU           94.21            90     90     36     3.429     3.429     1.621     0.8805      0.8805      0.8805      0.6315
38      A         B           38           GLU           96.56            90     90     36     3.429     3.429     1.621     0.8562      0.8562      0.8562      0.5838
39      A         B           39           GLY           96.87            90     90     36     3.429     3.429     1.621     0.8762      0.8762      0.8762      0.6279
40      A         B           40           ARG           95.38            90     90     36     3.429     3.429     1.621     0.9032      0.9032      0.9032      0.6862
41      A         B           41           LYS           97.05            90     90     36     3.429     3.429     1.621     0.8932      0.8932      0.8932      0.6617
42      A         B           42           LYS           97.25            90     90     36     3.429     3.429     1.621     0.8926      0.8926      0.8926      0.6622
43      A         B           43           LEU           96.74            90     90     36     3.429     3.429     1.621     0.9124      0.9124      0.9124      0.7105
44      A         B           44           LYS           96.46            90     90     36     3.429     3.429     1.621     0.9024      0.9024      0.9024      0.6851
45      A         B           45           GLU           97.13            90     90     36     3.429     3.429     1.621     0.8722      0.8722      0.8722      0.6184
46      A         B           46           ILE           96.08            90     90     36     3.429     3.429     1.621     0.8946      0.8946      0.8946      0.6681
47      A         B           47           VAL           95.09            90     90     36     3.429     3.429     1.621     0.8741      0.8741      0.8741      0.6244
48      A         B           48           GLU           94.66            90     90     36     3.429     3.429     1.621     0.8696      0.8696      0.8696      0.6134
49      A         B           49           LYS           94.99            90     90     36     3.429     3.429     1.621     0.8121      0.8121      0.8121      0.5099
50      A         B           50           LYS           92.86            90     90     36     3.429     3.429     1.621     0.7940      0.7940      0.7940      0.4827
51      A         B           51           ILE           91.82            90     90     36     3.429     3.429     1.621     0.7607      0.7607      0.7607      0.4349
52      A         B           52           LYS           90.58            90     90     36     3.429     3.429     1.621     0.6803      0.6803      0.6803      0.3411
53      A         B           53           GLU           81.93            90     90     36     3.429     3.429     1.621     0.2753      0.2753      0.2753      0.0828
54      A         B           54           SER           59.39            90     90      6     3.429     3.429     1.001     0.0772      0.1459      0.1459      0.0144
55      B         A            1           CYS           93.50            90     90     54     3.429     3.429     2.405     0.4623      0.4623      0.4623      0.3010
56      B         A            2           SER           89.49            90     90     54     3.429     3.429     2.405     0.5186      0.5186      0.5186      0.3514
57      B         A            3           GLN           90.83            90     90     54     3.429     3.429     2.405     0.3989      0.3989      0.3989      0.2504
58      B         A            4           ASN           93.71            90     90     54     3.429     3.429     2.405     0.7047      0.7047      0.7047      0.5504
59      B         A            5           GLU           96.48            90     90     54     3.429     3.429     2.405     0.8557      0.8557      0.8557      0.7498
60      B         A            6           TYR           96.46            90     90     54     3.429     3.429     2.405     0.8992      0.8992      0.8992      0.8181
61      B         A            7           PHE           94.89            90     90     54     3.429     3.429     2.405     0.9063      0.9063      0.9063      0.8296
62      B         A            8           ASP           95.88            90     90     54     3.429     3.429     2.405     0.9155      0.9155      0.9155      0.8452
63      B         A            9           SER           91.90            90     90     54     3.429     3.429     2.405     0.8511      0.8511      0.8511      0.7428
64      B         A           10           LEU           94.28            90     90     54     3.429     3.429     2.405     0.9148      0.9148      0.9148      0.8442
65      B         A           11           LEU           95.33            90     90     54     3.429     3.429     2.405     0.9207      0.9207      0.9207      0.8540
66      B         A           12           HIS           91.76            90     90     54     3.429     3.429     2.405     0.8907      0.8907      0.8907      0.8048
67      B         A           13           ALA           93.88            90     90     54     3.429     3.429     2.405     0.8769      0.8769      0.8769      0.7813
68      B         A           14           CYS           95.19            90     90     54     3.429     3.429     2.405     0.9000      0.9000      0.9000      0.8194
69      B         A           15           ILE           96.55            90     90     54     3.429     3.429     2.405     0.9124      0.9124      0.9124      0.8403
70      B         A           16           PRO           96.51            90     90     54     3.429     3.429     2.405     0.8976      0.8976      0.8976      0.8164
71      B         A           17           CYS           97.35            90     90     54     3.429     3.429     2.405     0.8849      0.8849      0.8849      0.7981
72      B         A           18           GLN           95.83            90     90     54     3.429     3.429     2.405     0.8594      0.8594      0.8594      0.7624
73      B         A           19           LEU           97.25            90     90     54     3.429     3.429     2.405     0.9028      0.9028      0.9028      0.8288
74      B         A           20           ARG           96.46            90     90     54     3.429     3.429     2.405     0.8520      0.8520      0.8520      0.7513
75      B         A           21           CYS           94.98            90     90     54     3.429     3.429     2.405     0.7736      0.7736      0.7736      0.6394
76      B         A           22           SER           88.92            90     90     54     3.429     3.429     2.405     0.5969      0.5969      0.5969      0.4404
77      B         A           23           SER           89.26            90     90     54     3.429     3.429     2.405     0.5640      0.5640      0.5640      0.4094
78      B         A           24           ASN           85.21            90     90     54     3.429     3.429     2.405     0.4893      0.4893      0.4893      0.3382
79      B         A           25           THR           88.33            90     90     54     3.429     3.429     2.405     0.5344      0.5344      0.5344      0.3738
80      B         A           26           PRO           94.09            90     90     54     3.429     3.429     2.405     0.6783      0.6783      0.6783      0.5199
81      B         A           27           PRO           94.73            90     90     54     3.429     3.429     2.405     0.7791      0.7791      0.7791      0.6444
82      B         A           28           LEU           93.00            90     90     54     3.429     3.429     2.405     0.7185      0.7185      0.7185      0.5649
83      B         A           29           THR           92.50            90     90     54     3.429     3.429     2.405     0.6969      0.6969      0.6969      0.5400
84      B         A           30           CYS           96.61            90     90     54     3.429     3.429     2.405     0.7969      0.7969      0.7969      0.6663
85      B         A           31           GLN           95.23            90     90     54     3.429     3.429     2.405     0.7502      0.7502      0.7502      0.6028
86      B         A           32           ARG           93.15            90     90     54     3.429     3.429     2.405     0.6026      0.6026      0.6026      0.4348
87      B         A           33           TYR           95.69            90     90     54     3.429     3.429     2.405     0.7540      0.7540      0.7540      0.6105
88      B         A           34           CYS           95.96            90     90     54     3.429     3.429     2.405     0.7012      0.7012      0.7012      0.5467
89      B         A           35           ASN           92.11            90     90     54     3.429     3.429     2.405     0.5175      0.5175      0.5175      0.3521
90      B         A           36           ALA           83.23            90     90     37     3.429     3.429     1.675     0.1382      0.1631      0.1631      0.0450
