i   AlignChn ScoredChain  AlignResNum  AlignResType  AlignRespLDDT      n0chn  n0dom  n0res    d0chn     d0dom     d0res   ipTM_pae  ipSAE_d0chn ipSAE_d0dom    ipSAE 
1       A         B            1           SER           84.32            90     90     36     3.429     3.429     1.621     0.2310      0.2310      0.2310      0.0672
2       A         B            2           MET           88.92            90     90     36     3.429     3.429     1.621     0.6013      0.6013      0.6013      0.2767
3       A         B            3           GLU           92.85            90     90     36     3.429     3.429     1.621     0.6240      0.6240      0.6240      0.2979
4       A         B            4           GLU           93.29            90     90     36     3.429     3.429     1.621     0.7102      0.7102      0.7102      0.3814
5       A         B            5           LYS           90.23            90     90     36     3.429     3.429     1.621     0.7842      0.7842      0.7842      0.4749
6       A         B            6           MET           90.48            90     90     36     3.429     3.429     1.621     0.7870      0.7870      0.7870      0.4805
7       A         B            7           LYS           93.62            90     90     36     3.429     3.429     1.621     0.7903      0.7903      0.7903      0.4865
8       A         B            8           LYS           93.41            90     90     36     3.429     3.429     1.621     0.8306      0.8306      0.8306      0.5494
9       A         B            9           LEU           92.24            90     90     36     3.429     3.429     1.621     0.8647      0.8647      0.8647      0.6113
10      A         B           10           SER           93.72            90     90     36     3.429     3.429     1.621     0.8471      0.8471      0.8471      0.5809
11      A         B           11           GLU           94.76            90     90     36     3.429     3.429     1.621     0.8650      0.8650      0.8650      0.6135
12      A         B           12           PHE           93.90            90     90     36     3.429     3.429     1.621     0.8842      0.8842      0.8842      0.6478
13      A         B           13           ALA           94.35            90     90     36     3.429     3.429     1.621     0.8899      0.8899      0.8899      0.6634
14      A         B           14           LYS           93.35            90     90     36     3.429     3.429     1.621     0.8794      0.8794      0.8794      0.6433
15      A         B           15           GLU           93.91            90     90     36     3.429     3.429     1.621     0.8791      0.8791      0.8791      0.6404
16      A         B           16           ILE           94.29            90     90     36     3.429     3.429     1.621     0.8875      0.8875      0.8875      0.6536
17      A         B           17           VAL           95.58            90     90     36     3.429     3.429     1.621     0.9007      0.9007      0.9007      0.6846
18      A         B           18           GLU           95.34            90     90     36     3.429     3.429     1.621     0.8845      0.8845      0.8845      0.6519
19      A         B           19           GLU           94.41            90     90     36     3.429     3.429     1.621     0.8668      0.8668      0.8668      0.6117
20      A         B           20           ALA           96.28            90     90     36     3.429     3.429     1.621     0.8643      0.8643      0.8643      0.6023
21      A         B           21           LEU           96.12            90     90     36     3.429     3.429     1.621     0.8614      0.8614      0.8614      0.5948
22      A         B           22           LYS           96.51            90     90     36     3.429     3.429     1.621     0.8265      0.8265      0.8265      0.5351
23      A         B           23           ASP           96.62            90     90     36     3.429     3.429     1.621     0.8191      0.8191      0.8191      0.5156
24      A         B           24           PRO           96.62            90     90     36     3.429     3.429     1.621     0.7828      0.7828      0.7828      0.4592
25      A         B           25           GLU           97.31            90     90     36     3.429     3.429     1.621     0.8187      0.8187      0.8187      0.5157
26      A         B           26           LYS           96.17            90     90     36     3.429     3.429     1.621     0.9007      0.9007      0.9007      0.6818
27      A         B           27           PHE           97.27            90     90     36     3.429     3.429     1.621     0.9191      0.9191      0.9191      0.7257
28      A         B           28           LYS           96.15            90     90     36     3.429     3.429     1.621     0.8902      0.8902      0.8902      0.6550
29      A         B           29           GLU           96.30            90     90     36     3.429     3.429     1.621     0.9182      0.9182      0.9182      0.7267
30      A         B           30           VAL           96.77            90     90     36     3.429     3.429     1.621     0.9406      0.9406      0.9406      0.7887
31      A         B           31           SER           96.66            90     90     36     3.429     3.429     1.621     0.9272      0.9272      0.9272      0.7500
32      A         B           32           TRP           96.27            90     90     36     3.429     3.429     1.621     0.9302      0.9302      0.9302      0.7575
33      A         B           33           MET           96.29            90     90     36     3.429     3.429     1.621     0.9275      0.9275      0.9275      0.7524
34      A         B           34           LEU           95.96            90     90     36     3.429     3.429     1.621     0.9322      0.9322      0.9322      0.7642
35      A         B           35           ASP           92.94            90     90     36     3.429     3.429     1.621     0.8849      0.8849      0.8849      0.6471
36      A         B           36           THR           94.75            90     90     36     3.429     3.429     1.621     0.9034      0.9034      0.9034      0.6868
37      A         B           37           GLU           93.35            90     90     36     3.429     3.429     1.621     0.8720      0.8720      0.8720      0.6151
38      A         B           38           GLU           96.54            90     90     36     3.429     3.429     1.621     0.8443      0.8443      0.8443      0.5613
39      A         B           39           GLY           96.33            90     90     36     3.429     3.429     1.621     0.8730      0.8730      0.8730      0.6234
40      A         B           40           ARG           93.61            90     90     36     3.429     3.429     1.621     0.8934      0.8934      0.8934      0.6657
41      A         B           41           LYS           95.89            90     90     36     3.429     3.429     1.621     0.8874      0.8874      0.8874      0.6510
42      A         B           42           LYS           96.41            90     90     36     3.429     3.429     1.621     0.8881      0.8881      0.8881      0.6536
43      A         B           43           LEU           95.12            90     90     36     3.429     3.429     1.621     0.8970      0.8970      0.8970      0.6770
44      A         B           44           LYS           93.31            90     90     36     3.429     3.429     1.621     0.8972      0.8972      0.8972      0.6757
45      A         B           45           GLU           95.69            90     90     36     3.429     3.429     1.621     0.8785      0.8785      0.8785      0.6342
46      A         B           46           ILE           95.33            90     90     36     3.429     3.429     1.621     0.8875      0.8875      0.8875      0.6532
47      A         B           47           VAL           93.87            90     90     36     3.429     3.429     1.621     0.8698      0.8698      0.8698      0.6174
48      A         B           48           GLU           93.40            90     90     36     3.429     3.429     1.621     0.8648      0.8648      0.8648      0.6058
49      A         B           49           LYS           95.55            90     90     36     3.429     3.429     1.621     0.8189      0.8189      0.8189      0.5229
50      A         B           50           LYS           91.99            90     90     36     3.429     3.429     1.621     0.7907      0.7907      0.7907      0.4776
51      A         B           51           ILE           91.44            90     90     36     3.429     3.429     1.621     0.7719      0.7719      0.7719      0.4495
52      A         B           52           LYS           92.33            90     90     36     3.429     3.429     1.621     0.7407      0.7407      0.7407      0.4082
53      A         B           53           GLU           91.35            90     90     36     3.429     3.429     1.621     0.5601      0.5601      0.5601      0.2372
54      A         B           54           SER           76.92            90     90     27     3.429     3.429     1.039     0.1382      0.1535      0.1535      0.0167
55      B         A            1           CYS           94.15            90     90     54     3.429     3.429     2.405     0.4993      0.4993      0.4993      0.3340
56      B         A            2           SER           90.88            90     90     54     3.429     3.429     2.405     0.5841      0.5841      0.5841      0.4145
57      B         A            3           GLN           91.45            90     90     54     3.429     3.429     2.405     0.4384      0.4384      0.4384      0.2819
58      B         A            4           ASN           93.35            90     90     54     3.429     3.429     2.405     0.7184      0.7184      0.7184      0.5669
59      B         A            5           GLU           96.49            90     90     54     3.429     3.429     2.405     0.8602      0.8602      0.8602      0.7565
60      B         A            6           TYR           96.84            90     90     54     3.429     3.429     2.405     0.9038      0.9038      0.9038      0.8249
61      B         A            7           PHE           95.88            90     90     54     3.429     3.429     2.405     0.9123      0.9123      0.9123      0.8388
62      B         A            8           ASP           95.68            90     90     54     3.429     3.429     2.405     0.9119      0.9119      0.9119      0.8381
63      B         A            9           SER           91.75            90     90     54     3.429     3.429     2.405     0.8359      0.8359      0.8359      0.7197
64      B         A           10           LEU           91.45            90     90     54     3.429     3.429     2.405     0.8974      0.8974      0.8974      0.8145
65      B         A           11           LEU           94.10            90     90     54     3.429     3.429     2.405     0.9094      0.9094      0.9094      0.8344
66      B         A           12           HIS           92.60            90     90     54     3.429     3.429     2.405     0.8965      0.8965      0.8965      0.8131
67      B         A           13           ALA           93.87            90     90     54     3.429     3.429     2.405     0.8844      0.8844      0.8844      0.7929
68      B         A           14           CYS           95.69            90     90     54     3.429     3.429     2.405     0.9109      0.9109      0.9109      0.8367
69      B         A           15           ILE           96.62            90     90     54     3.429     3.429     2.405     0.9168      0.9168      0.9168      0.8470
70      B         A           16           PRO           96.46            90     90     54     3.429     3.429     2.405     0.9054      0.9054      0.9054      0.8283
71      B         A           17           CYS           97.36            90     90     54     3.429     3.429     2.405     0.8943      0.8943      0.8943      0.8121
72      B         A           18           GLN           95.58            90     90     54     3.429     3.429     2.405     0.8595      0.8595      0.8595      0.7617
73      B         A           19           LEU           96.88            90     90     54     3.429     3.429     2.405     0.9048      0.9048      0.9048      0.8310
74      B         A           20           ARG           96.24            90     90     54     3.429     3.429     2.405     0.8490      0.8490      0.8490      0.7461
75      B         A           21           CYS           94.79            90     90     54     3.429     3.429     2.405     0.7632      0.7632      0.7632      0.6252
76      B         A           22           SER           87.59            90     90     54     3.429     3.429     2.405     0.5732      0.5732      0.5732      0.4144
77      B         A           23           SER           89.18            90     90     54     3.429     3.429     2.405     0.5479      0.5479      0.5479      0.3914
78      B         A           24           ASN           85.56            90     90     54     3.429     3.429     2.405     0.4674      0.4674      0.4674      0.3166
79      B         A           25           THR           88.24            90     90     54     3.429     3.429     2.405     0.5187      0.5187      0.5187      0.3577
80      B         A           26           PRO           94.04            90     90     54     3.429     3.429     2.405     0.6764      0.6764      0.6764      0.5168
81      B         A           27           PRO           94.60            90     90     54     3.429     3.429     2.405     0.7742      0.7742      0.7742      0.6373
82      B         A           28           LEU           93.33            90     90     54     3.429     3.429     2.405     0.7150      0.7150      0.7150      0.5608
83      B         A           29           THR           92.99            90     90     54     3.429     3.429     2.405     0.6943      0.6943      0.6943      0.5362
84      B         A           30           CYS           96.67            90     90     54     3.429     3.429     2.405     0.7986      0.7986      0.7986      0.6677
85      B         A           31           GLN           95.25            90     90     54     3.429     3.429     2.405     0.7417      0.7417      0.7417      0.5916
86      B         A           32           ARG           93.00            90     90     54     3.429     3.429     2.405     0.5933      0.5933      0.5933      0.4245
87      B         A           33           TYR           95.43            90     90     54     3.429     3.429     2.405     0.7445      0.7445      0.7445      0.5981
88      B         A           34           CYS           95.78            90     90     54     3.429     3.429     2.405     0.6734      0.6734      0.6734      0.5146
89      B         A           35           ASN           91.19            90     90     54     3.429     3.429     2.405     0.4787      0.4787      0.4787      0.3167
90      B         A           36           ALA           80.77            90     90     14     3.429     3.429     1.001     0.0869      0.1302      0.1302      0.0126
