i   AlignChn ScoredChain  AlignResNum  AlignResType  AlignRespLDDT      n0chn  n0dom  n0res    d0chn     d0dom     d0res   ipTM_pae  ipSAE_d0chn ipSAE_d0dom    ipSAE 
1       A         B            1           SER           82.68            90     90     36     3.429     3.429     1.621     0.2135      0.2135      0.2135      0.0601
2       A         B            2           MET           87.58            90     90     36     3.429     3.429     1.621     0.5491      0.5491      0.5491      0.2315
3       A         B            3           GLU           91.56            90     90     36     3.429     3.429     1.621     0.5805      0.5805      0.5805      0.2563
4       A         B            4           GLU           91.26            90     90     36     3.429     3.429     1.621     0.6832      0.6832      0.6832      0.3487
5       A         B            5           LYS           90.29            90     90     36     3.429     3.429     1.621     0.7583      0.7583      0.7583      0.4363
6       A         B            6           MET           89.79            90     90     36     3.429     3.429     1.621     0.7484      0.7484      0.7484      0.4220
7       A         B            7           LYS           92.69            90     90     36     3.429     3.429     1.621     0.7636      0.7636      0.7636      0.4422
8       A         B            8           LYS           92.50            90     90     36     3.429     3.429     1.621     0.8112      0.8112      0.8112      0.5158
9       A         B            9           LEU           93.50            90     90     36     3.429     3.429     1.621     0.8487      0.8487      0.8487      0.5774
10      A         B           10           SER           92.72            90     90     36     3.429     3.429     1.621     0.8127      0.8127      0.8127      0.5160
11      A         B           11           GLU           93.89            90     90     36     3.429     3.429     1.621     0.8356      0.8356      0.8356      0.5556
12      A         B           12           PHE           94.78            90     90     36     3.429     3.429     1.621     0.8821      0.8821      0.8821      0.6442
13      A         B           13           ALA           95.64            90     90     36     3.429     3.429     1.621     0.8766      0.8766      0.8766      0.6319
14      A         B           14           LYS           94.83            90     90     36     3.429     3.429     1.621     0.8536      0.8536      0.8536      0.5891
15      A         B           15           GLU           94.53            90     90     36     3.429     3.429     1.621     0.8691      0.8691      0.8691      0.6164
16      A         B           16           ILE           95.06            90     90     36     3.429     3.429     1.621     0.8754      0.8754      0.8754      0.6239
17      A         B           17           VAL           96.31            90     90     36     3.429     3.429     1.621     0.8839      0.8839      0.8839      0.6428
18      A         B           18           GLU           96.22            90     90     36     3.429     3.429     1.621     0.8629      0.8629      0.8629      0.6043
19      A         B           19           GLU           94.93            90     90     36     3.429     3.429     1.621     0.8454      0.8454      0.8454      0.5670
20      A         B           20           ALA           96.94            90     90     36     3.429     3.429     1.621     0.8604      0.8604      0.8604      0.5917
21      A         B           21           LEU           96.31            90     90     36     3.429     3.429     1.621     0.8368      0.8368      0.8368      0.5450
22      A         B           22           LYS           96.30            90     90     36     3.429     3.429     1.621     0.7951      0.7951      0.7951      0.4818
23      A         B           23           ASP           96.59            90     90     36     3.429     3.429     1.621     0.8009      0.8009      0.8009      0.4848
24      A         B           24           PRO           96.56            90     90     36     3.429     3.429     1.621     0.7701      0.7701      0.7701      0.4399
25      A         B           25           GLU           97.30            90     90     36     3.429     3.429     1.621     0.8068      0.8068      0.8068      0.4952
26      A         B           26           LYS           96.80            90     90     36     3.429     3.429     1.621     0.9006      0.9006      0.9006      0.6803
27      A         B           27           PHE           97.61            90     90     36     3.429     3.429     1.621     0.9138      0.9138      0.9138      0.7108
28      A         B           28           LYS           96.64            90     90     36     3.429     3.429     1.621     0.8851      0.8851      0.8851      0.6421
29      A         B           29           GLU           96.84            90     90     36     3.429     3.429     1.621     0.9159      0.9159      0.9159      0.7199
30      A         B           30           VAL           97.47            90     90     36     3.429     3.429     1.621     0.9399      0.9399      0.9399      0.7860
31      A         B           31           SER           97.03            90     90     36     3.429     3.429     1.621     0.9217      0.9217      0.9217      0.7331
32      A         B           32           TRP           96.80            90     90     36     3.429     3.429     1.621     0.9261      0.9261      0.9261      0.7458
33      A         B           33           MET           96.99            90     90     36     3.429     3.429     1.621     0.9282      0.9282      0.9282      0.7529
34      A         B           34           LEU           96.90            90     90     36     3.429     3.429     1.621     0.9331      0.9331      0.9331      0.7653
35      A         B           35           ASP           93.38            90     90     36     3.429     3.429     1.621     0.8757      0.8757      0.8757      0.6252
36      A         B           36           THR           95.48            90     90     36     3.429     3.429     1.621     0.9014      0.9014      0.9014      0.6805
37      A         B           37           GLU           94.31            90     90     36     3.429     3.429     1.621     0.8722      0.8722      0.8722      0.6135
38      A         B           38           GLU           96.65            90     90     36     3.429     3.429     1.621     0.8489      0.8489      0.8489      0.5698
39      A         B           39           GLY           96.83            90     90     36     3.429     3.429     1.621     0.8709      0.8709      0.8709      0.6178
40      A         B           40           ARG           95.40            90     90     36     3.429     3.429     1.621     0.8967      0.8967      0.8967      0.6704
41      A         B           41           LYS           96.86            90     90     36     3.429     3.429     1.621     0.8874      0.8874      0.8874      0.6488
42      A         B           42           LYS           97.17            90     90     36     3.429     3.429     1.621     0.8844      0.8844      0.8844      0.6440
43      A         B           43           LEU           96.69            90     90     36     3.429     3.429     1.621     0.9053      0.9053      0.9053      0.6934
44      A         B           44           LYS           96.14            90     90     36     3.429     3.429     1.621     0.8973      0.8973      0.8973      0.6737
45      A         B           45           GLU           96.99            90     90     36     3.429     3.429     1.621     0.8597      0.8597      0.8597      0.5938
46      A         B           46           ILE           95.80            90     90     36     3.429     3.429     1.621     0.8866      0.8866      0.8866      0.6506
47      A         B           47           VAL           94.60            90     90     36     3.429     3.429     1.621     0.8590      0.8590      0.8590      0.5952
48      A         B           48           GLU           94.20            90     90     36     3.429     3.429     1.621     0.8565      0.8565      0.8565      0.5878
49      A         B           49           LYS           94.97            90     90     36     3.429     3.429     1.621     0.7940      0.7940      0.7940      0.4829
50      A         B           50           LYS           91.82            90     90     36     3.429     3.429     1.621     0.7695      0.7695      0.7695      0.4481
51      A         B           51           ILE           91.25            90     90     36     3.429     3.429     1.621     0.7374      0.7374      0.7374      0.4057
52      A         B           52           LYS           90.07            90     90     36     3.429     3.429     1.621     0.6551      0.6551      0.6551      0.3173
53      A         B           53           GLU           80.48            90     90     36     3.429     3.429     1.621     0.2398      0.2398      0.2398      0.0694
54      A         B           54           SER           57.27            90     90      4     3.429     3.429     1.001     0.0671      0.1457      0.1457      0.0144
55      B         A            1           CYS           94.24            90     90     54     3.429     3.429     2.405     0.5022      0.5022      0.5022      0.3358
56      B         A            2           SER           90.31            90     90     54     3.429     3.429     2.405     0.5509      0.5509      0.5509      0.3815
57      B         A            3           GLN           90.90            90     90     54     3.429     3.429     2.405     0.4115      0.4115      0.4115      0.2604
58      B         A            4           ASN           94.00            90     90     54     3.429     3.429     2.405     0.7152      0.7152      0.7152      0.5623
59      B         A            5           GLU           96.75            90     90     54     3.429     3.429     2.405     0.8561      0.8561      0.8561      0.7509
60      B         A            6           TYR           96.80            90     90     54     3.429     3.429     2.405     0.9001      0.9001      0.9001      0.8198
61      B         A            7           PHE           95.80            90     90     54     3.429     3.429     2.405     0.9082      0.9082      0.9082      0.8331
62      B         A            8           ASP           96.63            90     90     54     3.429     3.429     2.405     0.9201      0.9201      0.9201      0.8530
63      B         A            9           SER           93.01            90     90     54     3.429     3.429     2.405     0.8640      0.8640      0.8640      0.7626
64      B         A           10           LEU           94.86            90     90     54     3.429     3.429     2.405     0.9181      0.9181      0.9181      0.8498
65      B         A           11           LEU           96.10            90     90     54     3.429     3.429     2.405     0.9224      0.9224      0.9224      0.8572
66      B         A           12           HIS           93.38            90     90     54     3.429     3.429     2.405     0.8989      0.8989      0.8989      0.8179
67      B         A           13           ALA           95.00            90     90     54     3.429     3.429     2.405     0.8788      0.8788      0.8788      0.7845
68      B         A           14           CYS           96.09            90     90     54     3.429     3.429     2.405     0.9025      0.9025      0.9025      0.8238
69      B         A           15           ILE           97.10            90     90     54     3.429     3.429     2.405     0.9151      0.9151      0.9151      0.8450
70      B         A           16           PRO           96.82            90     90     54     3.429     3.429     2.405     0.8988      0.8988      0.8988      0.8188
71      B         A           17           CYS           97.44            90     90     54     3.429     3.429     2.405     0.8895      0.8895      0.8895      0.8056
72      B         A           18           GLN           96.04            90     90     54     3.429     3.429     2.405     0.8630      0.8630      0.8630      0.7674
73      B         A           19           LEU           97.43            90     90     54     3.429     3.429     2.405     0.9031      0.9031      0.9031      0.8297
74      B         A           20           ARG           96.70            90     90     54     3.429     3.429     2.405     0.8486      0.8486      0.8486      0.7462
75      B         A           21           CYS           94.99            90     90     54     3.429     3.429     2.405     0.7691      0.7691      0.7691      0.6335
76      B         A           22           SER           88.89            90     90     54     3.429     3.429     2.405     0.5833      0.5833      0.5833      0.4257
77      B         A           23           SER           89.38            90     90     54     3.429     3.429     2.405     0.5438      0.5438      0.5438      0.3888
78      B         A           24           ASN           85.30            90     90     54     3.429     3.429     2.405     0.4764      0.4764      0.4764      0.3256
79      B         A           25           THR           88.27            90     90     54     3.429     3.429     2.405     0.5227      0.5227      0.5227      0.3624
80      B         A           26           PRO           94.19            90     90     54     3.429     3.429     2.405     0.6706      0.6706      0.6706      0.5108
81      B         A           27           PRO           94.87            90     90     54     3.429     3.429     2.405     0.7715      0.7715      0.7715      0.6341
82      B         A           28           LEU           93.08            90     90     54     3.429     3.429     2.405     0.7009      0.7009      0.7009      0.5437
83      B         A           29           THR           92.44            90     90     54     3.429     3.429     2.405     0.6867      0.6867      0.6867      0.5278
84      B         A           30           CYS           96.66            90     90     54     3.429     3.429     2.405     0.7942      0.7942      0.7942      0.6626
85      B         A           31           GLN           95.24            90     90     54     3.429     3.429     2.405     0.7449      0.7449      0.7449      0.5958
86      B         A           32           ARG           92.89            90     90     54     3.429     3.429     2.405     0.5854      0.5854      0.5854      0.4169
87      B         A           33           TYR           95.66            90     90     54     3.429     3.429     2.405     0.7406      0.7406      0.7406      0.5936
88      B         A           34           CYS           95.84            90     90     54     3.429     3.429     2.405     0.6781      0.6781      0.6781      0.5202
89      B         A           35           ASN           91.38            90     90     54     3.429     3.429     2.405     0.4803      0.4803      0.4803      0.3184
90      B         A           36           ALA           81.64            90     90     24     3.429     3.429     1.001     0.1103      0.1489      0.1489      0.0148
