i   AlignChn ScoredChain  AlignResNum  AlignResType  AlignRespLDDT      n0chn  n0dom  n0res    d0chn     d0dom     d0res   ipTM_pae  ipSAE_d0chn ipSAE_d0dom    ipSAE 
1       A         B            1           SER           84.47            90     90     36     3.429     3.429     1.621     0.2346      0.2346      0.2346      0.0676
2       A         B            2           MET           92.17            90     90     36     3.429     3.429     1.621     0.5809      0.5809      0.5809      0.2574
3       A         B            3           GLU           93.39            90     90     36     3.429     3.429     1.621     0.5640      0.5640      0.5640      0.2457
4       A         B            4           GLU           94.74            90     90     36     3.429     3.429     1.621     0.7163      0.7163      0.7163      0.3852
5       A         B            5           TYR           96.02            90     90     36     3.429     3.429     1.621     0.8429      0.8429      0.8429      0.5677
6       A         B            6           LYS           94.98            90     90     36     3.429     3.429     1.621     0.8384      0.8384      0.8384      0.5622
7       A         B            7           LYS           96.87            90     90     36     3.429     3.429     1.621     0.8301      0.8301      0.8301      0.5467
8       A         B            8           LYS           97.68            90     90     36     3.429     3.429     1.621     0.8741      0.8741      0.8741      0.6287
9       A         B            9           LEU           97.80            90     90     36     3.429     3.429     1.621     0.9191      0.9191      0.9191      0.7325
10      A         B           10           LYS           97.52            90     90     36     3.429     3.429     1.621     0.9081      0.9081      0.9081      0.7052
11      A         B           11           GLU           97.80            90     90     36     3.429     3.429     1.621     0.8955      0.8955      0.8955      0.6772
12      A         B           12           PHE           98.18            90     90     36     3.429     3.429     1.621     0.9202      0.9202      0.9202      0.7344
13      A         B           13           ALA           98.40            90     90     36     3.429     3.429     1.621     0.9372      0.9372      0.9372      0.7808
14      A         B           14           GLN           97.47            90     90     36     3.429     3.429     1.621     0.9222      0.9222      0.9222      0.7416
15      A         B           15           GLU           98.12            90     90     36     3.429     3.429     1.621     0.9104      0.9104      0.9104      0.7114
16      A         B           16           ILE           97.65            90     90     36     3.429     3.429     1.621     0.9119      0.9119      0.9119      0.7092
17      A         B           17           VAL           97.23            90     90     36     3.429     3.429     1.621     0.9250      0.9250      0.9250      0.7443
18      A         B           18           LEU           95.84            90     90     36     3.429     3.429     1.621     0.9050      0.9050      0.9050      0.6974
19      A         B           19           GLU           97.25            90     90     36     3.429     3.429     1.621     0.8804      0.8804      0.8804      0.6403
20      A         B           20           ALA           97.68            90     90     36     3.429     3.429     1.621     0.8792      0.8792      0.8792      0.6319
21      A         B           21           LEU           96.99            90     90     36     3.429     3.429     1.621     0.8861      0.8861      0.8861      0.6452
22      A         B           22           LYS           97.67            90     90     36     3.429     3.429     1.621     0.8640      0.8640      0.8640      0.6016
23      A         B           23           ASP           97.81            90     90     36     3.429     3.429     1.621     0.8526      0.8526      0.8526      0.5741
24      A         B           24           PRO           97.63            90     90     36     3.429     3.429     1.621     0.8166      0.8166      0.8166      0.5105
25      A         B           25           GLU           97.99            90     90     36     3.429     3.429     1.621     0.8338      0.8338      0.8338      0.5396
26      A         B           26           LYS           97.80            90     90     36     3.429     3.429     1.621     0.9224      0.9224      0.9224      0.7346
27      A         B           27           PHE           98.08            90     90     36     3.429     3.429     1.621     0.9337      0.9337      0.9337      0.7642
28      A         B           28           LYS           97.03            90     90     36     3.429     3.429     1.621     0.9099      0.9099      0.9099      0.7008
29      A         B           29           GLU           97.44            90     90     36     3.429     3.429     1.621     0.9296      0.9296      0.9296      0.7554
30      A         B           30           VAL           98.34            90     90     36     3.429     3.429     1.621     0.9528      0.9528      0.9528      0.8245
31      A         B           31           SER           97.47            90     90     36     3.429     3.429     1.621     0.9407      0.9407      0.9407      0.7866
32      A         B           32           TRP           96.01            90     90     36     3.429     3.429     1.621     0.9301      0.9301      0.9301      0.7566
33      A         B           33           MET           97.92            90     90     36     3.429     3.429     1.621     0.9443      0.9443      0.9443      0.7994
34      A         B           34           LEU           97.83            90     90     36     3.429     3.429     1.621     0.9513      0.9513      0.9513      0.8195
35      A         B           35           GLU           94.99            90     90     36     3.429     3.429     1.621     0.8931      0.8931      0.8931      0.6655
36      A         B           36           THR           94.04            90     90     36     3.429     3.429     1.621     0.8869      0.8869      0.8869      0.6485
37      A         B           37           GLU           94.02            90     90     36     3.429     3.429     1.621     0.8776      0.8776      0.8776      0.6273
38      A         B           38           GLU           96.71            90     90     36     3.429     3.429     1.621     0.8412      0.8412      0.8412      0.5567
39      A         B           39           GLY           97.59            90     90     36     3.429     3.429     1.621     0.8947      0.8947      0.8947      0.6700
40      A         B           40           ARG           96.93            90     90     36     3.429     3.429     1.621     0.9241      0.9241      0.9241      0.7401
41      A         B           41           LYS           97.97            90     90     36     3.429     3.429     1.621     0.9237      0.9237      0.9237      0.7402
42      A         B           42           LYS           98.07            90     90     36     3.429     3.429     1.621     0.9104      0.9104      0.9104      0.7063
43      A         B           43           LEU           98.24            90     90     36     3.429     3.429     1.621     0.9350      0.9350      0.9350      0.7726
44      A         B           44           LYS           97.98            90     90     36     3.429     3.429     1.621     0.9370      0.9370      0.9370      0.7779
45      A         B           45           GLU           98.38            90     90     36     3.429     3.429     1.621     0.9172      0.9172      0.9172      0.7248
46      A         B           46           ILE           98.24            90     90     36     3.429     3.429     1.621     0.9238      0.9238      0.9238      0.7410
47      A         B           47           VAL           98.43            90     90     36     3.429     3.429     1.621     0.9182      0.9182      0.9182      0.7266
48      A         B           48           GLU           97.92            90     90     36     3.429     3.429     1.621     0.9195      0.9195      0.9195      0.7293
49      A         B           49           LYS           98.41            90     90     36     3.429     3.429     1.621     0.8671      0.8671      0.8671      0.6105
50      A         B           50           LYS           97.55            90     90     36     3.429     3.429     1.621     0.8541      0.8541      0.8541      0.5832
51      A         B           51           ILE           97.60            90     90     36     3.429     3.429     1.621     0.8606      0.8606      0.8606      0.5945
52      A         B           52           LYS           96.89            90     90     36     3.429     3.429     1.621     0.8108      0.8108      0.8108      0.5079
53      A         B           53           GLU           96.59            90     90     36     3.429     3.429     1.621     0.6618      0.6618      0.6618      0.3233
54      A         B           54           SER           89.62            90     90     36     3.429     3.429     1.621     0.2576      0.2576      0.2576      0.0745
55      B         A            1           CYS           95.69            90     90     54     3.429     3.429     2.405     0.5663      0.5663      0.5663      0.3974
56      B         A            2           SER           90.75            90     90     54     3.429     3.429     2.405     0.6330      0.6330      0.6330      0.4658
57      B         A            3           GLN           91.64            90     90     54     3.429     3.429     2.405     0.5083      0.5083      0.5083      0.3429
58      B         A            4           ASN           95.18            90     90     54     3.429     3.429     2.405     0.7748      0.7748      0.7748      0.6382
59      B         A            5           GLU           97.30            90     90     54     3.429     3.429     2.405     0.8915      0.8915      0.8915      0.8049
60      B         A            6           TYR           97.50            90     90     54     3.429     3.429     2.405     0.9308      0.9308      0.9308      0.8703
61      B         A            7           PHE           97.33            90     90     54     3.429     3.429     2.405     0.9387      0.9387      0.9387      0.8842
62      B         A            8           ASP           97.92            90     90     54     3.429     3.429     2.405     0.9460      0.9460      0.9460      0.8973
63      B         A            9           SER           95.15            90     90     54     3.429     3.429     2.405     0.8853      0.8853      0.8853      0.7951
64      B         A           10           LEU           96.87            90     90     54     3.429     3.429     2.405     0.9425      0.9425      0.9425      0.8914
65      B         A           11           LEU           97.83            90     90     54     3.429     3.429     2.405     0.9502      0.9502      0.9502      0.9051
66      B         A           12           HIS           96.97            90     90     54     3.429     3.429     2.405     0.9426      0.9426      0.9426      0.8915
67      B         A           13           ALA           97.73            90     90     54     3.429     3.429     2.405     0.9251      0.9251      0.9251      0.8605
68      B         A           14           CYS           97.72            90     90     54     3.429     3.429     2.405     0.9384      0.9384      0.9384      0.8836
69      B         A           15           ILE           98.13            90     90     54     3.429     3.429     2.405     0.9457      0.9457      0.9457      0.8969
70      B         A           16           PRO           97.50            90     90     54     3.429     3.429     2.405     0.9317      0.9317      0.9317      0.8723
71      B         A           17           CYS           97.96            90     90     54     3.429     3.429     2.405     0.9160      0.9160      0.9160      0.8464
72      B         A           18           GLN           96.12            90     90     54     3.429     3.429     2.405     0.8860      0.8860      0.8860      0.8004
73      B         A           19           LEU           97.78            90     90     54     3.429     3.429     2.405     0.9272      0.9272      0.9272      0.8671
74      B         A           20           ARG           96.70            90     90     54     3.429     3.429     2.405     0.8865      0.8865      0.8865      0.8017
75      B         A           21           CYS           95.32            90     90     54     3.429     3.429     2.405     0.8225      0.8225      0.8225      0.7043
76      B         A           22           SER           88.59            90     90     54     3.429     3.429     2.405     0.6465      0.6465      0.6465      0.4915
77      B         A           23           SER           90.94            90     90     54     3.429     3.429     2.405     0.6264      0.6264      0.6264      0.4716
78      B         A           24           ASN           87.23            90     90     54     3.429     3.429     2.405     0.5191      0.5191      0.5191      0.3644
79      B         A           25           THR           89.26            90     90     54     3.429     3.429     2.405     0.5984      0.5984      0.5984      0.4338
80      B         A           26           PRO           94.78            90     90     54     3.429     3.429     2.405     0.7351      0.7351      0.7351      0.5864
81      B         A           27           PRO           95.38            90     90     54     3.429     3.429     2.405     0.8179      0.8179      0.8179      0.6966
82      B         A           28           LEU           93.55            90     90     54     3.429     3.429     2.405     0.7602      0.7602      0.7602      0.6171
83      B         A           29           THR           93.65            90     90     54     3.429     3.429     2.405     0.7550      0.7550      0.7550      0.6103
84      B         A           30           CYS           97.33            90     90     54     3.429     3.429     2.405     0.8401      0.8401      0.8401      0.7260
85      B         A           31           GLN           95.71            90     90     54     3.429     3.429     2.405     0.7936      0.7936      0.7936      0.6593
86      B         A           32           ARG           93.39            90     90     54     3.429     3.429     2.405     0.6593      0.6593      0.6593      0.4950
87      B         A           33           TYR           96.19            90     90     54     3.429     3.429     2.405     0.7933      0.7933      0.7933      0.6616
88      B         A           34           CYS           96.44            90     90     54     3.429     3.429     2.405     0.7262      0.7262      0.7262      0.5762
89      B         A           35           ASN           91.26            90     90     54     3.429     3.429     2.405     0.5294      0.5294      0.5294      0.3622
90      B         A           36           ALA           84.87            90     90     32     3.429     3.429     1.388     0.1239      0.1546      0.1546      0.0295
