i   AlignChn ScoredChain  AlignResNum  AlignResType  AlignRespLDDT      n0chn  n0dom  n0res    d0chn     d0dom     d0res   ipTM_pae  ipSAE_d0chn ipSAE_d0dom    ipSAE 
1       A         B            1           SER           85.36            90     90     36     3.429     3.429     1.621     0.2782      0.2782      0.2782      0.0848
2       A         B            2           MET           93.57            90     90     36     3.429     3.429     1.621     0.6468      0.6468      0.6468      0.3154
3       A         B            3           GLU           95.55            90     90     36     3.429     3.429     1.621     0.6544      0.6544      0.6544      0.3245
4       A         B            4           GLU           95.43            90     90     36     3.429     3.429     1.621     0.7402      0.7402      0.7402      0.4159
5       A         B            5           TYR           96.51            90     90     36     3.429     3.429     1.621     0.8554      0.8554      0.8554      0.5902
6       A         B            6           LYS           95.86            90     90     36     3.429     3.429     1.621     0.8420      0.8420      0.8420      0.5677
7       A         B            7           LYS           97.31            90     90     36     3.429     3.429     1.621     0.8368      0.8368      0.8368      0.5591
8       A         B            8           LYS           97.75            90     90     36     3.429     3.429     1.621     0.8757      0.8757      0.8757      0.6324
9       A         B            9           LEU           97.96            90     90     36     3.429     3.429     1.621     0.9187      0.9187      0.9187      0.7313
10      A         B           10           LYS           97.72            90     90     36     3.429     3.429     1.621     0.9056      0.9056      0.9056      0.6990
11      A         B           11           GLU           97.98            90     90     36     3.429     3.429     1.621     0.8977      0.8977      0.8977      0.6810
12      A         B           12           PHE           98.33            90     90     36     3.429     3.429     1.621     0.9195      0.9195      0.9195      0.7321
13      A         B           13           ALA           98.45            90     90     36     3.429     3.429     1.621     0.9374      0.9374      0.9374      0.7811
14      A         B           14           GLN           97.80            90     90     36     3.429     3.429     1.621     0.9211      0.9211      0.9211      0.7379
15      A         B           15           GLU           98.17            90     90     36     3.429     3.429     1.621     0.9144      0.9144      0.9144      0.7201
16      A         B           16           ILE           98.26            90     90     36     3.429     3.429     1.621     0.9316      0.9316      0.9316      0.7620
17      A         B           17           VAL           97.89            90     90     36     3.429     3.429     1.621     0.9308      0.9308      0.9308      0.7600
18      A         B           18           LEU           97.42            90     90     36     3.429     3.429     1.621     0.9171      0.9171      0.9171      0.7258
19      A         B           19           GLU           97.83            90     90     36     3.429     3.429     1.621     0.9047      0.9047      0.9047      0.6929
20      A         B           20           ALA           98.38            90     90     36     3.429     3.429     1.621     0.9133      0.9133      0.9133      0.7112
21      A         B           21           LEU           97.76            90     90     36     3.429     3.429     1.621     0.9069      0.9069      0.9069      0.6948
22      A         B           22           LYS           98.02            90     90     36     3.429     3.429     1.621     0.8758      0.8758      0.8758      0.6269
23      A         B           23           ASP           98.09            90     90     36     3.429     3.429     1.621     0.8517      0.8517      0.8517      0.5731
24      A         B           24           PRO           97.67            90     90     36     3.429     3.429     1.621     0.7984      0.7984      0.7984      0.4821
25      A         B           25           GLU           98.00            90     90     36     3.429     3.429     1.621     0.8135      0.8135      0.8135      0.5060
26      A         B           26           LYS           97.87            90     90     36     3.429     3.429     1.621     0.9132      0.9132      0.9132      0.7110
27      A         B           27           PHE           98.22            90     90     36     3.429     3.429     1.621     0.9293      0.9293      0.9293      0.7518
28      A         B           28           LYS           96.98            90     90     36     3.429     3.429     1.621     0.8992      0.8992      0.8992      0.6752
29      A         B           29           GLU           97.39            90     90     36     3.429     3.429     1.621     0.9261      0.9261      0.9261      0.7460
30      A         B           30           VAL           98.48            90     90     36     3.429     3.429     1.621     0.9514      0.9514      0.9514      0.8197
31      A         B           31           SER           97.54            90     90     36     3.429     3.429     1.621     0.9330      0.9330      0.9330      0.7641
32      A         B           32           TRP           96.15            90     90     36     3.429     3.429     1.621     0.9270      0.9270      0.9270      0.7476
33      A         B           33           MET           97.82            90     90     36     3.429     3.429     1.621     0.9377      0.9377      0.9377      0.7795
34      A         B           34           LEU           97.94            90     90     36     3.429     3.429     1.621     0.9450      0.9450      0.9450      0.7996
35      A         B           35           GLU           94.99            90     90     36     3.429     3.429     1.621     0.8792      0.8792      0.8792      0.6342
36      A         B           36           THR           94.48            90     90     36     3.429     3.429     1.621     0.8839      0.8839      0.8839      0.6410
37      A         B           37           GLU           93.06            90     90     36     3.429     3.429     1.621     0.8492      0.8492      0.8492      0.5688
38      A         B           38           GLU           96.41            90     90     36     3.429     3.429     1.621     0.8225      0.8225      0.8225      0.5219
39      A         B           39           GLY           97.12            90     90     36     3.429     3.429     1.621     0.8639      0.8639      0.8639      0.6022
40      A         B           40           ARG           95.81            90     90     36     3.429     3.429     1.621     0.8897      0.8897      0.8897      0.6548
41      A         B           41           LYS           96.30            90     90     36     3.429     3.429     1.621     0.8826      0.8826      0.8826      0.6392
42      A         B           42           LYS           97.79            90     90     36     3.429     3.429     1.621     0.8863      0.8863      0.8863      0.6483
43      A         B           43           LEU           98.09            90     90     36     3.429     3.429     1.621     0.9177      0.9177      0.9177      0.7247
44      A         B           44           LYS           97.54            90     90     36     3.429     3.429     1.621     0.9174      0.9174      0.9174      0.7229
45      A         B           45           GLU           98.22            90     90     36     3.429     3.429     1.621     0.8999      0.8999      0.8999      0.6807
46      A         B           46           ILE           98.20            90     90     36     3.429     3.429     1.621     0.9093      0.9093      0.9093      0.7025
47      A         B           47           VAL           98.38            90     90     36     3.429     3.429     1.621     0.9063      0.9063      0.9063      0.6961
48      A         B           48           GLU           97.99            90     90     36     3.429     3.429     1.621     0.9060      0.9060      0.9060      0.6946
49      A         B           49           LYS           98.34            90     90     36     3.429     3.429     1.621     0.8481      0.8481      0.8481      0.5724
50      A         B           50           LYS           97.61            90     90     36     3.429     3.429     1.621     0.8414      0.8414      0.8414      0.5591
51      A         B           51           ILE           97.58            90     90     36     3.429     3.429     1.621     0.8471      0.8471      0.8471      0.5681
52      A         B           52           LYS           97.01            90     90     36     3.429     3.429     1.621     0.8019      0.8019      0.8019      0.4925
53      A         B           53           GLU           96.13            90     90     36     3.429     3.429     1.621     0.6370      0.6370      0.6370      0.2996
54      A         B           54           SER           89.67            90     90     36     3.429     3.429     1.621     0.2386      0.2386      0.2386      0.0678
55      B         A            1           CYS           95.59            90     90     54     3.429     3.429     2.405     0.5283      0.5283      0.5283      0.3606
56      B         A            2           SER           90.79            90     90     54     3.429     3.429     2.405     0.6153      0.6153      0.6153      0.4472
57      B         A            3           GLN           92.40            90     90     54     3.429     3.429     2.405     0.4871      0.4871      0.4871      0.3239
58      B         A            4           ASN           95.13            90     90     54     3.429     3.429     2.405     0.7527      0.7527      0.7527      0.6106
59      B         A            5           GLU           97.60            90     90     54     3.429     3.429     2.405     0.8839      0.8839      0.8839      0.7926
60      B         A            6           TYR           97.50            90     90     54     3.429     3.429     2.405     0.9224      0.9224      0.9224      0.8557
61      B         A            7           PHE           97.48            90     90     54     3.429     3.429     2.405     0.9307      0.9307      0.9307      0.8699
62      B         A            8           ASP           97.72            90     90     54     3.429     3.429     2.405     0.9355      0.9355      0.9355      0.8782
63      B         A            9           SER           94.56            90     90     54     3.429     3.429     2.405     0.8531      0.8531      0.8531      0.7448
64      B         A           10           LEU           96.16            90     90     54     3.429     3.429     2.405     0.9287      0.9287      0.9287      0.8668
65      B         A           11           LEU           97.77            90     90     54     3.429     3.429     2.405     0.9415      0.9415      0.9415      0.8892
66      B         A           12           HIS           97.11            90     90     54     3.429     3.429     2.405     0.9326      0.9326      0.9326      0.8736
67      B         A           13           ALA           97.80            90     90     54     3.429     3.429     2.405     0.9135      0.9135      0.9135      0.8405
68      B         A           14           CYS           97.83            90     90     54     3.429     3.429     2.405     0.9287      0.9287      0.9287      0.8667
69      B         A           15           ILE           98.23            90     90     54     3.429     3.429     2.405     0.9386      0.9386      0.9386      0.8841
70      B         A           16           PRO           97.83            90     90     54     3.429     3.429     2.405     0.9274      0.9274      0.9274      0.8647
71      B         A           17           CYS           98.12            90     90     54     3.429     3.429     2.405     0.9134      0.9134      0.9134      0.8422
72      B         A           18           GLN           96.70            90     90     54     3.429     3.429     2.405     0.8871      0.8871      0.8871      0.8025
73      B         A           19           LEU           98.11            90     90     54     3.429     3.429     2.405     0.9242      0.9242      0.9242      0.8621
74      B         A           20           ARG           96.92            90     90     54     3.429     3.429     2.405     0.8786      0.8786      0.8786      0.7899
75      B         A           21           CYS           95.64            90     90     54     3.429     3.429     2.405     0.8100      0.8100      0.8100      0.6868
76      B         A           22           SER           88.97            90     90     54     3.429     3.429     2.405     0.6284      0.6284      0.6284      0.4718
77      B         A           23           SER           91.12            90     90     54     3.429     3.429     2.405     0.6216      0.6216      0.6216      0.4666
78      B         A           24           ASN           88.13            90     90     54     3.429     3.429     2.405     0.5127      0.5127      0.5127      0.3576
79      B         A           25           THR           90.37            90     90     54     3.429     3.429     2.405     0.5752      0.5752      0.5752      0.4111
80      B         A           26           PRO           94.98            90     90     54     3.429     3.429     2.405     0.7139      0.7139      0.7139      0.5613
81      B         A           27           PRO           95.47            90     90     54     3.429     3.429     2.405     0.8055      0.8055      0.8055      0.6794
82      B         A           28           LEU           94.01            90     90     54     3.429     3.429     2.405     0.7499      0.7499      0.7499      0.6038
83      B         A           29           THR           93.52            90     90     54     3.429     3.429     2.405     0.7353      0.7353      0.7353      0.5859
84      B         A           30           CYS           97.41            90     90     54     3.429     3.429     2.405     0.8289      0.8289      0.8289      0.7099
85      B         A           31           GLN           96.13            90     90     54     3.429     3.429     2.405     0.7855      0.7855      0.7855      0.6482
86      B         A           32           ARG           93.97            90     90     54     3.429     3.429     2.405     0.6482      0.6482      0.6482      0.4827
87      B         A           33           TYR           96.48            90     90     54     3.429     3.429     2.405     0.7825      0.7825      0.7825      0.6472
88      B         A           34           CYS           96.76            90     90     54     3.429     3.429     2.405     0.7286      0.7286      0.7286      0.5792
89      B         A           35           ASN           92.61            90     90     54     3.429     3.429     2.405     0.5269      0.5269      0.5269      0.3599
90      B         A           36           ALA           85.50            90     90     32     3.429     3.429     1.388     0.1301      0.1625      0.1625      0.0312
