i   AlignChn ScoredChain  AlignResNum  AlignResType  AlignRespLDDT      n0chn  n0dom  n0res    d0chn     d0dom     d0res   ipTM_pae  ipSAE_d0chn ipSAE_d0dom    ipSAE 
1       A         B            1           SER           84.62            90     90     35     3.429     3.429     1.566     0.1926      0.1954      0.1954      0.0508
2       A         B            2           MET           93.52            90     90     36     3.429     3.429     1.621     0.6023      0.6023      0.6023      0.2755
3       A         B            3           GLU           95.56            90     90     36     3.429     3.429     1.621     0.6151      0.6151      0.6151      0.2872
4       A         B            4           GLU           95.68            90     90     36     3.429     3.429     1.621     0.6959      0.6959      0.6959      0.3638
5       A         B            5           TYR           96.63            90     90     36     3.429     3.429     1.621     0.8262      0.8262      0.8262      0.5389
6       A         B            6           LYS           96.23            90     90     36     3.429     3.429     1.621     0.8168      0.8168      0.8168      0.5244
7       A         B            7           LYS           97.42            90     90     36     3.429     3.429     1.621     0.8116      0.8116      0.8116      0.5164
8       A         B            8           LYS           97.80            90     90     36     3.429     3.429     1.621     0.8547      0.8547      0.8547      0.5924
9       A         B            9           LEU           98.04            90     90     36     3.429     3.429     1.621     0.9019      0.9019      0.9019      0.6912
10      A         B           10           LYS           97.77            90     90     36     3.429     3.429     1.621     0.8876      0.8876      0.8876      0.6575
11      A         B           11           GLU           98.05            90     90     36     3.429     3.429     1.621     0.8766      0.8766      0.8766      0.6356
12      A         B           12           PHE           98.28            90     90     36     3.429     3.429     1.621     0.9016      0.9016      0.9016      0.6886
13      A         B           13           ALA           98.49            90     90     36     3.429     3.429     1.621     0.9250      0.9250      0.9250      0.7489
14      A         B           14           GLN           97.81            90     90     36     3.429     3.429     1.621     0.9071      0.9071      0.9071      0.7033
15      A         B           15           GLU           98.10            90     90     36     3.429     3.429     1.621     0.8986      0.8986      0.8986      0.6831
16      A         B           16           ILE           97.59            90     90     36     3.429     3.429     1.621     0.8997      0.8997      0.8997      0.6792
17      A         B           17           VAL           97.79            90     90     36     3.429     3.429     1.621     0.9127      0.9127      0.9127      0.7121
18      A         B           18           LEU           97.36            90     90     36     3.429     3.429     1.621     0.8992      0.8992      0.8992      0.6827
19      A         B           19           GLU           97.73            90     90     36     3.429     3.429     1.621     0.8881      0.8881      0.8881      0.6546
20      A         B           20           ALA           98.40            90     90     36     3.429     3.429     1.621     0.8935      0.8935      0.8935      0.6635
21      A         B           21           LEU           97.88            90     90     36     3.429     3.429     1.621     0.8942      0.8942      0.8942      0.6641
22      A         B           22           LYS           98.05            90     90     36     3.429     3.429     1.621     0.8600      0.8600      0.8600      0.5949
23      A         B           23           ASP           98.10            90     90     36     3.429     3.429     1.621     0.8425      0.8425      0.8425      0.5559
24      A         B           24           PRO           97.98            90     90     36     3.429     3.429     1.621     0.7990      0.7990      0.7990      0.4827
25      A         B           25           GLU           98.21            90     90     36     3.429     3.429     1.621     0.8170      0.8170      0.8170      0.5116
26      A         B           26           LYS           97.87            90     90     36     3.429     3.429     1.621     0.9091      0.9091      0.9091      0.7013
27      A         B           27           PHE           98.39            90     90     36     3.429     3.429     1.621     0.9242      0.9242      0.9242      0.7381
28      A         B           28           LYS           97.50            90     90     36     3.429     3.429     1.621     0.8965      0.8965      0.8965      0.6684
29      A         B           29           GLU           97.60            90     90     36     3.429     3.429     1.621     0.9210      0.9210      0.9210      0.7327
30      A         B           30           VAL           98.54            90     90     36     3.429     3.429     1.621     0.9495      0.9495      0.9495      0.8146
31      A         B           31           SER           97.89            90     90     36     3.429     3.429     1.621     0.9315      0.9315      0.9315      0.7599
32      A         B           32           TRP           96.72            90     90     36     3.429     3.429     1.621     0.9188      0.9188      0.9188      0.7258
33      A         B           33           MET           98.05            90     90     36     3.429     3.429     1.621     0.9337      0.9337      0.9337      0.7683
34      A         B           34           LEU           98.18            90     90     36     3.429     3.429     1.621     0.9428      0.9428      0.9428      0.7935
35      A         B           35           GLU           95.67            90     90     36     3.429     3.429     1.621     0.8758      0.8758      0.8758      0.6263
36      A         B           36           THR           95.25            90     90     36     3.429     3.429     1.621     0.8785      0.8785      0.8785      0.6294
37      A         B           37           GLU           94.74            90     90     36     3.429     3.429     1.621     0.8674      0.8674      0.8674      0.6054
38      A         B           38           GLU           97.01            90     90     36     3.429     3.429     1.621     0.8347      0.8347      0.8347      0.5441
39      A         B           39           GLY           97.77            90     90     36     3.429     3.429     1.621     0.8818      0.8818      0.8818      0.6407
40      A         B           40           ARG           97.37            90     90     36     3.429     3.429     1.621     0.9110      0.9110      0.9110      0.7056
41      A         B           41           LYS           98.25            90     90     36     3.429     3.429     1.621     0.9147      0.9147      0.9147      0.7166
42      A         B           42           LYS           98.19            90     90     36     3.429     3.429     1.621     0.8964      0.8964      0.8964      0.6725
43      A         B           43           LEU           98.39            90     90     36     3.429     3.429     1.621     0.9244      0.9244      0.9244      0.7439
44      A         B           44           LYS           98.22            90     90     36     3.429     3.429     1.621     0.9239      0.9239      0.9239      0.7417
45      A         B           45           GLU           98.44            90     90     36     3.429     3.429     1.621     0.9041      0.9041      0.9041      0.6924
46      A         B           46           ILE           98.22            90     90     36     3.429     3.429     1.621     0.9083      0.9083      0.9083      0.7013
47      A         B           47           VAL           98.25            90     90     36     3.429     3.429     1.621     0.8968      0.8968      0.8968      0.6743
48      A         B           48           GLU           98.06            90     90     36     3.429     3.429     1.621     0.9045      0.9045      0.9045      0.6926
49      A         B           49           LYS           98.36            90     90     36     3.429     3.429     1.621     0.8408      0.8408      0.8408      0.5612
50      A         B           50           LYS           97.43            90     90     36     3.429     3.429     1.621     0.8292      0.8292      0.8292      0.5392
51      A         B           51           ILE           97.76            90     90     36     3.429     3.429     1.621     0.8404      0.8404      0.8404      0.5573
52      A         B           52           LYS           97.04            90     90     36     3.429     3.429     1.621     0.7832      0.7832      0.7832      0.4658
53      A         B           53           GLU           96.56            90     90     36     3.429     3.429     1.621     0.6155      0.6155      0.6155      0.2822
54      A         B           54           SER           89.50            90     90     36     3.429     3.429     1.621     0.2100      0.2100      0.2100      0.0575
55      B         A            1           CYS           95.97            90     90     54     3.429     3.429     2.405     0.5239      0.5239      0.5239      0.3566
56      B         A            2           SER           90.14            90     90     54     3.429     3.429     2.405     0.5700      0.5700      0.5700      0.4017
57      B         A            3           GLN           91.89            90     90     54     3.429     3.429     2.405     0.4413      0.4413      0.4413      0.2845
58      B         A            4           ASN           95.15            90     90     54     3.429     3.429     2.405     0.7413      0.7413      0.7413      0.5950
59      B         A            5           GLU           97.57            90     90     54     3.429     3.429     2.405     0.8789      0.8789      0.8789      0.7853
60      B         A            6           TYR           97.69            90     90     54     3.429     3.429     2.405     0.9187      0.9187      0.9187      0.8500
61      B         A            7           PHE           97.71            90     90     54     3.429     3.429     2.405     0.9300      0.9300      0.9300      0.8690
62      B         A            8           ASP           98.18            90     90     54     3.429     3.429     2.405     0.9348      0.9348      0.9348      0.8775
63      B         A            9           SER           95.96            90     90     54     3.429     3.429     2.405     0.8734      0.8734      0.8734      0.7765
64      B         A           10           LEU           97.47            90     90     54     3.429     3.429     2.405     0.9325      0.9325      0.9325      0.8738
65      B         A           11           LEU           98.14            90     90     54     3.429     3.429     2.405     0.9387      0.9387      0.9387      0.8847
66      B         A           12           HIS           97.55            90     90     54     3.429     3.429     2.405     0.9291      0.9291      0.9291      0.8677
67      B         A           13           ALA           98.05            90     90     54     3.429     3.429     2.405     0.9124      0.9124      0.9124      0.8388
68      B         A           14           CYS           97.98            90     90     54     3.429     3.429     2.405     0.9273      0.9273      0.9273      0.8644
69      B         A           15           ILE           98.40            90     90     54     3.429     3.429     2.405     0.9354      0.9354      0.9354      0.8789
70      B         A           16           PRO           97.88            90     90     54     3.429     3.429     2.405     0.9215      0.9215      0.9215      0.8552
71      B         A           17           CYS           98.12            90     90     54     3.429     3.429     2.405     0.9106      0.9106      0.9106      0.8381
72      B         A           18           GLN           96.95            90     90     54     3.429     3.429     2.405     0.8815      0.8815      0.8815      0.7938
73      B         A           19           LEU           98.24            90     90     54     3.429     3.429     2.405     0.9180      0.9180      0.9180      0.8526
74      B         A           20           ARG           97.07            90     90     54     3.429     3.429     2.405     0.8678      0.8678      0.8678      0.7743
75      B         A           21           CYS           95.59            90     90     54     3.429     3.429     2.405     0.8015      0.8015      0.8015      0.6757
76      B         A           22           SER           89.59            90     90     54     3.429     3.429     2.405     0.6115      0.6115      0.6115      0.4549
77      B         A           23           SER           91.42            90     90     54     3.429     3.429     2.405     0.5850      0.5850      0.5850      0.4290
78      B         A           24           ASN           87.89            90     90     54     3.429     3.429     2.405     0.4932      0.4932      0.4932      0.3406
79      B         A           25           THR           89.89            90     90     54     3.429     3.429     2.405     0.5717      0.5717      0.5717      0.4077
80      B         A           26           PRO           94.93            90     90     54     3.429     3.429     2.405     0.7046      0.7046      0.7046      0.5507
81      B         A           27           PRO           95.77            90     90     54     3.429     3.429     2.405     0.7991      0.7991      0.7991      0.6710
82      B         A           28           LEU           93.81            90     90     54     3.429     3.429     2.405     0.7349      0.7349      0.7349      0.5855
83      B         A           29           THR           93.28            90     90     54     3.429     3.429     2.405     0.7136      0.7136      0.7136      0.5597
84      B         A           30           CYS           97.42            90     90     54     3.429     3.429     2.405     0.8171      0.8171      0.8171      0.6937
85      B         A           31           GLN           95.61            90     90     54     3.429     3.429     2.405     0.7578      0.7578      0.7578      0.6120
86      B         A           32           ARG           93.11            90     90     54     3.429     3.429     2.405     0.6122      0.6122      0.6122      0.4446
87      B         A           33           TYR           96.14            90     90     54     3.429     3.429     2.405     0.7693      0.7693      0.7693      0.6302
88      B         A           34           CYS           96.48            90     90     54     3.429     3.429     2.405     0.7017      0.7017      0.7017      0.5473
89      B         A           35           ASN           91.84            90     90     54     3.429     3.429     2.405     0.4953      0.4953      0.4953      0.3310
90      B         A           36           ALA           85.25            90     90     29     3.429     3.429     1.189     0.1186      0.1524      0.1524      0.0215
