i   AlignChn ScoredChain  AlignResNum  AlignResType  AlignRespLDDT      n0chn  n0dom  n0res    d0chn     d0dom     d0res   ipTM_pae  ipSAE_d0chn ipSAE_d0dom    ipSAE 
1       A         B            1           SER           81.60            90     90     35     3.429     3.429     1.566     0.1896      0.1922      0.1922      0.0494
2       A         B            2           MET           93.48            90     90     36     3.429     3.429     1.621     0.6221      0.6221      0.6221      0.2933
3       A         B            3           GLU           95.38            90     90     36     3.429     3.429     1.621     0.6430      0.6430      0.6430      0.3123
4       A         B            4           GLU           95.74            90     90     36     3.429     3.429     1.621     0.7350      0.7350      0.7350      0.4084
5       A         B            5           TYR           96.59            90     90     36     3.429     3.429     1.621     0.8471      0.8471      0.8471      0.5740
6       A         B            6           LYS           95.86            90     90     36     3.429     3.429     1.621     0.8343      0.8343      0.8343      0.5530
7       A         B            7           LYS           97.31            90     90     36     3.429     3.429     1.621     0.8282      0.8282      0.8282      0.5427
8       A         B            8           LYS           97.82            90     90     36     3.429     3.429     1.621     0.8712      0.8712      0.8712      0.6224
9       A         B            9           LEU           97.91            90     90     36     3.429     3.429     1.621     0.9103      0.9103      0.9103      0.7098
10      A         B           10           LYS           97.61            90     90     36     3.429     3.429     1.621     0.8958      0.8958      0.8958      0.6748
11      A         B           11           GLU           97.99            90     90     36     3.429     3.429     1.621     0.8899      0.8899      0.8899      0.6628
12      A         B           12           PHE           98.29            90     90     36     3.429     3.429     1.621     0.9120      0.9120      0.9120      0.7126
13      A         B           13           ALA           98.43            90     90     36     3.429     3.429     1.621     0.9273      0.9273      0.9273      0.7533
14      A         B           14           GLN           97.41            90     90     36     3.429     3.429     1.621     0.9027      0.9027      0.9027      0.6914
15      A         B           15           GLU           98.18            90     90     36     3.429     3.429     1.621     0.9069      0.9069      0.9069      0.7011
16      A         B           16           ILE           97.92            90     90     36     3.429     3.429     1.621     0.9130      0.9130      0.9130      0.7112
17      A         B           17           VAL           97.77            90     90     36     3.429     3.429     1.621     0.9208      0.9208      0.9208      0.7326
18      A         B           18           LEU           97.20            90     90     36     3.429     3.429     1.621     0.9099      0.9099      0.9099      0.7077
19      A         B           19           GLU           97.83            90     90     36     3.429     3.429     1.621     0.8955      0.8955      0.8955      0.6705
20      A         B           20           ALA           98.38            90     90     36     3.429     3.429     1.621     0.9049      0.9049      0.9049      0.6903
21      A         B           21           LEU           97.62            90     90     36     3.429     3.429     1.621     0.8971      0.8971      0.8971      0.6709
22      A         B           22           LYS           97.84            90     90     36     3.429     3.429     1.621     0.8552      0.8552      0.8552      0.5858
23      A         B           23           ASP           98.20            90     90     36     3.429     3.429     1.621     0.8536      0.8536      0.8536      0.5764
24      A         B           24           PRO           97.78            90     90     36     3.429     3.429     1.621     0.8025      0.8025      0.8025      0.4882
25      A         B           25           GLU           98.19            90     90     36     3.429     3.429     1.621     0.8230      0.8230      0.8230      0.5216
26      A         B           26           LYS           97.96            90     90     36     3.429     3.429     1.621     0.9157      0.9157      0.9157      0.7175
27      A         B           27           PHE           98.27            90     90     36     3.429     3.429     1.621     0.9318      0.9318      0.9318      0.7589
28      A         B           28           LYS           97.13            90     90     36     3.429     3.429     1.621     0.9062      0.9062      0.9062      0.6922
29      A         B           29           GLU           97.59            90     90     36     3.429     3.429     1.621     0.9284      0.9284      0.9284      0.7522
30      A         B           30           VAL           98.50            90     90     36     3.429     3.429     1.621     0.9513      0.9513      0.9513      0.8198
31      A         B           31           SER           97.61            90     90     36     3.429     3.429     1.621     0.9352      0.9352      0.9352      0.7703
32      A         B           32           TRP           96.16            90     90     36     3.429     3.429     1.621     0.9266      0.9266      0.9266      0.7467
33      A         B           33           MET           98.03            90     90     36     3.429     3.429     1.621     0.9396      0.9396      0.9396      0.7850
34      A         B           34           LEU           98.01            90     90     36     3.429     3.429     1.621     0.9451      0.9451      0.9451      0.8000
35      A         B           35           GLU           94.39            90     90     36     3.429     3.429     1.621     0.8568      0.8568      0.8568      0.5899
36      A         B           36           THR           94.15            90     90     36     3.429     3.429     1.621     0.8681      0.8681      0.8681      0.6078
37      A         B           37           GLU           93.77            90     90     36     3.429     3.429     1.621     0.8548      0.8548      0.8548      0.5801
38      A         B           38           GLU           96.53            90     90     36     3.429     3.429     1.621     0.8178      0.8178      0.8178      0.5149
39      A         B           39           GLY           97.47            90     90     36     3.429     3.429     1.621     0.8755      0.8755      0.8755      0.6270
40      A         B           40           ARG           96.44            90     90     36     3.429     3.429     1.621     0.9020      0.9020      0.9020      0.6835
41      A         B           41           LYS           97.33            90     90     36     3.429     3.429     1.621     0.9017      0.9017      0.9017      0.6834
42      A         B           42           LYS           98.06            90     90     36     3.429     3.429     1.621     0.8939      0.8939      0.8939      0.6663
43      A         B           43           LEU           98.25            90     90     36     3.429     3.429     1.621     0.9263      0.9263      0.9263      0.7479
44      A         B           44           LYS           97.91            90     90     36     3.429     3.429     1.621     0.9254      0.9254      0.9254      0.7446
45      A         B           45           GLU           98.38            90     90     36     3.429     3.429     1.621     0.9058      0.9058      0.9058      0.6954
46      A         B           46           ILE           98.29            90     90     36     3.429     3.429     1.621     0.9141      0.9141      0.9141      0.7147
47      A         B           47           VAL           98.46            90     90     36     3.429     3.429     1.621     0.9097      0.9097      0.9097      0.7045
48      A         B           48           GLU           98.08            90     90     36     3.429     3.429     1.621     0.9095      0.9095      0.9095      0.7035
49      A         B           49           LYS           98.41            90     90     36     3.429     3.429     1.621     0.8540      0.8540      0.8540      0.5837
50      A         B           50           LYS           97.69            90     90     36     3.429     3.429     1.621     0.8436      0.8436      0.8436      0.5631
51      A         B           51           ILE           97.65            90     90     36     3.429     3.429     1.621     0.8478      0.8478      0.8478      0.5693
52      A         B           52           LYS           96.92            90     90     36     3.429     3.429     1.621     0.8034      0.8034      0.8034      0.4950
53      A         B           53           GLU           96.46            90     90     36     3.429     3.429     1.621     0.6471      0.6471      0.6471      0.3087
54      A         B           54           SER           89.84            90     90     36     3.429     3.429     1.621     0.2354      0.2354      0.2354      0.0664
55      B         A            1           CYS           95.49            90     90     54     3.429     3.429     2.405     0.5486      0.5486      0.5486      0.3793
56      B         A            2           SER           90.95            90     90     54     3.429     3.429     2.405     0.6269      0.6269      0.6269      0.4585
57      B         A            3           GLN           92.13            90     90     54     3.429     3.429     2.405     0.4790      0.4790      0.4790      0.3165
58      B         A            4           ASN           95.06            90     90     54     3.429     3.429     2.405     0.7524      0.7524      0.7524      0.6095
59      B         A            5           GLU           97.49            90     90     54     3.429     3.429     2.405     0.8858      0.8858      0.8858      0.7959
60      B         A            6           TYR           97.57            90     90     54     3.429     3.429     2.405     0.9240      0.9240      0.9240      0.8587
61      B         A            7           PHE           97.45            90     90     54     3.429     3.429     2.405     0.9315      0.9315      0.9315      0.8714
62      B         A            8           ASP           97.93            90     90     54     3.429     3.429     2.405     0.9379      0.9379      0.9379      0.8827
63      B         A            9           SER           95.09            90     90     54     3.429     3.429     2.405     0.8695      0.8695      0.8695      0.7698
64      B         A           10           LEU           96.78            90     90     54     3.429     3.429     2.405     0.9327      0.9327      0.9327      0.8739
65      B         A           11           LEU           97.86            90     90     54     3.429     3.429     2.405     0.9394      0.9394      0.9394      0.8859
66      B         A           12           HIS           96.89            90     90     54     3.429     3.429     2.405     0.9270      0.9270      0.9270      0.8641
67      B         A           13           ALA           97.77            90     90     54     3.429     3.429     2.405     0.9123      0.9123      0.9123      0.8386
68      B         A           14           CYS           97.64            90     90     54     3.429     3.429     2.405     0.9253      0.9253      0.9253      0.8607
69      B         A           15           ILE           98.27            90     90     54     3.429     3.429     2.405     0.9387      0.9387      0.9387      0.8845
70      B         A           16           PRO           97.74            90     90     54     3.429     3.429     2.405     0.9266      0.9266      0.9266      0.8636
71      B         A           17           CYS           98.05            90     90     54     3.429     3.429     2.405     0.9129      0.9129      0.9129      0.8416
72      B         A           18           GLN           96.17            90     90     54     3.429     3.429     2.405     0.8716      0.8716      0.8716      0.7780
73      B         A           19           LEU           98.03            90     90     54     3.429     3.429     2.405     0.9221      0.9221      0.9221      0.8587
74      B         A           20           ARG           97.04            90     90     54     3.429     3.429     2.405     0.8829      0.8829      0.8829      0.7966
75      B         A           21           CYS           95.67            90     90     54     3.429     3.429     2.405     0.8219      0.8219      0.8219      0.7035
76      B         A           22           SER           89.10            90     90     54     3.429     3.429     2.405     0.6472      0.6472      0.6472      0.4923
77      B         A           23           SER           91.37            90     90     54     3.429     3.429     2.405     0.6354      0.6354      0.6354      0.4816
78      B         A           24           ASN           87.72            90     90     54     3.429     3.429     2.405     0.5325      0.5325      0.5325      0.3770
79      B         A           25           THR           89.77            90     90     54     3.429     3.429     2.405     0.6034      0.6034      0.6034      0.4395
80      B         A           26           PRO           94.99            90     90     54     3.429     3.429     2.405     0.7313      0.7313      0.7313      0.5824
81      B         A           27           PRO           95.53            90     90     54     3.429     3.429     2.405     0.8147      0.8147      0.8147      0.6924
82      B         A           28           LEU           93.58            90     90     54     3.429     3.429     2.405     0.7581      0.7581      0.7581      0.6146
83      B         A           29           THR           93.59            90     90     54     3.429     3.429     2.405     0.7466      0.7466      0.7466      0.6000
84      B         A           30           CYS           97.37            90     90     54     3.429     3.429     2.405     0.8328      0.8328      0.8328      0.7159
85      B         A           31           GLN           95.80            90     90     54     3.429     3.429     2.405     0.7830      0.7830      0.7830      0.6449
86      B         A           32           ARG           93.63            90     90     54     3.429     3.429     2.405     0.6556      0.6556      0.6556      0.4910
87      B         A           33           TYR           96.32            90     90     54     3.429     3.429     2.405     0.7888      0.7888      0.7888      0.6557
88      B         A           34           CYS           96.62            90     90     54     3.429     3.429     2.405     0.7283      0.7283      0.7283      0.5791
89      B         A           35           ASN           92.19            90     90     54     3.429     3.429     2.405     0.5460      0.5460      0.5460      0.3782
90      B         A           36           ALA           85.15            90     90     30     3.429     3.429     1.258     0.1180      0.1500      0.1500      0.0235
