i   AlignChn ScoredChain  AlignResNum  AlignResType  AlignRespLDDT      n0chn  n0dom  n0res    d0chn     d0dom     d0res   ipTM_pae  ipSAE_d0chn ipSAE_d0dom    ipSAE 
1       A         B            1           SER           85.63            90     90     36     3.429     3.429     1.621     0.2656      0.2656      0.2656      0.0795
2       A         B            2           MET           93.36            90     90     36     3.429     3.429     1.621     0.6588      0.6588      0.6588      0.3255
3       A         B            3           GLU           95.39            90     90     36     3.429     3.429     1.621     0.6717      0.6717      0.6717      0.3391
4       A         B            4           GLU           95.65            90     90     36     3.429     3.429     1.621     0.7519      0.7519      0.7519      0.4291
5       A         B            5           TYR           96.28            90     90     36     3.429     3.429     1.621     0.8538      0.8538      0.8538      0.5864
6       A         B            6           LYS           95.40            90     90     36     3.429     3.429     1.621     0.8459      0.8459      0.8459      0.5739
7       A         B            7           LYS           97.25            90     90     36     3.429     3.429     1.621     0.8421      0.8421      0.8421      0.5670
8       A         B            8           LYS           97.81            90     90     36     3.429     3.429     1.621     0.8783      0.8783      0.8783      0.6379
9       A         B            9           LEU           97.84            90     90     36     3.429     3.429     1.621     0.9177      0.9177      0.9177      0.7284
10      A         B           10           LYS           97.63            90     90     36     3.429     3.429     1.621     0.9062      0.9062      0.9062      0.6999
11      A         B           11           GLU           97.93            90     90     36     3.429     3.429     1.621     0.8978      0.8978      0.8978      0.6814
12      A         B           12           PHE           98.27            90     90     36     3.429     3.429     1.621     0.9217      0.9217      0.9217      0.7379
13      A         B           13           ALA           98.41            90     90     36     3.429     3.429     1.621     0.9373      0.9373      0.9373      0.7809
14      A         B           14           GLN           97.59            90     90     36     3.429     3.429     1.621     0.9239      0.9239      0.9239      0.7456
15      A         B           15           GLU           98.22            90     90     36     3.429     3.429     1.621     0.9153      0.9153      0.9153      0.7227
16      A         B           16           ILE           97.77            90     90     36     3.429     3.429     1.621     0.9173      0.9173      0.9173      0.7225
17      A         B           17           VAL           97.59            90     90     36     3.429     3.429     1.621     0.9298      0.9298      0.9298      0.7573
18      A         B           18           LEU           96.79            90     90     36     3.429     3.429     1.621     0.9159      0.9159      0.9159      0.7236
19      A         B           19           GLU           97.75            90     90     36     3.429     3.429     1.621     0.8999      0.8999      0.8999      0.6822
20      A         B           20           ALA           98.16            90     90     36     3.429     3.429     1.621     0.9010      0.9010      0.9010      0.6809
21      A         B           21           LEU           97.52            90     90     36     3.429     3.429     1.621     0.9032      0.9032      0.9032      0.6856
22      A         B           22           LYS           97.97            90     90     36     3.429     3.429     1.621     0.8804      0.8804      0.8804      0.6368
23      A         B           23           ASP           98.13            90     90     36     3.429     3.429     1.621     0.8658      0.8658      0.8658      0.6010
24      A         B           24           PRO           97.85            90     90     36     3.429     3.429     1.621     0.8188      0.8188      0.8188      0.5143
25      A         B           25           GLU           98.10            90     90     36     3.429     3.429     1.621     0.8349      0.8349      0.8349      0.5421
26      A         B           26           LYS           97.85            90     90     36     3.429     3.429     1.621     0.9217      0.9217      0.9217      0.7330
27      A         B           27           PHE           98.17            90     90     36     3.429     3.429     1.621     0.9340      0.9340      0.9340      0.7653
28      A         B           28           LYS           97.07            90     90     36     3.429     3.429     1.621     0.9073      0.9073      0.9073      0.6947
29      A         B           29           GLU           97.43            90     90     36     3.429     3.429     1.621     0.9276      0.9276      0.9276      0.7501
30      A         B           30           VAL           98.38            90     90     36     3.429     3.429     1.621     0.9517      0.9517      0.9517      0.8212
31      A         B           31           SER           97.54            90     90     36     3.429     3.429     1.621     0.9385      0.9385      0.9385      0.7799
32      A         B           32           TRP           96.02            90     90     36     3.429     3.429     1.621     0.9301      0.9301      0.9301      0.7567
33      A         B           33           MET           97.79            90     90     36     3.429     3.429     1.621     0.9428      0.9428      0.9428      0.7954
34      A         B           34           LEU           97.97            90     90     36     3.429     3.429     1.621     0.9520      0.9520      0.9520      0.8214
35      A         B           35           GLU           94.63            90     90     36     3.429     3.429     1.621     0.8827      0.8827      0.8827      0.6433
36      A         B           36           THR           94.71            90     90     36     3.429     3.429     1.621     0.9024      0.9024      0.9024      0.6839
37      A         B           37           GLU           93.96            90     90     36     3.429     3.429     1.621     0.8797      0.8797      0.8797      0.6311
38      A         B           38           GLU           96.47            90     90     36     3.429     3.429     1.621     0.8469      0.8469      0.8469      0.5666
39      A         B           39           GLY           97.48            90     90     36     3.429     3.429     1.621     0.8955      0.8955      0.8955      0.6711
40      A         B           40           ARG           96.80            90     90     36     3.429     3.429     1.621     0.9222      0.9222      0.9222      0.7346
41      A         B           41           LYS           97.95            90     90     36     3.429     3.429     1.621     0.9248      0.9248      0.9248      0.7430
42      A         B           42           LYS           98.03            90     90     36     3.429     3.429     1.621     0.9113      0.9113      0.9113      0.7082
43      A         B           43           LEU           98.20            90     90     36     3.429     3.429     1.621     0.9352      0.9352      0.9352      0.7729
44      A         B           44           LYS           97.97            90     90     36     3.429     3.429     1.621     0.9369      0.9369      0.9369      0.7773
45      A         B           45           GLU           98.38            90     90     36     3.429     3.429     1.621     0.9183      0.9183      0.9183      0.7271
46      A         B           46           ILE           98.23            90     90     36     3.429     3.429     1.621     0.9215      0.9215      0.9215      0.7344
47      A         B           47           VAL           98.33            90     90     36     3.429     3.429     1.621     0.9145      0.9145      0.9145      0.7169
48      A         B           48           GLU           98.00            90     90     36     3.429     3.429     1.621     0.9185      0.9185      0.9185      0.7265
49      A         B           49           LYS           98.41            90     90     36     3.429     3.429     1.621     0.8642      0.8642      0.8642      0.6045
50      A         B           50           LYS           97.61            90     90     36     3.429     3.429     1.621     0.8552      0.8552      0.8552      0.5852
51      A         B           51           ILE           97.74            90     90     36     3.429     3.429     1.621     0.8619      0.8619      0.8619      0.5970
52      A         B           52           LYS           97.03            90     90     36     3.429     3.429     1.621     0.8166      0.8166      0.8166      0.5166
53      A         B           53           GLU           96.54            90     90     36     3.429     3.429     1.621     0.6656      0.6656      0.6656      0.3271
54      A         B           54           SER           89.93            90     90     36     3.429     3.429     1.621     0.2585      0.2585      0.2585      0.0748
55      B         A            1           CYS           95.88            90     90     54     3.429     3.429     2.405     0.5581      0.5581      0.5581      0.3890
56      B         A            2           SER           91.45            90     90     54     3.429     3.429     2.405     0.6405      0.6405      0.6405      0.4736
57      B         A            3           GLN           92.10            90     90     54     3.429     3.429     2.405     0.5039      0.5039      0.5039      0.3388
58      B         A            4           ASN           95.26            90     90     54     3.429     3.429     2.405     0.7706      0.7706      0.7706      0.6331
59      B         A            5           GLU           97.50            90     90     54     3.429     3.429     2.405     0.8901      0.8901      0.8901      0.8028
60      B         A            6           TYR           97.67            90     90     54     3.429     3.429     2.405     0.9305      0.9305      0.9305      0.8699
61      B         A            7           PHE           97.50            90     90     54     3.429     3.429     2.405     0.9381      0.9381      0.9381      0.8831
62      B         A            8           ASP           97.98            90     90     54     3.429     3.429     2.405     0.9450      0.9450      0.9450      0.8954
63      B         A            9           SER           95.22            90     90     54     3.429     3.429     2.405     0.8785      0.8785      0.8785      0.7841
64      B         A           10           LEU           96.79            90     90     54     3.429     3.429     2.405     0.9403      0.9403      0.9403      0.8873
65      B         A           11           LEU           97.86            90     90     54     3.429     3.429     2.405     0.9475      0.9475      0.9475      0.9004
66      B         A           12           HIS           97.08            90     90     54     3.429     3.429     2.405     0.9384      0.9384      0.9384      0.8839
67      B         A           13           ALA           97.78            90     90     54     3.429     3.429     2.405     0.9236      0.9236      0.9236      0.8579
68      B         A           14           CYS           97.82            90     90     54     3.429     3.429     2.405     0.9360      0.9360      0.9360      0.8794
69      B         A           15           ILE           98.23            90     90     54     3.429     3.429     2.405     0.9435      0.9435      0.9435      0.8930
70      B         A           16           PRO           97.70            90     90     54     3.429     3.429     2.405     0.9315      0.9315      0.9315      0.8720
71      B         A           17           CYS           98.05            90     90     54     3.429     3.429     2.405     0.9147      0.9147      0.9147      0.8445
72      B         A           18           GLN           95.68            90     90     54     3.429     3.429     2.405     0.8617      0.8617      0.8617      0.7630
73      B         A           19           LEU           97.96            90     90     54     3.429     3.429     2.405     0.9243      0.9243      0.9243      0.8625
74      B         A           20           ARG           97.09            90     90     54     3.429     3.429     2.405     0.8862      0.8862      0.8862      0.8015
75      B         A           21           CYS           95.52            90     90     54     3.429     3.429     2.405     0.8209      0.8209      0.8209      0.7020
76      B         A           22           SER           89.03            90     90     54     3.429     3.429     2.405     0.6456      0.6456      0.6456      0.4912
77      B         A           23           SER           91.21            90     90     54     3.429     3.429     2.405     0.6284      0.6284      0.6284      0.4737
78      B         A           24           ASN           87.63            90     90     54     3.429     3.429     2.405     0.5342      0.5342      0.5342      0.3785
79      B         A           25           THR           89.86            90     90     54     3.429     3.429     2.405     0.6060      0.6060      0.6060      0.4423
80      B         A           26           PRO           95.10            90     90     54     3.429     3.429     2.405     0.7404      0.7404      0.7404      0.5937
81      B         A           27           PRO           95.71            90     90     54     3.429     3.429     2.405     0.8241      0.8241      0.8241      0.7055
82      B         A           28           LEU           93.82            90     90     54     3.429     3.429     2.405     0.7727      0.7727      0.7727      0.6338
83      B         A           29           THR           93.68            90     90     54     3.429     3.429     2.405     0.7490      0.7490      0.7490      0.6030
84      B         A           30           CYS           97.46            90     90     54     3.429     3.429     2.405     0.8440      0.8440      0.8440      0.7320
85      B         A           31           GLN           95.96            90     90     54     3.429     3.429     2.405     0.7991      0.7991      0.7991      0.6671
86      B         A           32           ARG           93.52            90     90     54     3.429     3.429     2.405     0.6520      0.6520      0.6520      0.4873
87      B         A           33           TYR           96.33            90     90     54     3.429     3.429     2.405     0.7946      0.7946      0.7946      0.6638
88      B         A           34           CYS           96.66            90     90     54     3.429     3.429     2.405     0.7413      0.7413      0.7413      0.5949
89      B         A           35           ASN           92.73            90     90     54     3.429     3.429     2.405     0.5654      0.5654      0.5654      0.3975
90      B         A           36           ALA           85.13            90     90     33     3.429     3.429     1.450     0.1361      0.1680      0.1680      0.0353
