i   AlignChn ScoredChain  AlignResNum  AlignResType  AlignRespLDDT      n0chn  n0dom  n0res    d0chn     d0dom     d0res   ipTM_pae  ipSAE_d0chn ipSAE_d0dom    ipSAE 
1       A         B            1           LYS           82.76           100     99      0     3.652     3.631     1.001     0.0602      0.0000      0.0000      0.0000
2       A         B            2           LEU           93.76           100     99     36     3.652     3.631     1.621     0.4426      0.4426      0.4398      0.1413
3       A         B            3           SER           95.93           100     99     36     3.652     3.631     1.621     0.6666      0.6666      0.6641      0.2945
4       A         B            4           LYS           96.43           100     99     36     3.652     3.631     1.621     0.6885      0.6885      0.6860      0.3178
5       A         B            5           GLU           96.99           100     99     36     3.652     3.631     1.621     0.6861      0.6861      0.6836      0.3153
6       A         B            6           GLU           97.08           100     99     36     3.652     3.631     1.621     0.6980      0.6980      0.6956      0.3299
7       A         B            7           GLN           97.51           100     99     36     3.652     3.631     1.621     0.7846      0.7846      0.7827      0.4386
8       A         B            8           ARG           98.15           100     99     36     3.652     3.631     1.621     0.7926      0.7926      0.7908      0.4528
9       A         B            9           LYS           98.25           100     99     36     3.652     3.631     1.621     0.7324      0.7324      0.7302      0.3667
10      A         B           10           TRP           97.90           100     99     36     3.652     3.631     1.621     0.7960      0.7960      0.7941      0.4552
11      A         B           11           ILE           98.60           100     99     36     3.652     3.631     1.621     0.8140      0.8140      0.8123      0.4871
12      A         B           12           GLU           98.15           100     99     36     3.652     3.631     1.621     0.7631      0.7631      0.7610      0.4098
13      A         B           13           GLU           97.84           100     99     36     3.652     3.631     1.621     0.7036      0.7036      0.7012      0.3341
14      A         B           14           ASN           98.22           100     99     36     3.652     3.631     1.621     0.7779      0.7779      0.7759      0.4287
15      A         B           15           LYS           97.74           100     99     36     3.652     3.631     1.621     0.7725      0.7725      0.7705      0.4168
16      A         B           16           GLU           97.53           100     99     36     3.652     3.631     1.621     0.7167      0.7167      0.7144      0.3496
17      A         B           17           LYS           97.90           100     99     36     3.652     3.631     1.621     0.7999      0.7999      0.7981      0.4684
18      A         B           18           VAL           98.47           100     99     36     3.652     3.631     1.621     0.8586      0.8586      0.8572      0.5728
19      A         B           19           LEU           97.29           100     99     36     3.652     3.631     1.621     0.8279      0.8279      0.8263      0.5116
20      A         B           20           LYS           96.90           100     99     36     3.652     3.631     1.621     0.7743      0.7743      0.7723      0.4259
21      A         B           21           VAL           97.28           100     99     36     3.652     3.631     1.621     0.8312      0.8312      0.8297      0.5198
22      A         B           22           VAL           97.23           100     99     36     3.652     3.631     1.621     0.8135      0.8135      0.8117      0.4826
23      A         B           23           LEU           94.93           100     99     36     3.652     3.631     1.621     0.7279      0.7279      0.7257      0.3657
24      A         B           24           SER           94.50           100     99     36     3.652     3.631     1.621     0.5642      0.5642      0.5614      0.2137
25      A         B           25           SER           93.09           100     99     36     3.652     3.631     1.621     0.5290      0.5290      0.5261      0.1911
26      A         B           26           GLU           90.22           100     99     36     3.652     3.631     1.621     0.3748      0.3748      0.3722      0.1103
27      A         B           27           HIS           85.86           100     99     36     3.652     3.631     1.621     0.4451      0.4451      0.4423      0.1425
28      A         B           28           LYS           90.91           100     99     36     3.652     3.631     1.621     0.4738      0.4738      0.4709      0.1560
29      A         B           29           GLU           89.25           100     99     36     3.652     3.631     1.621     0.5341      0.5341      0.5313      0.1891
30      A         B           30           TRP           91.63           100     99     36     3.652     3.631     1.621     0.6006      0.6006      0.5978      0.2339
31      A         B           31           TYR           94.49           100     99     36     3.652     3.631     1.621     0.6694      0.6694      0.6669      0.2960
32      A         B           32           ALA           89.64           100     99     36     3.652     3.631     1.621     0.5262      0.5262      0.5234      0.1939
33      A         B           33           GLY           88.78           100     99     36     3.652     3.631     1.621     0.4236      0.4236      0.4209      0.1335
34      A         B           34           MET           93.18           100     99     36     3.652     3.631     1.621     0.6477      0.6477      0.6451      0.2752
35      A         B           35           SER           94.64           100     99     36     3.652     3.631     1.621     0.7501      0.7501      0.7479      0.3844
36      A         B           36           TRP           97.33           100     99     36     3.652     3.631     1.621     0.8334      0.8334      0.8318      0.5183
37      A         B           37           GLU           96.48           100     99     36     3.652     3.631     1.621     0.8217      0.8217      0.8200      0.4973
38      A         B           38           GLU           95.66           100     99     36     3.652     3.631     1.621     0.8459      0.8459      0.8444      0.5445
39      A         B           39           LEU           97.23           100     99     36     3.652     3.631     1.621     0.8644      0.8644      0.8631      0.5830
40      A         B           40           LYS           97.59           100     99     36     3.652     3.631     1.621     0.8561      0.8561      0.8547      0.5648
41      A         B           41           LYS           97.39           100     99     36     3.652     3.631     1.621     0.8629      0.8629      0.8616      0.5859
42      A         B           42           ILE           97.92           100     99     36     3.652     3.631     1.621     0.8904      0.8904      0.8893      0.6440
43      A         B           43           PHE           98.72           100     99     36     3.652     3.631     1.621     0.8994      0.8994      0.8984      0.6720
44      A         B           44           ASP           98.45           100     99     36     3.652     3.631     1.621     0.8801      0.8801      0.8789      0.6251
45      A         B           45           TYR           98.43           100     99     36     3.652     3.631     1.621     0.8879      0.8879      0.8867      0.6429
46      A         B           46           VAL           98.67           100     99     36     3.652     3.631     1.621     0.8925      0.8925      0.8915      0.6568
47      A         B           47           ILE           98.51           100     99     36     3.652     3.631     1.621     0.8886      0.8886      0.8875      0.6435
48      A         B           48           GLU           97.94           100     99     36     3.652     3.631     1.621     0.8333      0.8333      0.8317      0.5302
49      A         B           49           ASN           97.41           100     99     36     3.652     3.631     1.621     0.8425      0.8425      0.8410      0.5481
50      A         B           50           TYR           97.81           100     99     36     3.652     3.631     1.621     0.8490      0.8490      0.8476      0.5622
51      A         B           51           PRO           94.39           100     99     36     3.652     3.631     1.621     0.7815      0.7815      0.7796      0.4487
52      A         B           52           GLU           95.18           100     99     36     3.652     3.631     1.621     0.7567      0.7567      0.7547      0.4202
53      A         B           53           SER           96.91           100     99     36     3.652     3.631     1.621     0.8083      0.8083      0.8066      0.4875
54      A         B           54           MET           98.05           100     99     36     3.652     3.631     1.621     0.8460      0.8460      0.8446      0.5591
55      A         B           55           GLU           96.41           100     99     36     3.652     3.631     1.621     0.8053      0.8053      0.8035      0.4881
56      A         B           56           ARG           96.59           100     99     36     3.652     3.631     1.621     0.7985      0.7985      0.7967      0.4672
57      A         B           57           PHE           98.16           100     99     36     3.652     3.631     1.621     0.8646      0.8646      0.8634      0.5967
58      A         B           58           LEU           98.01           100     99     36     3.652     3.631     1.621     0.8436      0.8436      0.8422      0.5575
59      A         B           59           GLU           95.71           100     99     36     3.652     3.631     1.621     0.7720      0.7720      0.7701      0.4349
60      A         B           60           MET           95.81           100     99     36     3.652     3.631     1.621     0.7596      0.7596      0.7575      0.4105
61      A         B           61           VAL           97.99           100     99     36     3.652     3.631     1.621     0.7985      0.7985      0.7967      0.4724
62      A         B           62           GLU           95.60           100     99     36     3.652     3.631     1.621     0.7182      0.7182      0.7160      0.3621
63      A         B           63           LYS           93.18           100     99     36     3.652     3.631     1.621     0.4126      0.4126      0.4099      0.1307
64      A         B           64           GLU           83.89           100     99     20     3.652     3.631     1.001     0.1314      0.1533      0.1518      0.0136
65      B         A            1           CYS           92.17           100    100     64     3.652     3.652     2.738     0.3261      0.3261      0.3261      0.2167
66      B         A            2           SER           88.96           100    100     64     3.652     3.652     2.738     0.3663      0.3663      0.3663      0.2495
67      B         A            3           GLN           90.74           100    100     64     3.652     3.652     2.738     0.2886      0.2886      0.2886      0.1880
68      B         A            4           ASN           93.88           100    100     64     3.652     3.652     2.738     0.5641      0.5641      0.5641      0.4275
69      B         A            5           GLU           96.82           100    100     64     3.652     3.652     2.738     0.7607      0.7607      0.7607      0.6451
70      B         A            6           TYR           95.37           100    100     64     3.652     3.652     2.738     0.8428      0.8428      0.8428      0.7537
71      B         A            7           PHE           95.84           100    100     64     3.652     3.652     2.738     0.8756      0.8756      0.8756      0.8007
72      B         A            8           ASP           96.82           100    100     64     3.652     3.652     2.738     0.8828      0.8828      0.8828      0.8111
73      B         A            9           SER           93.28           100    100     64     3.652     3.652     2.738     0.8103      0.8103      0.8103      0.7102
74      B         A           10           LEU           96.32           100    100     64     3.652     3.652     2.738     0.8989      0.8989      0.8989      0.8351
75      B         A           11           LEU           97.67           100    100     64     3.652     3.652     2.738     0.9080      0.9080      0.9080      0.8493
76      B         A           12           HIS           97.18           100    100     64     3.652     3.652     2.738     0.8824      0.8824      0.8824      0.8109
77      B         A           13           ALA           97.68           100    100     64     3.652     3.652     2.738     0.8489      0.8489      0.8489      0.7627
78      B         A           14           CYS           97.81           100    100     64     3.652     3.652     2.738     0.8550      0.8550      0.8550      0.7717
79      B         A           15           ILE           97.41           100    100     64     3.652     3.652     2.738     0.8562      0.8562      0.8562      0.7732
80      B         A           16           PRO           97.36           100    100     64     3.652     3.652     2.738     0.8250      0.8250      0.8250      0.7305
81      B         A           17           CYS           97.00           100    100     64     3.652     3.652     2.738     0.7830      0.7830      0.7830      0.6758
82      B         A           18           GLN           95.90           100    100     64     3.652     3.652     2.738     0.7108      0.7108      0.7108      0.5880
83      B         A           19           LEU           97.30           100    100     64     3.652     3.652     2.738     0.8018      0.8018      0.8018      0.6996
84      B         A           20           ARG           95.55           100    100     64     3.652     3.652     2.738     0.6525      0.6525      0.6525      0.5224
85      B         A           21           CYS           93.24           100    100     64     3.652     3.652     2.738     0.5125      0.5125      0.5125      0.3809
86      B         A           22           SER           85.94           100    100     64     3.652     3.652     2.738     0.3161      0.3161      0.3161      0.2122
87      B         A           23           SER           86.61           100    100     64     3.652     3.652     2.738     0.3135      0.3135      0.3135      0.2109
88      B         A           24           ASN           82.19           100    100     64     3.652     3.652     2.738     0.2731      0.2731      0.2731      0.1797
89      B         A           25           THR           84.90           100    100     64     3.652     3.652     2.738     0.3403      0.3403      0.3403      0.2318
90      B         A           26           PRO           90.20           100    100     64     3.652     3.652     2.738     0.4617      0.4617      0.4617      0.3333
91      B         A           27           PRO           92.19           100    100     64     3.652     3.652     2.738     0.5825      0.5825      0.5825      0.4467
92      B         A           28           LEU           88.84           100    100     64     3.652     3.652     2.738     0.5272      0.5272      0.5272      0.3907
93      B         A           29           THR           89.82           100    100     64     3.652     3.652     2.738     0.4968      0.4968      0.4968      0.3623
94      B         A           30           CYS           94.85           100    100     64     3.652     3.652     2.738     0.6003      0.6003      0.6003      0.4636
95      B         A           31           GLN           91.96           100    100     64     3.652     3.652     2.738     0.5381      0.5381      0.5381      0.4009
96      B         A           32           ARG           91.07           100    100     64     3.652     3.652     2.738     0.4078      0.4078      0.4078      0.2830
97      B         A           33           TYR           94.98           100    100     64     3.652     3.652     2.738     0.5184      0.5184      0.5184      0.3821
98      B         A           34           CYS           93.81           100    100     64     3.652     3.652     2.738     0.4234      0.4234      0.4234      0.2969
99      B         A           35           ASN           89.84           100    100     64     3.652     3.652     2.738     0.2510      0.2510      0.2510      0.1603
100     B         A           36           ALA           78.79           100    100      2     3.652     3.652     1.001     0.0580      0.1341      0.1341      0.0115
