i   AlignChn ScoredChain  AlignResNum  AlignResType  AlignRespLDDT      n0chn  n0dom  n0res    d0chn     d0dom     d0res   ipTM_pae  ipSAE_d0chn ipSAE_d0dom    ipSAE 
1       A         B            1           LYS           82.63           100    100      1     3.652     3.652     1.001     0.0686      0.1327      0.1327      0.0114
2       A         B            2           LEU           94.01           100    100     36     3.652     3.652     1.621     0.4752      0.4752      0.4752      0.1583
3       A         B            3           SER           96.07           100    100     36     3.652     3.652     1.621     0.6896      0.6896      0.6896      0.3169
4       A         B            4           LYS           96.68           100    100     36     3.652     3.652     1.621     0.7297      0.7297      0.7297      0.3624
5       A         B            5           GLU           97.11           100    100     36     3.652     3.652     1.621     0.7158      0.7158      0.7158      0.3469
6       A         B            6           GLU           97.05           100    100     36     3.652     3.652     1.621     0.7263      0.7263      0.7263      0.3619
7       A         B            7           GLN           97.10           100    100     36     3.652     3.652     1.621     0.8042      0.8042      0.8042      0.4642
8       A         B            8           ARG           98.12           100    100     36     3.652     3.652     1.621     0.8166      0.8166      0.8166      0.4901
9       A         B            9           LYS           98.27           100    100     36     3.652     3.652     1.621     0.7573      0.7573      0.7573      0.3986
10      A         B           10           TRP           97.88           100    100     36     3.652     3.652     1.621     0.8229      0.8229      0.8229      0.4987
11      A         B           11           ILE           98.59           100    100     36     3.652     3.652     1.621     0.8373      0.8373      0.8373      0.5268
12      A         B           12           GLU           98.19           100    100     36     3.652     3.652     1.621     0.7947      0.7947      0.7947      0.4551
13      A         B           13           GLU           98.01           100    100     36     3.652     3.652     1.621     0.7360      0.7360      0.7360      0.3715
14      A         B           14           ASN           98.32           100    100     36     3.652     3.652     1.621     0.8078      0.8078      0.8078      0.4744
15      A         B           15           LYS           97.85           100    100     36     3.652     3.652     1.621     0.8003      0.8003      0.8003      0.4588
16      A         B           16           GLU           97.63           100    100     36     3.652     3.652     1.621     0.7427      0.7427      0.7427      0.3806
17      A         B           17           LYS           97.93           100    100     36     3.652     3.652     1.621     0.8209      0.8209      0.8209      0.5032
18      A         B           18           VAL           98.48           100    100     36     3.652     3.652     1.621     0.8742      0.8742      0.8742      0.6040
19      A         B           19           LEU           97.37           100    100     36     3.652     3.652     1.621     0.8495      0.8495      0.8495      0.5505
20      A         B           20           LYS           97.03           100    100     36     3.652     3.652     1.621     0.7974      0.7974      0.7974      0.4605
21      A         B           21           VAL           97.36           100    100     36     3.652     3.652     1.621     0.8522      0.8522      0.8522      0.5591
22      A         B           22           VAL           97.31           100    100     36     3.652     3.652     1.621     0.8399      0.8399      0.8399      0.5298
23      A         B           23           LEU           95.23           100    100     36     3.652     3.652     1.621     0.7670      0.7670      0.7670      0.4160
24      A         B           24           SER           94.65           100    100     36     3.652     3.652     1.621     0.6233      0.6233      0.6233      0.2602
25      A         B           25           SER           93.11           100    100     36     3.652     3.652     1.621     0.6034      0.6034      0.6034      0.2440
26      A         B           26           GLU           90.01           100    100     36     3.652     3.652     1.621     0.4614      0.4614      0.4614      0.1515
27      A         B           27           HIS           85.34           100    100     36     3.652     3.652     1.621     0.5237      0.5237      0.5237      0.1871
28      A         B           28           LYS           90.77           100    100     36     3.652     3.652     1.621     0.5610      0.5610      0.5610      0.2095
29      A         B           29           GLU           87.86           100    100     36     3.652     3.652     1.621     0.5935      0.5935      0.5935      0.2300
30      A         B           30           TRP           90.43           100    100     36     3.652     3.652     1.621     0.6502      0.6502      0.6502      0.2746
31      A         B           31           TYR           94.02           100    100     36     3.652     3.652     1.621     0.7210      0.7210      0.7210      0.3507
32      A         B           32           ALA           89.59           100    100     36     3.652     3.652     1.621     0.5857      0.5857      0.5857      0.2358
33      A         B           33           GLY           88.22           100    100     36     3.652     3.652     1.621     0.4724      0.4724      0.4724      0.1581
34      A         B           34           MET           92.75           100    100     36     3.652     3.652     1.621     0.6943      0.6943      0.6943      0.3199
35      A         B           35           SER           93.94           100    100     36     3.652     3.652     1.621     0.7788      0.7788      0.7788      0.4234
36      A         B           36           TRP           97.26           100    100     36     3.652     3.652     1.621     0.8549      0.8549      0.8549      0.5580
37      A         B           37           GLU           96.22           100    100     36     3.652     3.652     1.621     0.8399      0.8399      0.8399      0.5292
38      A         B           38           GLU           94.98           100    100     36     3.652     3.652     1.621     0.8717      0.8717      0.8717      0.5971
39      A         B           39           LEU           96.91           100    100     36     3.652     3.652     1.621     0.8836      0.8836      0.8836      0.6236
40      A         B           40           LYS           97.49           100    100     36     3.652     3.652     1.621     0.8739      0.8739      0.8739      0.6015
41      A         B           41           LYS           97.28           100    100     36     3.652     3.652     1.621     0.8860      0.8860      0.8860      0.6356
42      A         B           42           ILE           97.75           100    100     36     3.652     3.652     1.621     0.9137      0.9137      0.9137      0.7026
43      A         B           43           PHE           98.67           100    100     36     3.652     3.652     1.621     0.9136      0.9136      0.9136      0.7046
44      A         B           44           ASP           98.35           100    100     36     3.652     3.652     1.621     0.8953      0.8953      0.8953      0.6574
45      A         B           45           TYR           98.38           100    100     36     3.652     3.652     1.621     0.9061      0.9061      0.9061      0.6851
46      A         B           46           VAL           98.63           100    100     36     3.652     3.652     1.621     0.9124      0.9124      0.9124      0.7026
47      A         B           47           ILE           98.47           100    100     36     3.652     3.652     1.621     0.9022      0.9022      0.9022      0.6736
48      A         B           48           GLU           97.86           100    100     36     3.652     3.652     1.621     0.8524      0.8524      0.8524      0.5635
49      A         B           49           ASN           97.35           100    100     36     3.652     3.652     1.621     0.8559      0.8559      0.8559      0.5727
50      A         B           50           TYR           97.78           100    100     36     3.652     3.652     1.621     0.8635      0.8635      0.8635      0.5895
51      A         B           51           PRO           92.87           100    100     36     3.652     3.652     1.621     0.7664      0.7664      0.7664      0.4293
52      A         B           52           GLU           95.09           100    100     36     3.652     3.652     1.621     0.7745      0.7745      0.7745      0.4459
53      A         B           53           SER           96.78           100    100     36     3.652     3.652     1.621     0.8283      0.8283      0.8283      0.5216
54      A         B           54           MET           97.81           100    100     36     3.652     3.652     1.621     0.8629      0.8629      0.8629      0.5896
55      A         B           55           GLU           96.53           100    100     36     3.652     3.652     1.621     0.8309      0.8309      0.8309      0.5296
56      A         B           56           ARG           96.55           100    100     36     3.652     3.652     1.621     0.8283      0.8283      0.8283      0.5165
57      A         B           57           PHE           98.11           100    100     36     3.652     3.652     1.621     0.8817      0.8817      0.8817      0.6307
58      A         B           58           LEU           98.01           100    100     36     3.652     3.652     1.621     0.8659      0.8659      0.8659      0.5969
59      A         B           59           GLU           96.17           100    100     36     3.652     3.652     1.621     0.7986      0.7986      0.7986      0.4731
60      A         B           60           MET           95.87           100    100     36     3.652     3.652     1.621     0.7815      0.7815      0.7815      0.4397
61      A         B           61           VAL           98.00           100    100     36     3.652     3.652     1.621     0.8195      0.8195      0.8195      0.5054
62      A         B           62           GLU           96.24           100    100     36     3.652     3.652     1.621     0.7460      0.7460      0.7460      0.3952
63      A         B           63           LYS           92.94           100    100     36     3.652     3.652     1.621     0.4388      0.4388      0.4388      0.1444
64      A         B           64           GLU           84.33           100    100     31     3.652     3.652     1.325     0.1581      0.1659      0.1659      0.0258
65      B         A            1           CYS           92.28           100    100     64     3.652     3.652     2.738     0.3639      0.3639      0.3639      0.2468
66      B         A            2           SER           89.30           100    100     64     3.652     3.652     2.738     0.4143      0.4143      0.4143      0.2896
67      B         A            3           GLN           90.68           100    100     64     3.652     3.652     2.738     0.3034      0.3034      0.3034      0.1992
68      B         A            4           ASN           93.93           100    100     64     3.652     3.652     2.738     0.6000      0.6000      0.6000      0.4639
69      B         A            5           GLU           96.96           100    100     64     3.652     3.652     2.738     0.7952      0.7952      0.7952      0.6892
70      B         A            6           TYR           95.18           100    100     64     3.652     3.652     2.738     0.8635      0.8635      0.8635      0.7828
71      B         A            7           PHE           95.61           100    100     64     3.652     3.652     2.738     0.8922      0.8922      0.8922      0.8249
72      B         A            8           ASP           96.68           100    100     64     3.652     3.652     2.738     0.9029      0.9029      0.9029      0.8410
73      B         A            9           SER           93.28           100    100     64     3.652     3.652     2.738     0.8361      0.8361      0.8361      0.7451
74      B         A           10           LEU           96.33           100    100     64     3.652     3.652     2.738     0.9206      0.9206      0.9206      0.8682
75      B         A           11           LEU           97.66           100    100     64     3.652     3.652     2.738     0.9266      0.9266      0.9266      0.8779
76      B         A           12           HIS           97.11           100    100     64     3.652     3.652     2.738     0.9027      0.9027      0.9027      0.8409
77      B         A           13           ALA           97.49           100    100     64     3.652     3.652     2.738     0.8664      0.8664      0.8664      0.7874
78      B         A           14           CYS           97.69           100    100     64     3.652     3.652     2.738     0.8712      0.8712      0.8712      0.7946
79      B         A           15           ILE           97.35           100    100     64     3.652     3.652     2.738     0.8777      0.8777      0.8777      0.8038
80      B         A           16           PRO           97.29           100    100     64     3.652     3.652     2.738     0.8450      0.8450      0.8450      0.7576
81      B         A           17           CYS           96.99           100    100     64     3.652     3.652     2.738     0.8018      0.8018      0.8018      0.6998
82      B         A           18           GLN           95.89           100    100     64     3.652     3.652     2.738     0.7325      0.7325      0.7325      0.6138
83      B         A           19           LEU           97.14           100    100     64     3.652     3.652     2.738     0.8227      0.8227      0.8227      0.7273
84      B         A           20           ARG           95.35           100    100     64     3.652     3.652     2.738     0.6822      0.6822      0.6822      0.5556
85      B         A           21           CYS           93.13           100    100     64     3.652     3.652     2.738     0.5495      0.5495      0.5495      0.4166
86      B         A           22           SER           85.55           100    100     64     3.652     3.652     2.738     0.3522      0.3522      0.3522      0.2411
87      B         A           23           SER           85.65           100    100     64     3.652     3.652     2.738     0.3385      0.3385      0.3385      0.2309
88      B         A           24           ASN           80.50           100    100     64     3.652     3.652     2.738     0.2844      0.2844      0.2844      0.1885
89      B         A           25           THR           82.63           100    100     64     3.652     3.652     2.738     0.3589      0.3589      0.3589      0.2469
90      B         A           26           PRO           89.05           100    100     64     3.652     3.652     2.738     0.4727      0.4727      0.4727      0.3435
91      B         A           27           PRO           91.63           100    100     64     3.652     3.652     2.738     0.6093      0.6093      0.6093      0.4742
92      B         A           28           LEU           88.47           100    100     64     3.652     3.652     2.738     0.5633      0.5633      0.5633      0.4257
93      B         A           29           THR           89.78           100    100     64     3.652     3.652     2.738     0.5342      0.5342      0.5342      0.3973
94      B         A           30           CYS           94.70           100    100     64     3.652     3.652     2.738     0.6375      0.6375      0.6375      0.5031
95      B         A           31           GLN           91.93           100    100     64     3.652     3.652     2.738     0.5885      0.5885      0.5885      0.4510
96      B         A           32           ARG           91.47           100    100     64     3.652     3.652     2.738     0.4572      0.4572      0.4572      0.3260
97      B         A           33           TYR           94.98           100    100     64     3.652     3.652     2.738     0.5601      0.5601      0.5601      0.4227
98      B         A           34           CYS           94.00           100    100     64     3.652     3.652     2.738     0.4679      0.4679      0.4679      0.3363
99      B         A           35           ASN           89.90           100    100     64     3.652     3.652     2.738     0.2893      0.2893      0.2893      0.1884
100     B         A           36           ALA           78.76           100    100      7     3.652     3.652     1.001     0.0706      0.1372      0.1372      0.0118
