i   AlignChn ScoredChain  AlignResNum  AlignResType  AlignRespLDDT      n0chn  n0dom  n0res    d0chn     d0dom     d0res   ipTM_pae  ipSAE_d0chn ipSAE_d0dom    ipSAE 
1       A         B            1           LYS           82.04           100    100      4     3.652     3.652     1.001     0.0830      0.1422      0.1422      0.0123
2       A         B            2           LEU           92.65           100    100     36     3.652     3.652     1.621     0.5131      0.5131      0.5131      0.1800
3       A         B            3           SER           95.62           100    100     36     3.652     3.652     1.621     0.7252      0.7252      0.7252      0.3547
4       A         B            4           LYS           95.99           100    100     36     3.652     3.652     1.621     0.7591      0.7591      0.7591      0.3979
5       A         B            5           GLU           96.60           100    100     36     3.652     3.652     1.621     0.7416      0.7416      0.7416      0.3759
6       A         B            6           GLU           96.79           100    100     36     3.652     3.652     1.621     0.7624      0.7624      0.7624      0.4058
7       A         B            7           GLN           97.07           100    100     36     3.652     3.652     1.621     0.8399      0.8399      0.8399      0.5251
8       A         B            8           ARG           97.77           100    100     36     3.652     3.652     1.621     0.8429      0.8429      0.8429      0.5330
9       A         B            9           LYS           98.12           100    100     36     3.652     3.652     1.621     0.7937      0.7937      0.7937      0.4478
10      A         B           10           TRP           97.70           100    100     36     3.652     3.652     1.621     0.8526      0.8526      0.8526      0.5493
11      A         B           11           ILE           98.51           100    100     36     3.652     3.652     1.621     0.8683      0.8683      0.8683      0.5830
12      A         B           12           GLU           97.72           100    100     36     3.652     3.652     1.621     0.8155      0.8155      0.8155      0.4845
13      A         B           13           GLU           97.70           100    100     36     3.652     3.652     1.621     0.7620      0.7620      0.7620      0.4021
14      A         B           14           ASN           98.11           100    100     36     3.652     3.652     1.621     0.8324      0.8324      0.8324      0.5112
15      A         B           15           LYS           97.52           100    100     36     3.652     3.652     1.621     0.8294      0.8294      0.8294      0.5037
16      A         B           16           GLU           97.27           100    100     36     3.652     3.652     1.621     0.7792      0.7792      0.7792      0.4269
17      A         B           17           LYS           97.71           100    100     36     3.652     3.652     1.621     0.8509      0.8509      0.8509      0.5532
18      A         B           18           VAL           98.44           100    100     36     3.652     3.652     1.621     0.9042      0.9042      0.9042      0.6690
19      A         B           19           LEU           97.16           100    100     36     3.652     3.652     1.621     0.8827      0.8827      0.8827      0.6152
20      A         B           20           LYS           96.71           100    100     36     3.652     3.652     1.621     0.8385      0.8385      0.8385      0.5263
21      A         B           21           VAL           97.21           100    100     36     3.652     3.652     1.621     0.8875      0.8875      0.8875      0.6294
22      A         B           22           VAL           97.00           100    100     36     3.652     3.652     1.621     0.8798      0.8798      0.8798      0.6080
23      A         B           23           LEU           94.68           100    100     36     3.652     3.652     1.621     0.8155      0.8155      0.8155      0.4863
24      A         B           24           SER           94.08           100    100     36     3.652     3.652     1.621     0.6769      0.6769      0.6769      0.3089
25      A         B           25           SER           92.64           100    100     36     3.652     3.652     1.621     0.6927      0.6927      0.6927      0.3256
26      A         B           26           GLU           89.15           100    100     36     3.652     3.652     1.621     0.5681      0.5681      0.5681      0.2172
27      A         B           27           HIS           85.72           100    100     36     3.652     3.652     1.621     0.6428      0.6428      0.6428      0.2752
28      A         B           28           LYS           90.63           100    100     36     3.652     3.652     1.621     0.6822      0.6822      0.6822      0.3097
29      A         B           29           GLU           88.03           100    100     36     3.652     3.652     1.621     0.6963      0.6963      0.6963      0.3219
30      A         B           30           TRP           90.97           100    100     36     3.652     3.652     1.621     0.7704      0.7704      0.7704      0.4062
31      A         B           31           TYR           94.03           100    100     36     3.652     3.652     1.621     0.8091      0.8091      0.8091      0.4692
32      A         B           32           ALA           88.88           100    100     36     3.652     3.652     1.621     0.6628      0.6628      0.6628      0.3018
33      A         B           33           GLY           88.86           100    100     36     3.652     3.652     1.621     0.5396      0.5396      0.5396      0.2022
34      A         B           34           MET           93.01           100    100     36     3.652     3.652     1.621     0.7727      0.7727      0.7727      0.4145
35      A         B           35           SER           94.28           100    100     36     3.652     3.652     1.621     0.8248      0.8248      0.8248      0.4953
36      A         B           36           TRP           97.01           100    100     36     3.652     3.652     1.621     0.8868      0.8868      0.8868      0.6224
37      A         B           37           GLU           96.12           100    100     36     3.652     3.652     1.621     0.8770      0.8770      0.8770      0.5987
38      A         B           38           GLU           95.18           100    100     36     3.652     3.652     1.621     0.9006      0.9006      0.9006      0.6587
39      A         B           39           LEU           96.68           100    100     36     3.652     3.652     1.621     0.9110      0.9110      0.9110      0.6850
40      A         B           40           LYS           97.09           100    100     36     3.652     3.652     1.621     0.8966      0.8966      0.8966      0.6485
41      A         B           41           LYS           97.09           100    100     36     3.652     3.652     1.621     0.9137      0.9137      0.9137      0.6957
42      A         B           42           ILE           97.70           100    100     36     3.652     3.652     1.621     0.9366      0.9366      0.9366      0.7606
43      A         B           43           PHE           98.61           100    100     36     3.652     3.652     1.621     0.9343      0.9343      0.9343      0.7544
44      A         B           44           ASP           98.24           100    100     36     3.652     3.652     1.621     0.9155      0.9155      0.9155      0.7007
45      A         B           45           TYR           98.21           100    100     36     3.652     3.652     1.621     0.9300      0.9300      0.9300      0.7418
46      A         B           46           VAL           98.56           100    100     36     3.652     3.652     1.621     0.9334      0.9334      0.9334      0.7528
47      A         B           47           ILE           98.21           100    100     36     3.652     3.652     1.621     0.9182      0.9182      0.9182      0.7089
48      A         B           48           GLU           97.64           100    100     36     3.652     3.652     1.621     0.8745      0.8745      0.8745      0.6029
49      A         B           49           ASN           96.82           100    100     36     3.652     3.652     1.621     0.8832      0.8832      0.8832      0.6243
50      A         B           50           TYR           97.35           100    100     36     3.652     3.652     1.621     0.8880      0.8880      0.8880      0.6356
51      A         B           51           PRO           93.48           100    100     36     3.652     3.652     1.621     0.8164      0.8164      0.8164      0.4975
52      A         B           52           GLU           94.60           100    100     36     3.652     3.652     1.621     0.8046      0.8046      0.8046      0.4857
53      A         B           53           SER           96.54           100    100     36     3.652     3.652     1.621     0.8533      0.8533      0.8533      0.5645
54      A         B           54           MET           97.71           100    100     36     3.652     3.652     1.621     0.8875      0.8875      0.8875      0.6367
55      A         B           55           GLU           96.23           100    100     36     3.652     3.652     1.621     0.8527      0.8527      0.8527      0.5647
56      A         B           56           ARG           96.31           100    100     36     3.652     3.652     1.621     0.8572      0.8572      0.8572      0.5688
57      A         B           57           PHE           97.98           100    100     36     3.652     3.652     1.621     0.9053      0.9053      0.9053      0.6789
58      A         B           58           LEU           97.85           100    100     36     3.652     3.652     1.621     0.8891      0.8891      0.8891      0.6408
59      A         B           59           GLU           95.67           100    100     36     3.652     3.652     1.621     0.8279      0.8279      0.8279      0.5153
60      A         B           60           MET           95.75           100    100     36     3.652     3.652     1.621     0.8272      0.8272      0.8272      0.5094
61      A         B           61           VAL           97.86           100    100     36     3.652     3.652     1.621     0.8529      0.8529      0.8529      0.5604
62      A         B           62           GLU           95.06           100    100     36     3.652     3.652     1.621     0.7758      0.7758      0.7758      0.4313
63      A         B           63           LYS           92.44           100    100     36     3.652     3.652     1.621     0.4768      0.4768      0.4768      0.1634
64      A         B           64           GLU           82.54           100    100     34     3.652     3.652     1.509     0.1671      0.1705      0.1705      0.0344
65      B         A            1           CYS           91.44           100    100     64     3.652     3.652     2.738     0.3835      0.3835      0.3835      0.2629
66      B         A            2           SER           85.98           100    100     64     3.652     3.652     2.738     0.4118      0.4118      0.4118      0.2874
67      B         A            3           GLN           89.36           100    100     64     3.652     3.652     2.738     0.3257      0.3257      0.3257      0.2163
68      B         A            4           ASN           92.69           100    100     64     3.652     3.652     2.738     0.6170      0.6170      0.6170      0.4813
69      B         A            5           GLU           96.18           100    100     64     3.652     3.652     2.738     0.8072      0.8072      0.8072      0.7052
70      B         A            6           TYR           94.68           100    100     64     3.652     3.652     2.738     0.8883      0.8883      0.8883      0.8187
71      B         A            7           PHE           95.13           100    100     64     3.652     3.652     2.738     0.9135      0.9135      0.9135      0.8570
72      B         A            8           ASP           96.41           100    100     64     3.652     3.652     2.738     0.9226      0.9226      0.9226      0.8711
73      B         A            9           SER           93.04           100    100     64     3.652     3.652     2.738     0.8686      0.8686      0.8686      0.7907
74      B         A           10           LEU           96.13           100    100     64     3.652     3.652     2.738     0.9382      0.9382      0.9382      0.8958
75      B         A           11           LEU           97.56           100    100     64     3.652     3.652     2.738     0.9427      0.9427      0.9427      0.9032
76      B         A           12           HIS           96.96           100    100     64     3.652     3.652     2.738     0.9243      0.9243      0.9243      0.8739
77      B         A           13           ALA           97.23           100    100     64     3.652     3.652     2.738     0.8832      0.8832      0.8832      0.8118
78      B         A           14           CYS           97.32           100    100     64     3.652     3.652     2.738     0.8927      0.8927      0.8927      0.8258
79      B         A           15           ILE           97.09           100    100     64     3.652     3.652     2.738     0.8995      0.8995      0.8995      0.8359
80      B         A           16           PRO           96.92           100    100     64     3.652     3.652     2.738     0.8681      0.8681      0.8681      0.7900
81      B         A           17           CYS           96.80           100    100     64     3.652     3.652     2.738     0.8319      0.8319      0.8319      0.7400
82      B         A           18           GLN           95.56           100    100     64     3.652     3.652     2.738     0.7641      0.7641      0.7641      0.6524
83      B         A           19           LEU           97.03           100    100     64     3.652     3.652     2.738     0.8622      0.8622      0.8622      0.7818
84      B         A           20           ARG           95.29           100    100     64     3.652     3.652     2.738     0.7660      0.7660      0.7660      0.6550
85      B         A           21           CYS           93.56           100    100     64     3.652     3.652     2.738     0.6541      0.6541      0.6541      0.5249
86      B         A           22           SER           86.67           100    100     64     3.652     3.652     2.738     0.4581      0.4581      0.4581      0.3321
87      B         A           23           SER           86.66           100    100     64     3.652     3.652     2.738     0.4710      0.4710      0.4710      0.3449
88      B         A           24           ASN           81.70           100    100     64     3.652     3.652     2.738     0.4214      0.4214      0.4214      0.3013
89      B         A           25           THR           82.55           100    100     64     3.652     3.652     2.738     0.4902      0.4902      0.4902      0.3635
90      B         A           26           PRO           89.90           100    100     64     3.652     3.652     2.738     0.6162      0.6162      0.6162      0.4855
91      B         A           27           PRO           91.08           100    100     64     3.652     3.652     2.738     0.7038      0.7038      0.7038      0.5798
92      B         A           28           LEU           87.02           100    100     64     3.652     3.652     2.738     0.6505      0.6505      0.6505      0.5184
93      B         A           29           THR           88.22           100    100     64     3.652     3.652     2.738     0.6071      0.6071      0.6071      0.4718
94      B         A           30           CYS           94.16           100    100     64     3.652     3.652     2.738     0.7168      0.7168      0.7168      0.5932
95      B         A           31           GLN           91.53           100    100     64     3.652     3.652     2.738     0.6694      0.6694      0.6694      0.5380
96      B         A           32           ARG           89.86           100    100     64     3.652     3.652     2.738     0.5130      0.5130      0.5130      0.3783
97      B         A           33           TYR           94.49           100    100     64     3.652     3.652     2.738     0.6497      0.6497      0.6497      0.5165
98      B         A           34           CYS           93.83           100    100     64     3.652     3.652     2.738     0.5707      0.5707      0.5707      0.4349
99      B         A           35           ASN           89.86           100    100     64     3.652     3.652     2.738     0.3721      0.3721      0.3721      0.2533
100     B         A           36           ALA           79.98           100    100     18     3.652     3.652     1.001     0.1045      0.1718      0.1718      0.0155
