i   AlignChn ScoredChain  AlignResNum  AlignResType  AlignRespLDDT      n0chn  n0dom  n0res    d0chn     d0dom     d0res   ipTM_pae  ipSAE_d0chn ipSAE_d0dom    ipSAE 
1       A         B            1           LYS           80.60           100    100      7     3.652     3.652     1.001     0.0878      0.1417      0.1417      0.0123
2       A         B            2           LEU           93.38           100    100     36     3.652     3.652     1.621     0.5792      0.5792      0.5792      0.2256
3       A         B            3           SER           96.22           100    100     36     3.652     3.652     1.621     0.7668      0.7668      0.7668      0.4079
4       A         B            4           LYS           96.72           100    100     36     3.652     3.652     1.621     0.7947      0.7947      0.7947      0.4494
5       A         B            5           GLU           97.14           100    100     36     3.652     3.652     1.621     0.7774      0.7774      0.7774      0.4247
6       A         B            6           GLU           97.24           100    100     36     3.652     3.652     1.621     0.7982      0.7982      0.7982      0.4581
7       A         B            7           GLN           97.92           100    100     36     3.652     3.652     1.621     0.8710      0.8710      0.8710      0.5900
8       A         B            8           ARG           97.97           100    100     36     3.652     3.652     1.621     0.8603      0.8603      0.8603      0.5677
9       A         B            9           LYS           98.24           100    100     36     3.652     3.652     1.621     0.8081      0.8081      0.8081      0.4707
10      A         B           10           TRP           97.91           100    100     36     3.652     3.652     1.621     0.8642      0.8642      0.8642      0.5733
11      A         B           11           ILE           98.41           100    100     36     3.652     3.652     1.621     0.8717      0.8717      0.8717      0.5909
12      A         B           12           GLU           97.64           100    100     36     3.652     3.652     1.621     0.8291      0.8291      0.8291      0.5075
13      A         B           13           GLU           97.58           100    100     36     3.652     3.652     1.621     0.7758      0.7758      0.7758      0.4206
14      A         B           14           ASN           97.94           100    100     36     3.652     3.652     1.621     0.8424      0.8424      0.8424      0.5298
15      A         B           15           LYS           97.37           100    100     36     3.652     3.652     1.621     0.8294      0.8294      0.8294      0.5037
16      A         B           16           GLU           96.70           100    100     36     3.652     3.652     1.621     0.7722      0.7722      0.7722      0.4161
17      A         B           17           LYS           96.97           100    100     36     3.652     3.652     1.621     0.8527      0.8527      0.8527      0.5565
18      A         B           18           VAL           97.67           100    100     36     3.652     3.652     1.621     0.9014      0.9014      0.9014      0.6614
19      A         B           19           LEU           95.78           100    100     36     3.652     3.652     1.621     0.8803      0.8803      0.8803      0.6090
20      A         B           20           LYS           94.72           100    100     36     3.652     3.652     1.621     0.8302      0.8302      0.8302      0.5110
21      A         B           21           VAL           95.29           100    100     36     3.652     3.652     1.621     0.8818      0.8818      0.8818      0.6165
22      A         B           22           VAL           95.21           100    100     36     3.652     3.652     1.621     0.8505      0.8505      0.8505      0.5447
23      A         B           23           LEU           92.33           100    100     36     3.652     3.652     1.621     0.7665      0.7665      0.7665      0.4136
24      A         B           24           SER           89.53           100    100     36     3.652     3.652     1.621     0.5722      0.5722      0.5722      0.2214
25      A         B           25           SER           77.85           100    100     36     3.652     3.652     1.621     0.3979      0.3979      0.3979      0.1203
26      A         B           26           GLU           82.27           100    100     36     3.652     3.652     1.621     0.5070      0.5070      0.5070      0.1789
27      A         B           27           HIS           83.49           100    100     36     3.652     3.652     1.621     0.6335      0.6335      0.6335      0.2705
28      A         B           28           LYS           86.31           100    100     36     3.652     3.652     1.621     0.6693      0.6693      0.6693      0.2966
29      A         B           29           GLU           83.62           100    100     36     3.652     3.652     1.621     0.7272      0.7272      0.7272      0.3562
30      A         B           30           TRP           86.62           100    100     36     3.652     3.652     1.621     0.7845      0.7845      0.7845      0.4343
31      A         B           31           TYR           91.93           100    100     36     3.652     3.652     1.621     0.8148      0.8148      0.8148      0.4830
32      A         B           32           ALA           86.83           100    100     36     3.652     3.652     1.621     0.6687      0.6687      0.6687      0.3098
33      A         B           33           GLY           85.93           100    100     36     3.652     3.652     1.621     0.5823      0.5823      0.5823      0.2309
34      A         B           34           MET           91.32           100    100     36     3.652     3.652     1.621     0.7923      0.7923      0.7923      0.4422
35      A         B           35           SER           92.90           100    100     36     3.652     3.652     1.621     0.8391      0.8391      0.8391      0.5207
36      A         B           36           TRP           96.23           100    100     36     3.652     3.652     1.621     0.8938      0.8938      0.8938      0.6391
37      A         B           37           GLU           95.51           100    100     36     3.652     3.652     1.621     0.8888      0.8888      0.8888      0.6270
38      A         B           38           GLU           94.29           100    100     36     3.652     3.652     1.621     0.9125      0.9125      0.9125      0.6906
39      A         B           39           LEU           96.11           100    100     36     3.652     3.652     1.621     0.9194      0.9194      0.9194      0.7096
40      A         B           40           LYS           96.83           100    100     36     3.652     3.652     1.621     0.9064      0.9064      0.9064      0.6736
41      A         B           41           LYS           96.76           100    100     36     3.652     3.652     1.621     0.9212      0.9212      0.9212      0.7179
42      A         B           42           ILE           97.08           100    100     36     3.652     3.652     1.621     0.9427      0.9427      0.9427      0.7808
43      A         B           43           PHE           98.43           100    100     36     3.652     3.652     1.621     0.9397      0.9397      0.9397      0.7719
44      A         B           44           ASP           98.28           100    100     36     3.652     3.652     1.621     0.9249      0.9249      0.9249      0.7283
45      A         B           45           TYR           98.26           100    100     36     3.652     3.652     1.621     0.9390      0.9390      0.9390      0.7697
46      A         B           46           VAL           98.41           100    100     36     3.652     3.652     1.621     0.9411      0.9411      0.9411      0.7782
47      A         B           47           ILE           98.39           100    100     36     3.652     3.652     1.621     0.9290      0.9290      0.9290      0.7394
48      A         B           48           GLU           97.85           100    100     36     3.652     3.652     1.621     0.8938      0.8938      0.8938      0.6476
49      A         B           49           ASN           97.41           100    100     36     3.652     3.652     1.621     0.9032      0.9032      0.9032      0.6731
50      A         B           50           TYR           97.85           100    100     36     3.652     3.652     1.621     0.9048      0.9048      0.9048      0.6782
51      A         B           51           PRO           95.92           100    100     36     3.652     3.652     1.621     0.8558      0.8558      0.8558      0.5703
52      A         B           52           GLU           95.78           100    100     36     3.652     3.652     1.621     0.8264      0.8264      0.8264      0.5208
53      A         B           53           SER           96.60           100    100     36     3.652     3.652     1.621     0.8744      0.8744      0.8744      0.6080
54      A         B           54           MET           97.89           100    100     36     3.652     3.652     1.621     0.9059      0.9059      0.9059      0.6817
55      A         B           55           GLU           96.70           100    100     36     3.652     3.652     1.621     0.8706      0.8706      0.8706      0.6013
56      A         B           56           ARG           95.97           100    100     36     3.652     3.652     1.621     0.8722      0.8722      0.8722      0.6000
57      A         B           57           PHE           97.29           100    100     36     3.652     3.652     1.621     0.9160      0.9160      0.9160      0.7078
58      A         B           58           LEU           97.69           100    100     36     3.652     3.652     1.621     0.8990      0.8990      0.8990      0.6655
59      A         B           59           GLU           95.57           100    100     36     3.652     3.652     1.621     0.8468      0.8468      0.8468      0.5508
60      A         B           60           MET           94.64           100    100     36     3.652     3.652     1.621     0.8515      0.8515      0.8515      0.5555
61      A         B           61           VAL           96.92           100    100     36     3.652     3.652     1.621     0.8639      0.8639      0.8639      0.5834
62      A         B           62           GLU           95.54           100    100     36     3.652     3.652     1.621     0.8088      0.8088      0.8088      0.4820
63      A         B           63           LYS           91.40           100    100     36     3.652     3.652     1.621     0.4965      0.4965      0.4965      0.1773
64      A         B           64           GLU           79.09           100    100     33     3.652     3.652     1.450     0.1697      0.1751      0.1751      0.0330
65      B         A            1           CYS           91.10           100    100     64     3.652     3.652     2.738     0.4273      0.4273      0.4273      0.2996
66      B         A            2           SER           87.80           100    100     64     3.652     3.652     2.738     0.4650      0.4650      0.4650      0.3335
67      B         A            3           GLN           89.40           100    100     64     3.652     3.652     2.738     0.3421      0.3421      0.3421      0.2292
68      B         A            4           ASN           93.19           100    100     64     3.652     3.652     2.738     0.6557      0.6557      0.6557      0.5231
69      B         A            5           GLU           96.51           100    100     64     3.652     3.652     2.738     0.8426      0.8426      0.8426      0.7531
70      B         A            6           TYR           93.73           100    100     64     3.652     3.652     2.738     0.8994      0.8994      0.8994      0.8354
71      B         A            7           PHE           94.38           100    100     64     3.652     3.652     2.738     0.9223      0.9223      0.9223      0.8706
72      B         A            8           ASP           95.51           100    100     64     3.652     3.652     2.738     0.9334      0.9334      0.9334      0.8882
73      B         A            9           SER           90.57           100    100     64     3.652     3.652     2.738     0.8793      0.8793      0.8793      0.8059
74      B         A           10           LEU           94.20           100    100     64     3.652     3.652     2.738     0.9442      0.9442      0.9442      0.9055
75      B         A           11           LEU           96.53           100    100     64     3.652     3.652     2.738     0.9473      0.9473      0.9473      0.9106
76      B         A           12           HIS           96.14           100    100     64     3.652     3.652     2.738     0.9293      0.9293      0.9293      0.8818
77      B         A           13           ALA           97.07           100    100     64     3.652     3.652     2.738     0.8967      0.8967      0.8967      0.8317
78      B         A           14           CYS           97.24           100    100     64     3.652     3.652     2.738     0.9049      0.9049      0.9049      0.8442
79      B         A           15           ILE           96.75           100    100     64     3.652     3.652     2.738     0.9142      0.9142      0.9142      0.8583
80      B         A           16           PRO           96.95           100    100     64     3.652     3.652     2.738     0.8824      0.8824      0.8824      0.8109
81      B         A           17           CYS           96.30           100    100     64     3.652     3.652     2.738     0.8476      0.8476      0.8476      0.7615
82      B         A           18           GLN           95.52           100    100     64     3.652     3.652     2.738     0.7948      0.7948      0.7948      0.6913
83      B         A           19           LEU           96.73           100    100     64     3.652     3.652     2.738     0.8732      0.8732      0.8732      0.7977
84      B         A           20           ARG           94.27           100    100     64     3.652     3.652     2.738     0.7615      0.7615      0.7615      0.6495
85      B         A           21           CYS           92.89           100    100     64     3.652     3.652     2.738     0.6463      0.6463      0.6463      0.5168
86      B         A           22           SER           84.95           100    100     64     3.652     3.652     2.738     0.4355      0.4355      0.4355      0.3119
87      B         A           23           SER           84.14           100    100     64     3.652     3.652     2.738     0.4355      0.4355      0.4355      0.3128
88      B         A           24           ASN           78.93           100    100     64     3.652     3.652     2.738     0.3767      0.3767      0.3767      0.2624
89      B         A           25           THR           80.30           100    100     64     3.652     3.652     2.738     0.4407      0.4407      0.4407      0.3168
90      B         A           26           PRO           87.75           100    100     64     3.652     3.652     2.738     0.5769      0.5769      0.5769      0.4432
91      B         A           27           PRO           89.13           100    100     64     3.652     3.652     2.738     0.6928      0.6928      0.6928      0.5659
92      B         A           28           LEU           86.38           100    100     64     3.652     3.652     2.738     0.6383      0.6383      0.6383      0.5037
93      B         A           29           THR           87.90           100    100     64     3.652     3.652     2.738     0.6108      0.6108      0.6108      0.4748
94      B         A           30           CYS           92.96           100    100     64     3.652     3.652     2.738     0.7082      0.7082      0.7082      0.5826
95      B         A           31           GLN           91.09           100    100     64     3.652     3.652     2.738     0.6661      0.6661      0.6661      0.5336
96      B         A           32           ARG           90.67           100    100     64     3.652     3.652     2.738     0.5321      0.5321      0.5321      0.3951
97      B         A           33           TYR           94.35           100    100     64     3.652     3.652     2.738     0.6616      0.6616      0.6616      0.5291
98      B         A           34           CYS           93.37           100    100     64     3.652     3.652     2.738     0.5731      0.5731      0.5731      0.4368
99      B         A           35           ASN           89.62           100    100     64     3.652     3.652     2.738     0.3833      0.3833      0.3833      0.2624
100     B         A           36           ALA           78.26           100    100     18     3.652     3.652     1.001     0.0986      0.1565      0.1565      0.0138
