i   AlignChn ScoredChain  AlignResNum  AlignResType  AlignRespLDDT      n0chn  n0dom  n0res    d0chn     d0dom     d0res   ipTM_pae  ipSAE_d0chn ipSAE_d0dom    ipSAE 
1       A         B            1           LYS           81.38           100    100      9     3.652     3.652     1.001     0.1026      0.1534      0.1534      0.0135
2       A         B            2           LEU           92.99           100    100     36     3.652     3.652     1.621     0.5987      0.5987      0.5987      0.2364
3       A         B            3           SER           95.82           100    100     36     3.652     3.652     1.621     0.7926      0.7926      0.7926      0.4407
4       A         B            4           LYS           96.18           100    100     36     3.652     3.652     1.621     0.8168      0.8168      0.8168      0.4806
5       A         B            5           GLU           96.80           100    100     36     3.652     3.652     1.621     0.8037      0.8037      0.8037      0.4595
6       A         B            6           GLU           96.71           100    100     36     3.652     3.652     1.621     0.8145      0.8145      0.8145      0.4793
7       A         B            7           GLN           96.55           100    100     36     3.652     3.652     1.621     0.8719      0.8719      0.8719      0.5846
8       A         B            8           ARG           97.83           100    100     36     3.652     3.652     1.621     0.8785      0.8785      0.8785      0.6015
9       A         B            9           LYS           98.13           100    100     36     3.652     3.652     1.621     0.8367      0.8367      0.8367      0.5159
10      A         B           10           TRP           97.48           100    100     36     3.652     3.652     1.621     0.8857      0.8857      0.8857      0.6167
11      A         B           11           ILE           98.40           100    100     36     3.652     3.652     1.621     0.8995      0.8995      0.8995      0.6504
12      A         B           12           GLU           97.84           100    100     36     3.652     3.652     1.621     0.8637      0.8637      0.8637      0.5702
13      A         B           13           GLU           97.60           100    100     36     3.652     3.652     1.621     0.8169      0.8169      0.8169      0.4805
14      A         B           14           ASN           97.86           100    100     36     3.652     3.652     1.621     0.8698      0.8698      0.8698      0.5815
15      A         B           15           LYS           97.57           100    100     36     3.652     3.652     1.621     0.8654      0.8654      0.8654      0.5706
16      A         B           16           GLU           97.08           100    100     36     3.652     3.652     1.621     0.8112      0.8112      0.8112      0.4730
17      A         B           17           LYS           96.85           100    100     36     3.652     3.652     1.621     0.8566      0.8566      0.8566      0.5617
18      A         B           18           VAL           98.22           100    100     36     3.652     3.652     1.621     0.9204      0.9204      0.9204      0.7074
19      A         B           19           LEU           96.89           100    100     36     3.652     3.652     1.621     0.9047      0.9047      0.9047      0.6639
20      A         B           20           LYS           96.06           100    100     36     3.652     3.652     1.621     0.8592      0.8592      0.8592      0.5622
21      A         B           21           VAL           96.12           100    100     36     3.652     3.652     1.621     0.8953      0.8953      0.8953      0.6436
22      A         B           22           VAL           96.93           100    100     36     3.652     3.652     1.621     0.9007      0.9007      0.9007      0.6549
23      A         B           23           LEU           94.50           100    100     36     3.652     3.652     1.621     0.8471      0.8471      0.8471      0.5395
24      A         B           24           SER           93.66           100    100     36     3.652     3.652     1.621     0.7199      0.7199      0.7199      0.3525
25      A         B           25           SER           91.68           100    100     36     3.652     3.652     1.621     0.7210      0.7210      0.7210      0.3562
26      A         B           26           GLU           89.07           100    100     36     3.652     3.652     1.621     0.6382      0.6382      0.6382      0.2721
27      A         B           27           HIS           85.29           100    100     36     3.652     3.652     1.621     0.7630      0.7630      0.7630      0.4084
28      A         B           28           LYS           90.79           100    100     36     3.652     3.652     1.621     0.7659      0.7659      0.7659      0.4081
29      A         B           29           GLU           87.48           100    100     36     3.652     3.652     1.621     0.7882      0.7882      0.7882      0.4368
30      A         B           30           TRP           89.24           100    100     36     3.652     3.652     1.621     0.8459      0.8459      0.8459      0.5316
31      A         B           31           TYR           94.05           100    100     36     3.652     3.652     1.621     0.8705      0.8705      0.8705      0.5852
32      A         B           32           ALA           89.37           100    100     36     3.652     3.652     1.621     0.7483      0.7483      0.7483      0.3962
33      A         B           33           GLY           89.42           100    100     36     3.652     3.652     1.621     0.6581      0.6581      0.6581      0.2962
34      A         B           34           MET           93.20           100    100     36     3.652     3.652     1.621     0.8578      0.8578      0.8578      0.5576
35      A         B           35           SER           94.20           100    100     36     3.652     3.652     1.621     0.8813      0.8813      0.8813      0.6070
36      A         B           36           TRP           96.98           100    100     36     3.652     3.652     1.621     0.9207      0.9207      0.9207      0.7068
37      A         B           37           GLU           95.99           100    100     36     3.652     3.652     1.621     0.9204      0.9204      0.9204      0.7048
38      A         B           38           GLU           95.18           100    100     36     3.652     3.652     1.621     0.9383      0.9383      0.9383      0.7617
39      A         B           39           LEU           96.92           100    100     36     3.652     3.652     1.621     0.9422      0.9422      0.9422      0.7734
40      A         B           40           LYS           97.09           100    100     36     3.652     3.652     1.621     0.9277      0.9277      0.9277      0.7286
41      A         B           41           LYS           96.73           100    100     36     3.652     3.652     1.621     0.9430      0.9430      0.9430      0.7781
42      A         B           42           ILE           97.66           100    100     36     3.652     3.652     1.621     0.9583      0.9583      0.9583      0.8292
43      A         B           43           PHE           98.57           100    100     36     3.652     3.652     1.621     0.9548      0.9548      0.9548      0.8171
44      A         B           44           ASP           98.24           100    100     36     3.652     3.652     1.621     0.9430      0.9430      0.9430      0.7773
45      A         B           45           TYR           98.30           100    100     36     3.652     3.652     1.621     0.9551      0.9551      0.9551      0.8176
46      A         B           46           VAL           98.53           100    100     36     3.652     3.652     1.621     0.9567      0.9567      0.9567      0.8235
47      A         B           47           ILE           98.33           100    100     36     3.652     3.652     1.621     0.9439      0.9439      0.9439      0.7809
48      A         B           48           GLU           97.71           100    100     36     3.652     3.652     1.621     0.9115      0.9115      0.9115      0.6872
49      A         B           49           ASN           97.29           100    100     36     3.652     3.652     1.621     0.9171      0.9171      0.9171      0.7040
50      A         B           50           TYR           97.67           100    100     36     3.652     3.652     1.621     0.9187      0.9187      0.9187      0.7090
51      A         B           51           PRO           92.65           100    100     36     3.652     3.652     1.621     0.8437      0.8437      0.8437      0.5445
52      A         B           52           GLU           94.96           100    100     36     3.652     3.652     1.621     0.8537      0.8537      0.8537      0.5667
53      A         B           53           SER           96.70           100    100     36     3.652     3.652     1.621     0.8971      0.8971      0.8971      0.6551
54      A         B           54           MET           97.57           100    100     36     3.652     3.652     1.621     0.9205      0.9205      0.9205      0.7147
55      A         B           55           GLU           96.18           100    100     36     3.652     3.652     1.621     0.8938      0.8938      0.8938      0.6474
56      A         B           56           ARG           96.11           100    100     36     3.652     3.652     1.621     0.8957      0.8957      0.8957      0.6489
57      A         B           57           PHE           97.72           100    100     36     3.652     3.652     1.621     0.9303      0.9303      0.9303      0.7424
58      A         B           58           LEU           97.63           100    100     36     3.652     3.652     1.621     0.9171      0.9171      0.9171      0.7050
59      A         B           59           GLU           95.55           100    100     36     3.652     3.652     1.621     0.8697      0.8697      0.8697      0.5912
60      A         B           60           MET           95.16           100    100     36     3.652     3.652     1.621     0.8721      0.8721      0.8721      0.5938
61      A         B           61           VAL           97.44           100    100     36     3.652     3.652     1.621     0.8813      0.8813      0.8813      0.6157
62      A         B           62           GLU           95.14           100    100     36     3.652     3.652     1.621     0.8280      0.8280      0.8280      0.5085
63      A         B           63           LYS           91.92           100    100     36     3.652     3.652     1.621     0.5534      0.5534      0.5534      0.2122
64      A         B           64           GLU           81.05           100    100     36     3.652     3.652     1.621     0.2027      0.2027      0.2027      0.0488
65      B         A            1           CYS           92.00           100    100     64     3.652     3.652     2.738     0.4931      0.4931      0.4931      0.3588
66      B         A            2           SER           89.46           100    100     64     3.652     3.652     2.738     0.5605      0.5605      0.5605      0.4235
67      B         A            3           GLN           90.24           100    100     64     3.652     3.652     2.738     0.4224      0.4224      0.4224      0.2954
68      B         A            4           ASN           93.21           100    100     64     3.652     3.652     2.738     0.7014      0.7014      0.7014      0.5748
69      B         A            5           GLU           96.52           100    100     64     3.652     3.652     2.738     0.8597      0.8597      0.8597      0.7775
70      B         A            6           TYR           94.58           100    100     64     3.652     3.652     2.738     0.9133      0.9133      0.9133      0.8567
71      B         A            7           PHE           95.08           100    100     64     3.652     3.652     2.738     0.9318      0.9318      0.9318      0.8856
72      B         A            8           ASP           96.44           100    100     64     3.652     3.652     2.738     0.9416      0.9416      0.9416      0.9012
73      B         A            9           SER           92.40           100    100     64     3.652     3.652     2.738     0.8890      0.8890      0.8890      0.8205
74      B         A           10           LEU           95.44           100    100     64     3.652     3.652     2.738     0.9501      0.9501      0.9501      0.9151
75      B         A           11           LEU           97.29           100    100     64     3.652     3.652     2.738     0.9538      0.9538      0.9538      0.9211
76      B         A           12           HIS           96.52           100    100     64     3.652     3.652     2.738     0.9386      0.9386      0.9386      0.8965
77      B         A           13           ALA           97.32           100    100     64     3.652     3.652     2.738     0.9112      0.9112      0.9112      0.8538
78      B         A           14           CYS           97.52           100    100     64     3.652     3.652     2.738     0.9186      0.9186      0.9186      0.8652
79      B         A           15           ILE           97.23           100    100     64     3.652     3.652     2.738     0.9285      0.9285      0.9285      0.8805
80      B         A           16           PRO           97.21           100    100     64     3.652     3.652     2.738     0.9047      0.9047      0.9047      0.8439
81      B         A           17           CYS           96.76           100    100     64     3.652     3.652     2.738     0.8772      0.8772      0.8772      0.8034
82      B         A           18           GLN           95.80           100    100     64     3.652     3.652     2.738     0.8304      0.8304      0.8304      0.7383
83      B         A           19           LEU           97.07           100    100     64     3.652     3.652     2.738     0.9023      0.9023      0.9023      0.8405
84      B         A           20           ARG           95.46           100    100     64     3.652     3.652     2.738     0.8319      0.8319      0.8319      0.7405
85      B         A           21           CYS           93.68           100    100     64     3.652     3.652     2.738     0.7435      0.7435      0.7435      0.6277
86      B         A           22           SER           87.06           100    100     64     3.652     3.652     2.738     0.5775      0.5775      0.5775      0.4459
87      B         A           23           SER           87.92           100    100     64     3.652     3.652     2.738     0.6103      0.6103      0.6103      0.4805
88      B         A           24           ASN           82.39           100    100     64     3.652     3.652     2.738     0.5616      0.5616      0.5616      0.4312
89      B         A           25           THR           82.24           100    100     64     3.652     3.652     2.738     0.6077      0.6077      0.6077      0.4784
90      B         A           26           PRO           89.31           100    100     64     3.652     3.652     2.738     0.6955      0.6955      0.6955      0.5724
91      B         A           27           PRO           90.55           100    100     64     3.652     3.652     2.738     0.7628      0.7628      0.7628      0.6506
92      B         A           28           LEU           86.53           100    100     64     3.652     3.652     2.738     0.7102      0.7102      0.7102      0.5859
93      B         A           29           THR           88.56           100    100     64     3.652     3.652     2.738     0.6862      0.6862      0.6862      0.5577
94      B         A           30           CYS           93.69           100    100     64     3.652     3.652     2.738     0.7703      0.7703      0.7703      0.6585
95      B         A           31           GLN           90.75           100    100     64     3.652     3.652     2.738     0.7195      0.7195      0.7195      0.5956
96      B         A           32           ARG           90.30           100    100     64     3.652     3.652     2.738     0.5945      0.5945      0.5945      0.4582
97      B         A           33           TYR           94.42           100    100     64     3.652     3.652     2.738     0.7225      0.7225      0.7225      0.5994
98      B         A           34           CYS           93.55           100    100     64     3.652     3.652     2.738     0.6329      0.6329      0.6329      0.4990
99      B         A           35           ASN           89.23           100    100     64     3.652     3.652     2.738     0.4360      0.4360      0.4360      0.3072
100     B         A           36           ALA           78.25           100    100     25     3.652     3.652     1.001     0.1146      0.1671      0.1671      0.0150
