i   AlignChn ScoredChain  AlignResNum  AlignResType  AlignRespLDDT      n0chn  n0dom  n0res    d0chn     d0dom     d0res   ipTM_pae  ipSAE_d0chn ipSAE_d0dom    ipSAE 
1       A         B            1           SER           62.51            93     92      0     3.498     3.475     1.001     0.0610      0.0000      0.0000      0.0000
2       A         B            2           TRP           67.27            93     92     36     3.498     3.475     1.621     0.1837      0.1837      0.1818      0.0467
3       A         B            3           ARG           76.91            93     92     36     3.498     3.475     1.621     0.3090      0.3090      0.3063      0.0906
4       A         B            4           GLU           84.53            93     92     36     3.498     3.475     1.621     0.4408      0.4408      0.4377      0.1514
5       A         B            5           MET           89.44            93     92     36     3.498     3.475     1.621     0.7269      0.7269      0.7244      0.3768
6       A         B            6           SER           92.91            93     92     36     3.498     3.475     1.621     0.8880      0.8880      0.8867      0.6434
7       A         B            7           PRO           93.21            93     92     36     3.498     3.475     1.621     0.9022      0.9022      0.9010      0.6785
8       A         B            8           ARG           94.83            93     92     36     3.498     3.475     1.621     0.9285      0.9285      0.9276      0.7453
9       A         B            9           GLU           95.41            93     92     36     3.498     3.475     1.621     0.9321      0.9321      0.9313      0.7588
10      A         B           10           TYR           94.94            93     92     36     3.498     3.475     1.621     0.9436      0.9436      0.9429      0.7943
11      A         B           11           VAL           96.42            93     92     36     3.498     3.475     1.621     0.9458      0.9458      0.9452      0.8013
12      A         B           12           LEU           97.43            93     92     36     3.498     3.475     1.621     0.9479      0.9479      0.9472      0.8073
13      A         B           13           GLU           95.03            93     92     36     3.498     3.475     1.621     0.9263      0.9263      0.9254      0.7442
14      A         B           14           VAL           96.27            93     92     36     3.498     3.475     1.621     0.9276      0.9276      0.9267      0.7498
15      A         B           15           GLY           98.27            93     92     36     3.498     3.475     1.621     0.9265      0.9265      0.9256      0.7498
16      A         B           16           VAL           97.89            93     92     36     3.498     3.475     1.621     0.9327      0.9327      0.9319      0.7621
17      A         B           17           GLU           97.38            93     92     36     3.498     3.475     1.621     0.9076      0.9076      0.9065      0.6969
18      A         B           18           ARG           98.04            93     92     36     3.498     3.475     1.621     0.9202      0.9202      0.9193      0.7289
19      A         B           19           LEU           97.95            93     92     36     3.498     3.475     1.621     0.9251      0.9251      0.9242      0.7432
20      A         B           20           ARG           97.97            93     92     36     3.498     3.475     1.621     0.8969      0.8969      0.8957      0.6700
21      A         B           21           GLU           97.98            93     92     36     3.498     3.475     1.621     0.8848      0.8848      0.8835      0.6423
22      A         B           22           ILE           98.07            93     92     36     3.498     3.475     1.621     0.9012      0.9012      0.9000      0.6810
23      A         B           23           ILE           97.91            93     92     36     3.498     3.475     1.621     0.8894      0.8894      0.8882      0.6519
24      A         B           24           ARG           98.09            93     92     36     3.498     3.475     1.621     0.8196      0.8196      0.8177      0.5149
25      A         B           25           GLU           97.44            93     92     36     3.498     3.475     1.621     0.7837      0.7837      0.7816      0.4615
26      A         B           26           HIS           97.63            93     92     36     3.498     3.475     1.621     0.7897      0.7897      0.7876      0.4677
27      A         B           27           GLY           96.46            93     92     36     3.498     3.475     1.621     0.5084      0.5084      0.5053      0.1933
28      A         B           28           GLY           93.81            93     92     36     3.498     3.475     1.621     0.4473      0.4473      0.4442      0.1546
29      A         B           29           ARG           92.95            93     92     36     3.498     3.475     1.621     0.6619      0.6619      0.6591      0.3096
30      A         B           30           ASP           96.35            93     92     36     3.498     3.475     1.621     0.5774      0.5774      0.5744      0.2400
31      A         B           31           SER           97.52            93     92     36     3.498     3.475     1.621     0.7918      0.7918      0.7897      0.4646
32      A         B           32           PRO           97.95            93     92     36     3.498     3.475     1.621     0.8443      0.8443      0.8427      0.5516
33      A         B           33           ARG           97.31            93     92     36     3.498     3.475     1.621     0.8634      0.8634      0.8619      0.5921
34      A         B           34           PHE           97.73            93     92     36     3.498     3.475     1.621     0.8954      0.8954      0.8942      0.6614
35      A         B           35           GLN           98.10            93     92     36     3.498     3.475     1.621     0.8921      0.8921      0.8909      0.6512
36      A         B           36           GLU           97.33            93     92     36     3.498     3.475     1.621     0.9171      0.9171      0.9161      0.7151
37      A         B           37           PHE           98.28            93     92     36     3.498     3.475     1.621     0.9277      0.9277      0.9269      0.7473
38      A         B           38           GLU           97.59            93     92     36     3.498     3.475     1.621     0.9083      0.9083      0.9072      0.6936
39      A         B           39           ARG           97.44            93     92     36     3.498     3.475     1.621     0.9133      0.9133      0.9123      0.7028
40      A         B           40           GLN           96.19            93     92     36     3.498     3.475     1.621     0.9320      0.9320      0.9312      0.7571
41      A         B           41           PHE           97.70            93     92     36     3.498     3.475     1.621     0.9396      0.9396      0.9389      0.7822
42      A         B           42           ARG           96.40            93     92     36     3.498     3.475     1.621     0.9180      0.9180      0.9171      0.7186
43      A         B           43           HIS           94.30            93     92     36     3.498     3.475     1.621     0.9253      0.9253      0.9244      0.7352
44      A         B           44           TRP           94.18            93     92     36     3.498     3.475     1.621     0.9293      0.9293      0.9284      0.7475
45      A         B           45           TYR           95.66            93     92     36     3.498     3.475     1.621     0.9310      0.9310      0.9302      0.7535
46      A         B           46           GLY           94.22            93     92     36     3.498     3.475     1.621     0.9119      0.9119      0.9109      0.7015
47      A         B           47           GLU           96.52            93     92     36     3.498     3.475     1.621     0.8956      0.8956      0.8944      0.6582
48      A         B           48           GLU           95.68            93     92     36     3.498     3.475     1.621     0.8461      0.8461      0.8444      0.5542
49      A         B           49           MET           96.23            93     92     36     3.498     3.475     1.621     0.9150      0.9150      0.9140      0.7095
50      A         B           50           TYR           97.86            93     92     36     3.498     3.475     1.621     0.9209      0.9209      0.9200      0.7252
51      A         B           51           GLU           98.31            93     92     36     3.498     3.475     1.621     0.8889      0.8889      0.8876      0.6438
52      A         B           52           GLU           98.01            93     92     36     3.498     3.475     1.621     0.9050      0.9050      0.9039      0.6839
53      A         B           53           LEU           98.36            93     92     36     3.498     3.475     1.621     0.9128      0.9128      0.9118      0.7047
54      A         B           54           LEU           97.41            93     92     36     3.498     3.475     1.621     0.8981      0.8981      0.8970      0.6672
55      A         B           55           SER           97.28            93     92     36     3.498     3.475     1.621     0.8010      0.8010      0.7990      0.4770
56      A         B           56           ARG           96.52            93     92     36     3.498     3.475     1.621     0.8185      0.8185      0.8166      0.5078
57      A         B           57           LEU           88.18            93     92     36     3.498     3.475     1.621     0.4468      0.4468      0.4436      0.1528
58      B         A            1           CYS           91.61            93     93     57     3.498     3.498     2.510     0.5137      0.5137      0.5137      0.3573
59      B         A            2           SER           86.20            93     93     57     3.498     3.498     2.510     0.5855      0.5855      0.5855      0.4269
60      B         A            3           GLN           88.90            93     93     57     3.498     3.498     2.510     0.4888      0.4888      0.4888      0.3372
61      B         A            4           ASN           90.11            93     93     57     3.498     3.498     2.510     0.7327      0.7327      0.7327      0.5961
62      B         A            5           GLU           94.08            93     93     57     3.498     3.498     2.510     0.8530      0.8530      0.8530      0.7560
63      B         A            6           TYR           95.63            93     93     57     3.498     3.498     2.510     0.8919      0.8919      0.8919      0.8148
64      B         A            7           PHE           96.33            93     93     57     3.498     3.498     2.510     0.9142      0.9142      0.9142      0.8517
65      B         A            8           ASP           96.55            93     93     57     3.498     3.498     2.510     0.9215      0.9215      0.9215      0.8640
66      B         A            9           SER           94.93            93     93     57     3.498     3.498     2.510     0.8769      0.8769      0.8769      0.7940
67      B         A           10           LEU           96.63            93     93     57     3.498     3.498     2.510     0.9365      0.9365      0.9365      0.8902
68      B         A           11           LEU           97.75            93     93     57     3.498     3.498     2.510     0.9399      0.9399      0.9399      0.8958
69      B         A           12           HIS           97.01            93     93     57     3.498     3.498     2.510     0.9299      0.9299      0.9299      0.8784
70      B         A           13           ALA           95.87            93     93     57     3.498     3.498     2.510     0.9083      0.9083      0.9083      0.8414
71      B         A           14           CYS           95.02            93     93     57     3.498     3.498     2.510     0.9062      0.9062      0.9062      0.8382
72      B         A           15           ILE           95.63            93     93     57     3.498     3.498     2.510     0.9044      0.9044      0.9044      0.8363
73      B         A           16           PRO           93.74            93     93     57     3.498     3.498     2.510     0.8676      0.8676      0.8676      0.7791
74      B         A           17           CYS           94.97            93     93     57     3.498     3.498     2.510     0.8490      0.8490      0.8490      0.7512
75      B         A           18           GLN           92.05            93     93     57     3.498     3.498     2.510     0.8010      0.8010      0.8010      0.6863
76      B         A           19           LEU           92.72            93     93     57     3.498     3.498     2.510     0.8273      0.8273      0.8273      0.7211
77      B         A           20           ARG           93.31            93     93     57     3.498     3.498     2.510     0.8179      0.8179      0.8179      0.7073
78      B         A           21           CYS           92.22            93     93     57     3.498     3.498     2.510     0.7221      0.7221      0.7221      0.5854
79      B         A           22           SER           83.68            93     93     57     3.498     3.498     2.510     0.5253      0.5253      0.5253      0.3756
80      B         A           23           SER           84.14            93     93     57     3.498     3.498     2.510     0.5435      0.5435      0.5435      0.3917
81      B         A           24           ASN           79.45            93     93     57     3.498     3.498     2.510     0.4577      0.4577      0.4577      0.3130
82      B         A           25           THR           81.45            93     93     57     3.498     3.498     2.510     0.4857      0.4857      0.4857      0.3368
83      B         A           26           PRO           90.21            93     93     57     3.498     3.498     2.510     0.6179      0.6179      0.6179      0.4638
84      B         A           27           PRO           92.56            93     93     57     3.498     3.498     2.510     0.7409      0.7409      0.7409      0.6038
85      B         A           28           LEU           90.00            93     93     57     3.498     3.498     2.510     0.7092      0.7092      0.7092      0.5644
86      B         A           29           THR           90.31            93     93     57     3.498     3.498     2.510     0.6639      0.6639      0.6639      0.5121
87      B         A           30           CYS           94.15            93     93     57     3.498     3.498     2.510     0.7363      0.7363      0.7363      0.5972
88      B         A           31           GLN           91.53            93     93     57     3.498     3.498     2.510     0.6928      0.6928      0.6928      0.5443
89      B         A           32           ARG           89.80            93     93     57     3.498     3.498     2.510     0.5960      0.5960      0.5960      0.4381
90      B         A           33           TYR           93.90            93     93     57     3.498     3.498     2.510     0.7168      0.7168      0.7168      0.5737
91      B         A           34           CYS           92.53            93     93     57     3.498     3.498     2.510     0.6496      0.6496      0.6496      0.4970
92      B         A           35           ASN           87.27            93     93     57     3.498     3.498     2.510     0.4797      0.4797      0.4797      0.3279
93      B         A           36           ALA           82.13            93     93     24     3.498     3.498     1.001     0.1125      0.1454      0.1454      0.0138
