i   AlignChn ScoredChain  AlignResNum  AlignResType  AlignRespLDDT      n0chn  n0dom  n0res    d0chn     d0dom     d0res   ipTM_pae  ipSAE_d0chn ipSAE_d0dom    ipSAE 
1       A         B            1           SER           64.69            93     92      0     3.498     3.475     1.001     0.0554      0.0000      0.0000      0.0000
2       A         B            2           TRP           74.43            93     92     36     3.498     3.475     1.621     0.1625      0.1625      0.1607      0.0402
3       A         B            3           ARG           77.68            93     92     36     3.498     3.475     1.621     0.2894      0.2894      0.2868      0.0822
4       A         B            4           GLU           83.83            93     92     36     3.498     3.475     1.621     0.4201      0.4201      0.4170      0.1401
5       A         B            5           MET           89.47            93     92     36     3.498     3.475     1.621     0.7124      0.7124      0.7098      0.3582
6       A         B            6           SER           92.11            93     92     36     3.498     3.475     1.621     0.8787      0.8787      0.8773      0.6221
7       A         B            7           PRO           92.28            93     92     36     3.498     3.475     1.621     0.8940      0.8940      0.8928      0.6574
8       A         B            8           ARG           94.21            93     92     36     3.498     3.475     1.621     0.9273      0.9273      0.9264      0.7406
9       A         B            9           GLU           94.80            93     92     36     3.498     3.475     1.621     0.9312      0.9312      0.9303      0.7545
10      A         B           10           TYR           94.82            93     92     36     3.498     3.475     1.621     0.9408      0.9408      0.9401      0.7845
11      A         B           11           VAL           96.47            93     92     36     3.498     3.475     1.621     0.9458      0.9458      0.9452      0.7993
12      A         B           12           LEU           97.42            93     92     36     3.498     3.475     1.621     0.9483      0.9483      0.9477      0.8067
13      A         B           13           GLU           95.35            93     92     36     3.498     3.475     1.621     0.9259      0.9259      0.9250      0.7412
14      A         B           14           VAL           96.63            93     92     36     3.498     3.475     1.621     0.9298      0.9298      0.9290      0.7535
15      A         B           15           GLY           98.43            93     92     36     3.498     3.475     1.621     0.9281      0.9281      0.9273      0.7515
16      A         B           16           VAL           98.00            93     92     36     3.498     3.475     1.621     0.9364      0.9364      0.9357      0.7711
17      A         B           17           GLU           97.68            93     92     36     3.498     3.475     1.621     0.9133      0.9133      0.9123      0.7090
18      A         B           18           ARG           98.32            93     92     36     3.498     3.475     1.621     0.9270      0.9270      0.9261      0.7447
19      A         B           19           LEU           98.16            93     92     36     3.498     3.475     1.621     0.9302      0.9302      0.9294      0.7554
20      A         B           20           ARG           98.10            93     92     36     3.498     3.475     1.621     0.9027      0.9027      0.9016      0.6811
21      A         B           21           GLU           98.30            93     92     36     3.498     3.475     1.621     0.8960      0.8960      0.8948      0.6658
22      A         B           22           ILE           98.38            93     92     36     3.498     3.475     1.621     0.9101      0.9101      0.9091      0.7002
23      A         B           23           ILE           98.16            93     92     36     3.498     3.475     1.621     0.8980      0.8980      0.8968      0.6695
24      A         B           24           ARG           98.25            93     92     36     3.498     3.475     1.621     0.8307      0.8307      0.8289      0.5314
25      A         B           25           GLU           97.70            93     92     36     3.498     3.475     1.621     0.7938      0.7938      0.7917      0.4747
26      A         B           26           HIS           98.02            93     92     36     3.498     3.475     1.621     0.7938      0.7938      0.7917      0.4722
27      A         B           27           GLY           96.75            93     92     36     3.498     3.475     1.621     0.5066      0.5066      0.5035      0.1911
28      A         B           28           GLY           94.31            93     92     36     3.498     3.475     1.621     0.4440      0.4440      0.4409      0.1522
29      A         B           29           ARG           93.49            93     92     36     3.498     3.475     1.621     0.6623      0.6623      0.6594      0.3093
30      A         B           30           ASP           96.34            93     92     36     3.498     3.475     1.621     0.5752      0.5752      0.5722      0.2380
31      A         B           31           SER           97.84            93     92     36     3.498     3.475     1.621     0.8014      0.8014      0.7994      0.4786
32      A         B           32           PRO           98.19            93     92     36     3.498     3.475     1.621     0.8530      0.8530      0.8514      0.5672
33      A         B           33           ARG           97.78            93     92     36     3.498     3.475     1.621     0.8674      0.8674      0.8660      0.5988
34      A         B           34           PHE           98.12            93     92     36     3.498     3.475     1.621     0.9036      0.9036      0.9025      0.6803
35      A         B           35           GLN           98.29            93     92     36     3.498     3.475     1.621     0.8999      0.8999      0.8988      0.6699
36      A         B           36           GLU           97.78            93     92     36     3.498     3.475     1.621     0.9259      0.9259      0.9250      0.7375
37      A         B           37           PHE           98.53            93     92     36     3.498     3.475     1.621     0.9327      0.9327      0.9319      0.7597
38      A         B           38           GLU           97.84            93     92     36     3.498     3.475     1.621     0.9128      0.9128      0.9118      0.7039
39      A         B           39           ARG           97.34            93     92     36     3.498     3.475     1.621     0.9204      0.9204      0.9195      0.7209
40      A         B           40           GLN           96.56            93     92     36     3.498     3.475     1.621     0.9377      0.9377      0.9370      0.7726
41      A         B           41           PHE           97.93            93     92     36     3.498     3.475     1.621     0.9460      0.9460      0.9454      0.8002
42      A         B           42           ARG           96.53            93     92     36     3.498     3.475     1.621     0.9229      0.9229      0.9220      0.7310
43      A         B           43           HIS           94.90            93     92     36     3.498     3.475     1.621     0.9316      0.9316      0.9308      0.7523
44      A         B           44           TRP           95.02            93     92     36     3.498     3.475     1.621     0.9364      0.9364      0.9357      0.7675
45      A         B           45           TYR           96.24            93     92     36     3.498     3.475     1.621     0.9379      0.9379      0.9371      0.7727
46      A         B           46           GLY           94.62            93     92     36     3.498     3.475     1.621     0.9154      0.9154      0.9144      0.7104
47      A         B           47           GLU           96.51            93     92     36     3.498     3.475     1.621     0.9005      0.9005      0.8993      0.6702
48      A         B           48           GLU           95.27            93     92     36     3.498     3.475     1.621     0.8387      0.8387      0.8370      0.5403
49      A         B           49           MET           96.30            93     92     36     3.498     3.475     1.621     0.9205      0.9205      0.9195      0.7229
50      A         B           50           TYR           97.92            93     92     36     3.498     3.475     1.621     0.9270      0.9270      0.9261      0.7404
51      A         B           51           GLU           98.34            93     92     36     3.498     3.475     1.621     0.8975      0.8975      0.8963      0.6633
52      A         B           52           GLU           97.88            93     92     36     3.498     3.475     1.621     0.9073      0.9073      0.9062      0.6879
53      A         B           53           LEU           98.46            93     92     36     3.498     3.475     1.621     0.9185      0.9185      0.9175      0.7179
54      A         B           54           LEU           97.80            93     92     36     3.498     3.475     1.621     0.9064      0.9064      0.9053      0.6864
55      A         B           55           SER           97.38            93     92     36     3.498     3.475     1.621     0.8115      0.8115      0.8095      0.4938
56      A         B           56           ARG           96.83            93     92     36     3.498     3.475     1.621     0.8336      0.8336      0.8318      0.5323
57      A         B           57           LEU           90.57            93     92     36     3.498     3.475     1.621     0.4978      0.4978      0.4946      0.1816
58      B         A            1           CYS           92.14            93     93     57     3.498     3.498     2.510     0.5255      0.5255      0.5255      0.3691
59      B         A            2           SER           86.57            93     93     57     3.498     3.498     2.510     0.5601      0.5601      0.5601      0.4026
60      B         A            3           GLN           88.23            93     93     57     3.498     3.498     2.510     0.4565      0.4565      0.4565      0.3088
61      B         A            4           ASN           89.68            93     93     57     3.498     3.498     2.510     0.7185      0.7185      0.7185      0.5790
62      B         A            5           GLU           94.29            93     93     57     3.498     3.498     2.510     0.8476      0.8476      0.8476      0.7489
63      B         A            6           TYR           95.54            93     93     57     3.498     3.498     2.510     0.8885      0.8885      0.8885      0.8103
64      B         A            7           PHE           96.42            93     93     57     3.498     3.498     2.510     0.9147      0.9147      0.9147      0.8533
65      B         A            8           ASP           96.83            93     93     57     3.498     3.498     2.510     0.9236      0.9236      0.9236      0.8685
66      B         A            9           SER           95.36            93     93     57     3.498     3.498     2.510     0.8944      0.8944      0.8944      0.8229
67      B         A           10           LEU           97.03            93     93     57     3.498     3.498     2.510     0.9408      0.9408      0.9408      0.8986
68      B         A           11           LEU           98.07            93     93     57     3.498     3.498     2.510     0.9423      0.9423      0.9423      0.9010
69      B         A           12           HIS           97.38            93     93     57     3.498     3.498     2.510     0.9276      0.9276      0.9276      0.8764
70      B         A           13           ALA           96.31            93     93     57     3.498     3.498     2.510     0.9039      0.9039      0.9039      0.8361
71      B         A           14           CYS           95.88            93     93     57     3.498     3.498     2.510     0.9000      0.9000      0.9000      0.8297
72      B         A           15           ILE           95.79            93     93     57     3.498     3.498     2.510     0.8947      0.8947      0.8947      0.8215
73      B         A           16           PRO           93.35            93     93     57     3.498     3.498     2.510     0.8577      0.8577      0.8577      0.7647
74      B         A           17           CYS           94.87            93     93     57     3.498     3.498     2.510     0.8454      0.8454      0.8454      0.7465
75      B         A           18           GLN           91.21            93     93     57     3.498     3.498     2.510     0.7877      0.7877      0.7877      0.6692
76      B         A           19           LEU           92.71            93     93     57     3.498     3.498     2.510     0.8393      0.8393      0.8393      0.7387
77      B         A           20           ARG           94.34            93     93     57     3.498     3.498     2.510     0.8462      0.8462      0.8462      0.7473
78      B         A           21           CYS           92.58            93     93     57     3.498     3.498     2.510     0.7538      0.7538      0.7538      0.6247
79      B         A           22           SER           85.12            93     93     57     3.498     3.498     2.510     0.6026      0.6026      0.6026      0.4527
80      B         A           23           SER           86.09            93     93     57     3.498     3.498     2.510     0.6332      0.6332      0.6332      0.4834
81      B         A           24           ASN           79.52            93     93     57     3.498     3.498     2.510     0.5691      0.5691      0.5691      0.4183
82      B         A           25           THR           81.43            93     93     57     3.498     3.498     2.510     0.5968      0.5968      0.5968      0.4464
83      B         A           26           PRO           90.19            93     93     57     3.498     3.498     2.510     0.6865      0.6865      0.6865      0.5418
84      B         A           27           PRO           92.79            93     93     57     3.498     3.498     2.510     0.7527      0.7527      0.7527      0.6202
85      B         A           28           LEU           89.38            93     93     57     3.498     3.498     2.510     0.7277      0.7277      0.7277      0.5885
86      B         A           29           THR           89.34            93     93     57     3.498     3.498     2.510     0.6686      0.6686      0.6686      0.5178
87      B         A           30           CYS           93.84            93     93     57     3.498     3.498     2.510     0.7430      0.7430      0.7430      0.6065
88      B         A           31           GLN           90.24            93     93     57     3.498     3.498     2.510     0.6763      0.6763      0.6763      0.5263
89      B         A           32           ARG           88.79            93     93     57     3.498     3.498     2.510     0.5931      0.5931      0.5931      0.4357
90      B         A           33           TYR           93.17            93     93     57     3.498     3.498     2.510     0.7204      0.7204      0.7204      0.5787
91      B         A           34           CYS           91.84            93     93     57     3.498     3.498     2.510     0.6398      0.6398      0.6398      0.4872
92      B         A           35           ASN           85.42            93     93     57     3.498     3.498     2.510     0.4258      0.4258      0.4258      0.2821
93      B         A           36           ALA           81.04            93     93     21     3.498     3.498     1.001     0.1056      0.1439      0.1439      0.0137
