i   AlignChn ScoredChain  AlignResNum  AlignResType  AlignRespLDDT      n0chn  n0dom  n0res    d0chn     d0dom     d0res   ipTM_pae  ipSAE_d0chn ipSAE_d0dom    ipSAE 
1       A         B            1           SER           62.07            93     92      0     3.498     3.475     1.001     0.0495      0.0000      0.0000      0.0000
2       A         B            2           TRP           70.18            93     92     28     3.498     3.475     1.116     0.1385      0.1486      0.1469      0.0175
3       A         B            3           ARG           76.65            93     92     36     3.498     3.475     1.621     0.2379      0.2379      0.2355      0.0641
4       A         B            4           GLU           82.41            93     92     36     3.498     3.475     1.621     0.3454      0.3454      0.3426      0.1055
5       A         B            5           MET           88.63            93     92     36     3.498     3.475     1.621     0.6319      0.6319      0.6289      0.2794
6       A         B            6           SER           91.65            93     92     36     3.498     3.475     1.621     0.8412      0.8412      0.8395      0.5463
7       A         B            7           PRO           91.70            93     92     36     3.498     3.475     1.621     0.8614      0.8614      0.8599      0.5871
8       A         B            8           ARG           93.51            93     92     36     3.498     3.475     1.621     0.8951      0.8951      0.8939      0.6600
9       A         B            9           GLU           94.70            93     92     36     3.498     3.475     1.621     0.9064      0.9064      0.9053      0.6908
10      A         B           10           TYR           94.41            93     92     36     3.498     3.475     1.621     0.9180      0.9180      0.9171      0.7223
11      A         B           11           VAL           96.20            93     92     36     3.498     3.475     1.621     0.9241      0.9241      0.9232      0.7379
12      A         B           12           LEU           97.34            93     92     36     3.498     3.475     1.621     0.9284      0.9284      0.9276      0.7503
13      A         B           13           GLU           94.66            93     92     36     3.498     3.475     1.621     0.8936      0.8936      0.8924      0.6608
14      A         B           14           VAL           96.37            93     92     36     3.498     3.475     1.621     0.9022      0.9022      0.9011      0.6837
15      A         B           15           GLY           98.35            93     92     36     3.498     3.475     1.621     0.9031      0.9031      0.9020      0.6907
16      A         B           16           VAL           98.07            93     92     36     3.498     3.475     1.621     0.9138      0.9138      0.9128      0.7119
17      A         B           17           GLU           97.46            93     92     36     3.498     3.475     1.621     0.8866      0.8866      0.8853      0.6473
18      A         B           18           ARG           98.20            93     92     36     3.498     3.475     1.621     0.9002      0.9002      0.8990      0.6782
19      A         B           19           LEU           98.19            93     92     36     3.498     3.475     1.621     0.9062      0.9062      0.9051      0.6951
20      A         B           20           ARG           98.11            93     92     36     3.498     3.475     1.621     0.8722      0.8722      0.8708      0.6152
21      A         B           21           GLU           98.10            93     92     36     3.498     3.475     1.621     0.8656      0.8656      0.8642      0.6020
22      A         B           22           ILE           98.26            93     92     36     3.498     3.475     1.621     0.8780      0.8780      0.8766      0.6276
23      A         B           23           ILE           98.14            93     92     36     3.498     3.475     1.621     0.8654      0.8654      0.8639      0.6003
24      A         B           24           ARG           98.20            93     92     36     3.498     3.475     1.621     0.7850      0.7850      0.7829      0.4609
25      A         B           25           GLU           97.34            93     92     36     3.498     3.475     1.621     0.7364      0.7364      0.7340      0.3989
26      A         B           26           HIS           97.88            93     92     36     3.498     3.475     1.621     0.7485      0.7485      0.7461      0.4104
27      A         B           27           GLY           96.70            93     92     36     3.498     3.475     1.621     0.4574      0.4574      0.4543      0.1620
28      A         B           28           GLY           94.23            93     92     36     3.498     3.475     1.621     0.3862      0.3862      0.3832      0.1235
29      A         B           29           ARG           93.36            93     92     36     3.498     3.475     1.621     0.6090      0.6090      0.6060      0.2619
30      A         B           30           ASP           96.57            93     92     36     3.498     3.475     1.621     0.5274      0.5274      0.5243      0.2043
31      A         B           31           SER           97.70            93     92     36     3.498     3.475     1.621     0.7564      0.7564      0.7541      0.4147
32      A         B           32           PRO           98.09            93     92     36     3.498     3.475     1.621     0.8107      0.8107      0.8087      0.4929
33      A         B           33           ARG           97.51            93     92     36     3.498     3.475     1.621     0.8346      0.8346      0.8328      0.5359
34      A         B           34           PHE           98.07            93     92     36     3.498     3.475     1.621     0.8751      0.8751      0.8737      0.6161
35      A         B           35           GLN           98.25            93     92     36     3.498     3.475     1.621     0.8650      0.8650      0.8635      0.5924
36      A         B           36           GLU           97.58            93     92     36     3.498     3.475     1.621     0.8965      0.8965      0.8953      0.6631
37      A         B           37           PHE           98.44            93     92     36     3.498     3.475     1.621     0.9081      0.9081      0.9070      0.6961
38      A         B           38           GLU           97.69            93     92     36     3.498     3.475     1.621     0.8831      0.8831      0.8818      0.6338
39      A         B           39           ARG           97.20            93     92     36     3.498     3.475     1.621     0.8927      0.8927      0.8915      0.6518
40      A         B           40           GLN           96.15            93     92     36     3.498     3.475     1.621     0.9128      0.9128      0.9118      0.7050
41      A         B           41           PHE           97.81            93     92     36     3.498     3.475     1.621     0.9217      0.9217      0.9208      0.7324
42      A         B           42           ARG           96.49            93     92     36     3.498     3.475     1.621     0.8930      0.8930      0.8918      0.6563
43      A         B           43           HIS           94.37            93     92     36     3.498     3.475     1.621     0.9042      0.9042      0.9031      0.6794
44      A         B           44           TRP           94.20            93     92     36     3.498     3.475     1.621     0.9082      0.9082      0.9072      0.6904
45      A         B           45           TYR           95.53            93     92     36     3.498     3.475     1.621     0.9081      0.9081      0.9070      0.6918
46      A         B           46           GLY           94.15            93     92     36     3.498     3.475     1.621     0.8842      0.8842      0.8829      0.6352
47      A         B           47           GLU           96.71            93     92     36     3.498     3.475     1.621     0.8674      0.8674      0.8659      0.5961
48      A         B           48           GLU           95.72            93     92     36     3.498     3.475     1.621     0.8131      0.8131      0.8112      0.4965
49      A         B           49           MET           96.05            93     92     36     3.498     3.475     1.621     0.8927      0.8927      0.8915      0.6545
50      A         B           50           TYR           98.00            93     92     36     3.498     3.475     1.621     0.8980      0.8980      0.8969      0.6676
51      A         B           51           GLU           98.42            93     92     36     3.498     3.475     1.621     0.8617      0.8617      0.8601      0.5861
52      A         B           52           GLU           97.98            93     92     36     3.498     3.475     1.621     0.8798      0.8798      0.8784      0.6254
53      A         B           53           LEU           98.48            93     92     36     3.498     3.475     1.621     0.8891      0.8891      0.8879      0.6469
54      A         B           54           LEU           97.89            93     92     36     3.498     3.475     1.621     0.8749      0.8749      0.8735      0.6149
55      A         B           55           SER           97.59            93     92     36     3.498     3.475     1.621     0.7719      0.7719      0.7696      0.4341
56      A         B           56           ARG           97.05            93     92     36     3.498     3.475     1.621     0.8061      0.8061      0.8041      0.4872
57      A         B           57           LEU           94.22            93     92     36     3.498     3.475     1.621     0.5126      0.5126      0.5094      0.1929
58      B         A            1           CYS           92.32            93     93     57     3.498     3.498     2.510     0.4979      0.4979      0.4979      0.3432
59      B         A            2           SER           88.20            93     93     57     3.498     3.498     2.510     0.5776      0.5776      0.5776      0.4195
60      B         A            3           GLN           89.32            93     93     57     3.498     3.498     2.510     0.4359      0.4359      0.4359      0.2909
61      B         A            4           ASN           89.71            93     93     57     3.498     3.498     2.510     0.6808      0.6808      0.6808      0.5348
62      B         A            5           GLU           94.25            93     93     57     3.498     3.498     2.510     0.8193      0.8193      0.8193      0.7083
63      B         A            6           TYR           95.62            93     93     57     3.498     3.498     2.510     0.8624      0.8624      0.8624      0.7707
64      B         A            7           PHE           96.46            93     93     57     3.498     3.498     2.510     0.8930      0.8930      0.8930      0.8190
65      B         A            8           ASP           96.45            93     93     57     3.498     3.498     2.510     0.9004      0.9004      0.9004      0.8312
66      B         A            9           SER           94.61            93     93     57     3.498     3.498     2.510     0.8536      0.8536      0.8536      0.7601
67      B         A           10           LEU           96.39            93     93     57     3.498     3.498     2.510     0.9224      0.9224      0.9224      0.8681
68      B         A           11           LEU           97.80            93     93     57     3.498     3.498     2.510     0.9270      0.9270      0.9270      0.8757
69      B         A           12           HIS           97.18            93     93     57     3.498     3.498     2.510     0.9122      0.9122      0.9122      0.8509
70      B         A           13           ALA           95.86            93     93     57     3.498     3.498     2.510     0.8848      0.8848      0.8848      0.8055
71      B         A           14           CYS           95.49            93     93     57     3.498     3.498     2.510     0.8780      0.8780      0.8780      0.7954
72      B         A           15           ILE           95.39            93     93     57     3.498     3.498     2.510     0.8674      0.8674      0.8674      0.7796
73      B         A           16           PRO           92.85            93     93     57     3.498     3.498     2.510     0.8256      0.8256      0.8256      0.7186
74      B         A           17           CYS           94.67            93     93     57     3.498     3.498     2.510     0.8090      0.8090      0.8090      0.6955
75      B         A           18           GLN           90.40            93     93     57     3.498     3.498     2.510     0.7340      0.7340      0.7340      0.6007
76      B         A           19           LEU           91.75            93     93     57     3.498     3.498     2.510     0.7911      0.7911      0.7911      0.6717
77      B         A           20           ARG           93.50            93     93     57     3.498     3.498     2.510     0.7955      0.7955      0.7955      0.6766
78      B         A           21           CYS           91.93            93     93     57     3.498     3.498     2.510     0.6913      0.6913      0.6913      0.5492
79      B         A           22           SER           84.25            93     93     57     3.498     3.498     2.510     0.5185      0.5185      0.5185      0.3691
80      B         A           23           SER           84.57            93     93     57     3.498     3.498     2.510     0.5376      0.5376      0.5376      0.3854
81      B         A           24           ASN           78.31            93     93     57     3.498     3.498     2.510     0.4633      0.4633      0.4633      0.3183
82      B         A           25           THR           80.62            93     93     57     3.498     3.498     2.510     0.4824      0.4824      0.4824      0.3348
83      B         A           26           PRO           89.74            93     93     57     3.498     3.498     2.510     0.5989      0.5989      0.5989      0.4447
84      B         A           27           PRO           92.53            93     93     57     3.498     3.498     2.510     0.6964      0.6964      0.6964      0.5503
85      B         A           28           LEU           89.78            93     93     57     3.498     3.498     2.510     0.6716      0.6716      0.6716      0.5215
86      B         A           29           THR           90.43            93     93     57     3.498     3.498     2.510     0.6279      0.6279      0.6279      0.4725
87      B         A           30           CYS           93.87            93     93     57     3.498     3.498     2.510     0.6896      0.6896      0.6896      0.5417
88      B         A           31           GLN           90.71            93     93     57     3.498     3.498     2.510     0.6212      0.6212      0.6212      0.4650
89      B         A           32           ARG           89.89            93     93     57     3.498     3.498     2.510     0.5508      0.5508      0.5508      0.3934
90      B         A           33           TYR           93.61            93     93     57     3.498     3.498     2.510     0.6734      0.6734      0.6734      0.5231
91      B         A           34           CYS           92.15            93     93     57     3.498     3.498     2.510     0.6087      0.6087      0.6087      0.4533
92      B         A           35           ASN           86.71            93     93     57     3.498     3.498     2.510     0.4255      0.4255      0.4255      0.2815
93      B         A           36           ALA           82.11            93     93     11     3.498     3.498     1.001     0.0916      0.1424      0.1424      0.0135
