i   AlignChn ScoredChain  AlignResNum  AlignResType  AlignRespLDDT      n0chn  n0dom  n0res    d0chn     d0dom     d0res   ipTM_pae  ipSAE_d0chn ipSAE_d0dom    ipSAE 
1       A         B            1           SER           75.29            93     93     36     3.498     3.498     1.621     0.1896      0.1896      0.1896      0.0494
2       A         B            2           TRP           82.73            93     93     36     3.498     3.498     1.621     0.5295      0.5295      0.5295      0.2046
3       A         B            3           ARG           84.36            93     93     36     3.498     3.498     1.621     0.4912      0.4912      0.4912      0.1783
4       A         B            4           GLU           90.31            93     93     36     3.498     3.498     1.621     0.4872      0.4872      0.4872      0.1764
5       A         B            5           MET           88.70            93     93     36     3.498     3.498     1.621     0.6594      0.6594      0.6594      0.3034
6       A         B            6           SER           92.64            93     93     36     3.498     3.498     1.621     0.8429      0.8429      0.8429      0.5496
7       A         B            7           PRO           92.02            93     93     36     3.498     3.498     1.621     0.8623      0.8623      0.8623      0.5907
8       A         B            8           ARG           93.42            93     93     36     3.498     3.498     1.621     0.9006      0.9006      0.9006      0.6743
9       A         B            9           GLU           96.17            93     93     36     3.498     3.498     1.621     0.9060      0.9060      0.9060      0.6906
10      A         B           10           TYR           95.66            93     93     36     3.498     3.498     1.621     0.9170      0.9170      0.9170      0.7213
11      A         B           11           VAL           96.27            93     93     36     3.498     3.498     1.621     0.9275      0.9275      0.9275      0.7481
12      A         B           12           LEU           97.61            93     93     36     3.498     3.498     1.621     0.9326      0.9326      0.9326      0.7623
13      A         B           13           GLU           96.54            93     93     36     3.498     3.498     1.621     0.9032      0.9032      0.9032      0.6863
14      A         B           14           VAL           96.70            93     93     36     3.498     3.498     1.621     0.9090      0.9090      0.9090      0.7022
15      A         B           15           GLY           98.35            93     93     36     3.498     3.498     1.621     0.9127      0.9127      0.9127      0.7136
16      A         B           16           VAL           98.23            93     93     36     3.498     3.498     1.621     0.9190      0.9190      0.9190      0.7256
17      A         B           17           GLU           97.49            93     93     36     3.498     3.498     1.621     0.8954      0.8954      0.8954      0.6693
18      A         B           18           ARG           98.31            93     93     36     3.498     3.498     1.621     0.9138      0.9138      0.9138      0.7135
19      A         B           19           LEU           98.20            93     93     36     3.498     3.498     1.621     0.9139      0.9139      0.9139      0.7146
20      A         B           20           ARG           98.21            93     93     36     3.498     3.498     1.621     0.8844      0.8844      0.8844      0.6429
21      A         B           21           GLU           98.28            93     93     36     3.498     3.498     1.621     0.8775      0.8775      0.8775      0.6281
22      A         B           22           ILE           98.33            93     93     36     3.498     3.498     1.621     0.8951      0.8951      0.8951      0.6672
23      A         B           23           ILE           98.07            93     93     36     3.498     3.498     1.621     0.8776      0.8776      0.8776      0.6265
24      A         B           24           ARG           98.27            93     93     36     3.498     3.498     1.621     0.7996      0.7996      0.7996      0.4835
25      A         B           25           GLU           97.71            93     93     36     3.498     3.498     1.621     0.7604      0.7604      0.7604      0.4300
26      A         B           26           HIS           98.05            93     93     36     3.498     3.498     1.621     0.7686      0.7686      0.7686      0.4385
27      A         B           27           GLY           97.10            93     93     36     3.498     3.498     1.621     0.4748      0.4748      0.4748      0.1721
28      A         B           28           GLY           94.32            93     93     36     3.498     3.498     1.621     0.3992      0.3992      0.3992      0.1294
29      A         B           29           ARG           92.36            93     93     36     3.498     3.498     1.621     0.5878      0.5878      0.5878      0.2461
30      A         B           30           ASP           96.47            93     93     36     3.498     3.498     1.621     0.5234      0.5234      0.5234      0.2016
31      A         B           31           SER           97.83            93     93     36     3.498     3.498     1.621     0.7677      0.7677      0.7677      0.4309
32      A         B           32           PRO           98.22            93     93     36     3.498     3.498     1.621     0.8285      0.8285      0.8285      0.5245
33      A         B           33           ARG           97.59            93     93     36     3.498     3.498     1.621     0.8479      0.8479      0.8479      0.5631
34      A         B           34           PHE           97.99            93     93     36     3.498     3.498     1.621     0.8875      0.8875      0.8875      0.6445
35      A         B           35           GLN           98.30            93     93     36     3.498     3.498     1.621     0.8797      0.8797      0.8797      0.6249
36      A         B           36           GLU           97.50            93     93     36     3.498     3.498     1.621     0.9097      0.9097      0.9097      0.6973
37      A         B           37           PHE           98.46            93     93     36     3.498     3.498     1.621     0.9170      0.9170      0.9170      0.7187
38      A         B           38           GLU           97.72            93     93     36     3.498     3.498     1.621     0.8965      0.8965      0.8965      0.6669
39      A         B           39           ARG           97.02            93     93     36     3.498     3.498     1.621     0.9038      0.9038      0.9038      0.6799
40      A         B           40           GLN           95.94            93     93     36     3.498     3.498     1.621     0.9193      0.9193      0.9193      0.7232
41      A         B           41           PHE           97.58            93     93     36     3.498     3.498     1.621     0.9279      0.9279      0.9279      0.7499
42      A         B           42           ARG           95.94            93     93     36     3.498     3.498     1.621     0.9022      0.9022      0.9022      0.6799
43      A         B           43           HIS           93.65            93     93     36     3.498     3.498     1.621     0.9105      0.9105      0.9105      0.6966
44      A         B           44           TRP           93.62            93     93     36     3.498     3.498     1.621     0.9149      0.9149      0.9149      0.7095
45      A         B           45           TYR           94.88            93     93     36     3.498     3.498     1.621     0.9129      0.9129      0.9129      0.7060
46      A         B           46           GLY           93.37            93     93     36     3.498     3.498     1.621     0.8872      0.8872      0.8872      0.6437
47      A         B           47           GLU           96.37            93     93     36     3.498     3.498     1.621     0.8703      0.8703      0.8703      0.6035
48      A         B           48           GLU           95.71            93     93     36     3.498     3.498     1.621     0.8073      0.8073      0.8073      0.4879
49      A         B           49           MET           95.57            93     93     36     3.498     3.498     1.621     0.8947      0.8947      0.8947      0.6605
50      A         B           50           TYR           97.78            93     93     36     3.498     3.498     1.621     0.9021      0.9021      0.9021      0.6780
51      A         B           51           GLU           98.45            93     93     36     3.498     3.498     1.621     0.8679      0.8679      0.8679      0.5992
52      A         B           52           GLU           98.07            93     93     36     3.498     3.498     1.621     0.8833      0.8833      0.8833      0.6338
53      A         B           53           LEU           98.41            93     93     36     3.498     3.498     1.621     0.8933      0.8933      0.8933      0.6580
54      A         B           54           LEU           97.70            93     93     36     3.498     3.498     1.621     0.8771      0.8771      0.8771      0.6200
55      A         B           55           SER           97.80            93     93     36     3.498     3.498     1.621     0.7698      0.7698      0.7698      0.4330
56      A         B           56           ARG           97.46            93     93     36     3.498     3.498     1.621     0.7875      0.7875      0.7875      0.4603
57      A         B           57           LEU           90.64            93     93     36     3.498     3.498     1.621     0.4204      0.4204      0.4204      0.1390
58      B         A            1           CYS           92.65            93     93     57     3.498     3.498     2.510     0.5199      0.5199      0.5199      0.3624
59      B         A            2           SER           87.59            93     93     57     3.498     3.498     2.510     0.5656      0.5656      0.5656      0.4063
60      B         A            3           GLN           89.47            93     93     57     3.498     3.498     2.510     0.4534      0.4534      0.4534      0.3057
61      B         A            4           ASN           90.32            93     93     57     3.498     3.498     2.510     0.7014      0.7014      0.7014      0.5555
62      B         A            5           GLU           94.37            93     93     57     3.498     3.498     2.510     0.8413      0.8413      0.8413      0.7351
63      B         A            6           TYR           95.47            93     93     57     3.498     3.498     2.510     0.8855      0.8855      0.8855      0.8015
64      B         A            7           PHE           96.28            93     93     57     3.498     3.498     2.510     0.9127      0.9127      0.9127      0.8452
65      B         A            8           ASP           96.29            93     93     57     3.498     3.498     2.510     0.9227      0.9227      0.9227      0.8619
66      B         A            9           SER           94.63            93     93     57     3.498     3.498     2.510     0.8862      0.8862      0.8862      0.8036
67      B         A           10           LEU           96.47            93     93     57     3.498     3.498     2.510     0.9443      0.9443      0.9443      0.8993
68      B         A           11           LEU           97.73            93     93     57     3.498     3.498     2.510     0.9441      0.9441      0.9441      0.8989
69      B         A           12           HIS           97.28            93     93     57     3.498     3.498     2.510     0.9314      0.9314      0.9314      0.8768
70      B         A           13           ALA           96.01            93     93     57     3.498     3.498     2.510     0.9069      0.9069      0.9069      0.8356
71      B         A           14           CYS           95.52            93     93     57     3.498     3.498     2.510     0.9037      0.9037      0.9037      0.8307
72      B         A           15           ILE           95.21            93     93     57     3.498     3.498     2.510     0.8850      0.8850      0.8850      0.8011
73      B         A           16           PRO           93.11            93     93     57     3.498     3.498     2.510     0.8439      0.8439      0.8439      0.7404
74      B         A           17           CYS           94.80            93     93     57     3.498     3.498     2.510     0.8284      0.8284      0.8284      0.7194
75      B         A           18           GLN           89.77            93     93     57     3.498     3.498     2.510     0.7269      0.7269      0.7269      0.5890
76      B         A           19           LEU           90.65            93     93     57     3.498     3.498     2.510     0.7967      0.7967      0.7967      0.6763
77      B         A           20           ARG           92.83            93     93     57     3.498     3.498     2.510     0.8039      0.8039      0.8039      0.6857
78      B         A           21           CYS           91.67            93     93     57     3.498     3.498     2.510     0.7057      0.7057      0.7057      0.5635
79      B         A           22           SER           83.26            93     93     57     3.498     3.498     2.510     0.5436      0.5436      0.5436      0.3912
80      B         A           23           SER           83.66            93     93     57     3.498     3.498     2.510     0.5669      0.5669      0.5669      0.4131
81      B         A           24           ASN           77.44            93     93     57     3.498     3.498     2.510     0.5005      0.5005      0.5005      0.3505
82      B         A           25           THR           79.99            93     93     57     3.498     3.498     2.510     0.5335      0.5335      0.5335      0.3814
83      B         A           26           PRO           89.35            93     93     57     3.498     3.498     2.510     0.6381      0.6381      0.6381      0.4852
84      B         A           27           PRO           92.64            93     93     57     3.498     3.498     2.510     0.7195      0.7195      0.7195      0.5760
85      B         A           28           LEU           89.00            93     93     57     3.498     3.498     2.510     0.6844      0.6844      0.6844      0.5337
86      B         A           29           THR           89.71            93     93     57     3.498     3.498     2.510     0.6366      0.6366      0.6366      0.4811
87      B         A           30           CYS           94.02            93     93     57     3.498     3.498     2.510     0.7058      0.7058      0.7058      0.5591
88      B         A           31           GLN           90.89            93     93     57     3.498     3.498     2.510     0.6359      0.6359      0.6359      0.4793
89      B         A           32           ARG           90.11            93     93     57     3.498     3.498     2.510     0.5600      0.5600      0.5600      0.4012
90      B         A           33           TYR           94.05            93     93     57     3.498     3.498     2.510     0.6894      0.6894      0.6894      0.5400
91      B         A           34           CYS           92.22            93     93     57     3.498     3.498     2.510     0.6137      0.6137      0.6137      0.4580
92      B         A           35           ASN           88.26            93     93     57     3.498     3.498     2.510     0.4174      0.4174      0.4174      0.2739
93      B         A           36           ALA           81.87            93     93     10     3.498     3.498     1.001     0.0875      0.1325      0.1325      0.0124
