i   AlignChn ScoredChain  AlignResNum  AlignResType  AlignRespLDDT      n0chn  n0dom  n0res    d0chn     d0dom     d0res   ipTM_pae  ipSAE_d0chn ipSAE_d0dom    ipSAE 
1       A         B            1           SER           73.92            93     93     19     3.498     3.498     1.001     0.1239      0.1595      0.1595      0.0156
2       A         B            2           TRP           82.89            93     93     36     3.498     3.498     1.621     0.3862      0.3862      0.3862      0.1241
3       A         B            3           ARG           83.95            93     93     36     3.498     3.498     1.621     0.3559      0.3559      0.3559      0.1100
4       A         B            4           GLU           90.70            93     93     36     3.498     3.498     1.621     0.3771      0.3771      0.3771      0.1189
5       A         B            5           MET           88.71            93     93     36     3.498     3.498     1.621     0.5730      0.5730      0.5730      0.2319
6       A         B            6           SER           92.77            93     93     36     3.498     3.498     1.621     0.7999      0.7999      0.7999      0.4795
7       A         B            7           PRO           92.24            93     93     36     3.498     3.498     1.621     0.8299      0.8299      0.8299      0.5331
8       A         B            8           ARG           93.88            93     93     36     3.498     3.498     1.621     0.8728      0.8728      0.8728      0.6155
9       A         B            9           GLU           96.33            93     93     36     3.498     3.498     1.621     0.8805      0.8805      0.8805      0.6356
10      A         B           10           TYR           95.70            93     93     36     3.498     3.498     1.621     0.8891      0.8891      0.8891      0.6600
11      A         B           11           VAL           96.60            93     93     36     3.498     3.498     1.621     0.9061      0.9061      0.9061      0.6964
12      A         B           12           LEU           97.78            93     93     36     3.498     3.498     1.621     0.9111      0.9111      0.9111      0.7101
13      A         B           13           GLU           96.53            93     93     36     3.498     3.498     1.621     0.8755      0.8755      0.8755      0.6284
14      A         B           14           VAL           96.83            93     93     36     3.498     3.498     1.621     0.8803      0.8803      0.8803      0.6401
15      A         B           15           GLY           98.41            93     93     36     3.498     3.498     1.621     0.8886      0.8886      0.8886      0.6614
16      A         B           16           VAL           98.27            93     93     36     3.498     3.498     1.621     0.8954      0.8954      0.8954      0.6723
17      A         B           17           GLU           97.59            93     93     36     3.498     3.498     1.621     0.8660      0.8660      0.8660      0.6105
18      A         B           18           ARG           98.35            93     93     36     3.498     3.498     1.621     0.8874      0.8874      0.8874      0.6546
19      A         B           19           LEU           98.21            93     93     36     3.498     3.498     1.621     0.8883      0.8883      0.8883      0.6580
20      A         B           20           ARG           98.21            93     93     36     3.498     3.498     1.621     0.8527      0.8527      0.8527      0.5825
21      A         B           21           GLU           98.21            93     93     36     3.498     3.498     1.621     0.8456      0.8456      0.8456      0.5682
22      A         B           22           ILE           98.32            93     93     36     3.498     3.498     1.621     0.8634      0.8634      0.8634      0.6024
23      A         B           23           ILE           98.13            93     93     36     3.498     3.498     1.621     0.8442      0.8442      0.8442      0.5641
24      A         B           24           ARG           98.25            93     93     36     3.498     3.498     1.621     0.7551      0.7551      0.7551      0.4226
25      A         B           25           GLU           97.72            93     93     36     3.498     3.498     1.621     0.7060      0.7060      0.7060      0.3661
26      A         B           26           HIS           98.02            93     93     36     3.498     3.498     1.621     0.7200      0.7200      0.7200      0.3793
27      A         B           27           GLY           97.01            93     93     36     3.498     3.498     1.621     0.4086      0.4086      0.4086      0.1360
28      A         B           28           GLY           94.42            93     93     36     3.498     3.498     1.621     0.3419      0.3419      0.3419      0.1036
29      A         B           29           ARG           92.79            93     93     36     3.498     3.498     1.621     0.5328      0.5328      0.5328      0.2065
30      A         B           30           ASP           96.48            93     93     36     3.498     3.498     1.621     0.4637      0.4637      0.4637      0.1652
31      A         B           31           SER           97.87            93     93     36     3.498     3.498     1.621     0.7226      0.7226      0.7226      0.3741
32      A         B           32           PRO           98.24            93     93     36     3.498     3.498     1.621     0.7875      0.7875      0.7875      0.4606
33      A         B           33           ARG           97.63            93     93     36     3.498     3.498     1.621     0.8123      0.8123      0.8123      0.5021
34      A         B           34           PHE           98.01            93     93     36     3.498     3.498     1.621     0.8602      0.8602      0.8602      0.5884
35      A         B           35           GLN           98.28            93     93     36     3.498     3.498     1.621     0.8502      0.8502      0.8502      0.5659
36      A         B           36           GLU           97.59            93     93     36     3.498     3.498     1.621     0.8853      0.8853      0.8853      0.6416
37      A         B           37           PHE           98.50            93     93     36     3.498     3.498     1.621     0.8986      0.8986      0.8986      0.6754
38      A         B           38           GLU           97.79            93     93     36     3.498     3.498     1.621     0.8728      0.8728      0.8728      0.6155
39      A         B           39           ARG           97.39            93     93     36     3.498     3.498     1.621     0.8805      0.8805      0.8805      0.6271
40      A         B           40           GLN           96.26            93     93     36     3.498     3.498     1.621     0.8993      0.8993      0.8993      0.6750
41      A         B           41           PHE           97.77            93     93     36     3.498     3.498     1.621     0.9121      0.9121      0.9121      0.7106
42      A         B           42           ARG           96.30            93     93     36     3.498     3.498     1.621     0.8842      0.8842      0.8842      0.6401
43      A         B           43           HIS           94.21            93     93     36     3.498     3.498     1.621     0.8918      0.8918      0.8918      0.6520
44      A         B           44           TRP           94.25            93     93     36     3.498     3.498     1.621     0.8956      0.8956      0.8956      0.6625
45      A         B           45           TYR           95.60            93     93     36     3.498     3.498     1.621     0.8965      0.8965      0.8965      0.6677
46      A         B           46           GLY           93.92            93     93     36     3.498     3.498     1.621     0.8703      0.8703      0.8703      0.6089
47      A         B           47           GLU           96.38            93     93     36     3.498     3.498     1.621     0.8508      0.8508      0.8508      0.5645
48      A         B           48           GLU           95.65            93     93     36     3.498     3.498     1.621     0.8068      0.8068      0.8068      0.4882
49      A         B           49           MET           96.05            93     93     36     3.498     3.498     1.621     0.8777      0.8777      0.8777      0.6252
50      A         B           50           TYR           97.87            93     93     36     3.498     3.498     1.621     0.8845      0.8845      0.8845      0.6392
51      A         B           51           GLU           98.45            93     93     36     3.498     3.498     1.621     0.8450      0.8450      0.8450      0.5548
52      A         B           52           GLU           98.19            93     93     36     3.498     3.498     1.621     0.8611      0.8611      0.8611      0.5896
53      A         B           53           LEU           98.49            93     93     36     3.498     3.498     1.621     0.8701      0.8701      0.8701      0.6092
54      A         B           54           LEU           97.80            93     93     36     3.498     3.498     1.621     0.8528      0.8528      0.8528      0.5728
55      A         B           55           SER           97.85            93     93     36     3.498     3.498     1.621     0.7369      0.7369      0.7369      0.3903
56      A         B           56           ARG           97.33            93     93     36     3.498     3.498     1.621     0.7407      0.7407      0.7407      0.3978
57      A         B           57           LEU           88.66            93     93     36     3.498     3.498     1.621     0.3313      0.3313      0.3313      0.0985
58      B         A            1           CYS           93.15            93     93     57     3.498     3.498     2.510     0.4828      0.4828      0.4828      0.3283
59      B         A            2           SER           89.28            93     93     57     3.498     3.498     2.510     0.5532      0.5532      0.5532      0.3939
60      B         A            3           GLN           89.63            93     93     57     3.498     3.498     2.510     0.3835      0.3835      0.3835      0.2471
61      B         A            4           ASN           90.64            93     93     57     3.498     3.498     2.510     0.6379      0.6379      0.6379      0.4842
62      B         A            5           GLU           94.54            93     93     57     3.498     3.498     2.510     0.8041      0.8041      0.8041      0.6830
63      B         A            6           TYR           95.93            93     93     57     3.498     3.498     2.510     0.8594      0.8594      0.8594      0.7624
64      B         A            7           PHE           96.64            93     93     57     3.498     3.498     2.510     0.8930      0.8930      0.8930      0.8146
65      B         A            8           ASP           96.72            93     93     57     3.498     3.498     2.510     0.9014      0.9014      0.9014      0.8285
66      B         A            9           SER           95.20            93     93     57     3.498     3.498     2.510     0.8635      0.8635      0.8635      0.7699
67      B         A           10           LEU           96.89            93     93     57     3.498     3.498     2.510     0.9265      0.9265      0.9265      0.8706
68      B         A           11           LEU           97.92            93     93     57     3.498     3.498     2.510     0.9285      0.9285      0.9285      0.8740
69      B         A           12           HIS           97.35            93     93     57     3.498     3.498     2.510     0.9125      0.9125      0.9125      0.8467
70      B         A           13           ALA           95.87            93     93     57     3.498     3.498     2.510     0.8829      0.8829      0.8829      0.7985
71      B         A           14           CYS           95.61            93     93     57     3.498     3.498     2.510     0.8834      0.8834      0.8834      0.7993
72      B         A           15           ILE           95.63            93     93     57     3.498     3.498     2.510     0.8549      0.8549      0.8549      0.7563
73      B         A           16           PRO           93.25            93     93     57     3.498     3.498     2.510     0.8054      0.8054      0.8054      0.6871
74      B         A           17           CYS           95.20            93     93     57     3.498     3.498     2.510     0.7914      0.7914      0.7914      0.6693
75      B         A           18           GLN           90.47            93     93     57     3.498     3.498     2.510     0.6868      0.6868      0.6868      0.5417
76      B         A           19           LEU           91.59            93     93     57     3.498     3.498     2.510     0.7462      0.7462      0.7462      0.6115
77      B         A           20           ARG           93.50            93     93     57     3.498     3.498     2.510     0.7402      0.7402      0.7402      0.6043
78      B         A           21           CYS           92.21            93     93     57     3.498     3.498     2.510     0.6397      0.6397      0.6397      0.4894
79      B         A           22           SER           83.74            93     93     57     3.498     3.498     2.510     0.4552      0.4552      0.4552      0.3101
80      B         A           23           SER           84.73            93     93     57     3.498     3.498     2.510     0.4763      0.4763      0.4763      0.3283
81      B         A           24           ASN           80.14            93     93     57     3.498     3.498     2.510     0.3858      0.3858      0.3858      0.2518
82      B         A           25           THR           82.50            93     93     57     3.498     3.498     2.510     0.4301      0.4301      0.4301      0.2880
83      B         A           26           PRO           91.31            93     93     57     3.498     3.498     2.510     0.5613      0.5613      0.5613      0.4058
84      B         A           27           PRO           93.24            93     93     57     3.498     3.498     2.510     0.6771      0.6771      0.6771      0.5269
85      B         A           28           LEU           90.35            93     93     57     3.498     3.498     2.510     0.6327      0.6327      0.6327      0.4769
86      B         A           29           THR           90.90            93     93     57     3.498     3.498     2.510     0.5883      0.5883      0.5883      0.4308
87      B         A           30           CYS           94.94            93     93     57     3.498     3.498     2.510     0.6784      0.6784      0.6784      0.5275
88      B         A           31           GLN           92.72            93     93     57     3.498     3.498     2.510     0.6146      0.6146      0.6146      0.4574
89      B         A           32           ARG           90.86            93     93     57     3.498     3.498     2.510     0.5127      0.5127      0.5127      0.3563
90      B         A           33           TYR           94.49            93     93     57     3.498     3.498     2.510     0.6213      0.6213      0.6213      0.4648
91      B         A           34           CYS           93.26            93     93     57     3.498     3.498     2.510     0.5616      0.5616      0.5616      0.4049
92      B         A           35           ASN           89.36            93     93     57     3.498     3.498     2.510     0.3744      0.3744      0.3744      0.2396
93      B         A           36           ALA           82.78            93     93      7     3.498     3.498     1.001     0.0817      0.1372      0.1372      0.0129
