i   AlignChn ScoredChain  AlignResNum  AlignResType  AlignRespLDDT      n0chn  n0dom  n0res    d0chn     d0dom     d0res   ipTM_pae  ipSAE_d0chn ipSAE_d0dom    ipSAE 
1       A         B            1           SER           74.12            90     90     27     3.429     3.429     1.039     0.1479      0.1661      0.1661      0.0183
2       A         B            2           ILE           85.50            90     90     36     3.429     3.429     1.621     0.5997      0.5997      0.5997      0.2600
3       A         B            3           SER           82.35            90     90     36     3.429     3.429     1.621     0.5510      0.5510      0.5510      0.2251
4       A         B            4           ASP           87.27            90     90     36     3.429     3.429     1.621     0.5966      0.5966      0.5966      0.2607
5       A         B            5           MET           92.73            90     90     36     3.429     3.429     1.621     0.7910      0.7910      0.7910      0.4709
6       A         B            6           SER           91.32            90     90     36     3.429     3.429     1.621     0.7975      0.7975      0.7975      0.4837
7       A         B            7           VAL           93.04            90     90     36     3.429     3.429     1.621     0.8518      0.8518      0.8518      0.5771
8       A         B            8           GLU           92.71            90     90     36     3.429     3.429     1.621     0.8764      0.8764      0.8764      0.6280
9       A         B            9           GLU           92.99            90     90     36     3.429     3.429     1.621     0.8814      0.8814      0.8814      0.6410
10      A         B           10           LEU           94.54            90     90     36     3.429     3.429     1.621     0.8976      0.8976      0.8976      0.6759
11      A         B           11           GLU           95.46            90     90     36     3.429     3.429     1.621     0.9033      0.9033      0.9033      0.6921
12      A         B           12           ARG           93.46            90     90     36     3.429     3.429     1.621     0.9121      0.9121      0.9121      0.7166
13      A         B           13           GLU           95.17            90     90     36     3.429     3.429     1.621     0.9110      0.9110      0.9110      0.7135
14      A         B           14           VAL           96.80            90     90     36     3.429     3.429     1.621     0.9259      0.9259      0.9259      0.7532
15      A         B           15           GLU           95.69            90     90     36     3.429     3.429     1.621     0.9186      0.9186      0.9186      0.7348
16      A         B           16           ALA           96.40            90     90     36     3.429     3.429     1.621     0.9271      0.9271      0.9271      0.7597
17      A         B           17           TRP           97.62            90     90     36     3.429     3.429     1.621     0.9373      0.9373      0.9373      0.7862
18      A         B           18           GLU           97.68            90     90     36     3.429     3.429     1.621     0.9289      0.9289      0.9289      0.7620
19      A         B           19           GLN           96.88            90     90     36     3.429     3.429     1.621     0.9187      0.9187      0.9187      0.7361
20      A         B           20           ILE           98.15            90     90     36     3.429     3.429     1.621     0.9386      0.9386      0.9386      0.7911
21      A         B           21           ALA           98.28            90     90     36     3.429     3.429     1.621     0.9316      0.9316      0.9316      0.7702
22      A         B           22           ARG           97.77            90     90     36     3.429     3.429     1.621     0.9058      0.9058      0.9058      0.6996
23      A         B           23           TRP           97.86            90     90     36     3.429     3.429     1.621     0.9204      0.9204      0.9204      0.7392
24      A         B           24           THR           97.41            90     90     36     3.429     3.429     1.621     0.9038      0.9038      0.9038      0.6941
25      A         B           25           GLU           97.18            90     90     36     3.429     3.429     1.621     0.8847      0.8847      0.8847      0.6512
26      A         B           26           GLU           97.34            90     90     36     3.429     3.429     1.621     0.8298      0.8298      0.8298      0.5400
27      A         B           27           ASN           95.89            90     90     36     3.429     3.429     1.621     0.8449      0.8449      0.8449      0.5690
28      A         B           28           GLY           96.99            90     90     36     3.429     3.429     1.621     0.7436      0.7436      0.7436      0.4158
29      A         B           29           MET           96.99            90     90     36     3.429     3.429     1.621     0.8463      0.8463      0.8463      0.5744
30      A         B           30           PRO           96.40            90     90     36     3.429     3.429     1.621     0.8257      0.8257      0.8257      0.5418
31      A         B           31           GLN           96.66            90     90     36     3.429     3.429     1.621     0.8027      0.8027      0.8027      0.5025
32      A         B           32           TRP           97.57            90     90     36     3.429     3.429     1.621     0.8724      0.8724      0.8724      0.6264
33      A         B           33           THR           97.16            90     90     36     3.429     3.429     1.621     0.8886      0.8886      0.8886      0.6615
34      A         B           34           VAL           97.62            90     90     36     3.429     3.429     1.621     0.8940      0.8940      0.8940      0.6745
35      A         B           35           GLU           98.07            90     90     36     3.429     3.429     1.621     0.8655      0.8655      0.8655      0.6140
36      A         B           36           ARG           97.76            90     90     36     3.429     3.429     1.621     0.9005      0.9005      0.9005      0.6880
37      A         B           37           ALA           98.19            90     90     36     3.429     3.429     1.621     0.9068      0.9068      0.9068      0.7070
38      A         B           38           ARG           98.18            90     90     36     3.429     3.429     1.621     0.9008      0.9008      0.9008      0.6917
39      A         B           39           GLU           98.05            90     90     36     3.429     3.429     1.621     0.8831      0.8831      0.8831      0.6480
40      A         B           40           MET           97.16            90     90     36     3.429     3.429     1.621     0.9090      0.9090      0.9090      0.7094
41      A         B           41           VAL           98.15            90     90     36     3.429     3.429     1.621     0.9169      0.9169      0.9169      0.7306
42      A         B           42           GLU           97.90            90     90     36     3.429     3.429     1.621     0.8794      0.8794      0.8794      0.6395
43      A         B           43           LEU           96.53            90     90     36     3.429     3.429     1.621     0.8878      0.8878      0.8878      0.6547
44      A         B           44           TYR           96.29            90     90     36     3.429     3.429     1.621     0.9009      0.9009      0.9009      0.6876
45      A         B           45           ARG           96.77            90     90     36     3.429     3.429     1.621     0.8817      0.8817      0.8817      0.6424
46      A         B           46           LYS           96.08            90     90     36     3.429     3.429     1.621     0.8454      0.8454      0.8454      0.5667
47      A         B           47           GLU           94.88            90     90     36     3.429     3.429     1.621     0.8558      0.8558      0.8558      0.5839
48      A         B           48           VAL           95.29            90     90     36     3.429     3.429     1.621     0.8583      0.8583      0.8583      0.5898
49      A         B           49           GLU           95.28            90     90     36     3.429     3.429     1.621     0.8196      0.8196      0.8196      0.5173
50      A         B           50           ARG           92.50            90     90     36     3.429     3.429     1.621     0.7681      0.7681      0.7681      0.4364
51      A         B           51           LYS           91.83            90     90     36     3.429     3.429     1.621     0.7441      0.7441      0.7441      0.4039
52      A         B           52           ARG           90.78            90     90     36     3.429     3.429     1.621     0.6782      0.6782      0.6782      0.3290
53      A         B           53           ALA           88.88            90     90     36     3.429     3.429     1.621     0.5479      0.5479      0.5479      0.2201
54      A         B           54           GLU           77.93            90     90     30     3.429     3.429     1.258     0.1282      0.1346      0.1346      0.0206
55      B         A            1           CYS           89.69            90     89     54     3.429     3.406     2.405     0.3638      0.3638      0.3608      0.2253
56      B         A            2           SER           86.63            90     89     54     3.429     3.406     2.405     0.3847      0.3847      0.3817      0.2434
57      B         A            3           GLN           86.86            90     89     54     3.429     3.406     2.405     0.3483      0.3483      0.3453      0.2116
58      B         A            4           ASN           90.58            90     89     54     3.429     3.406     2.405     0.6217      0.6217      0.6188      0.4642
59      B         A            5           GLU           95.12            90     89     54     3.429     3.406     2.405     0.8239      0.8239      0.8220      0.7047
60      B         A            6           TYR           94.92            90     89     54     3.429     3.406     2.405     0.8665      0.8665      0.8650      0.7686
61      B         A            7           PHE           95.23            90     89     54     3.429     3.406     2.405     0.8809      0.8809      0.8795      0.7906
62      B         A            8           ASP           96.96            90     89     54     3.429     3.406     2.405     0.8905      0.8905      0.8892      0.8058
63      B         A            9           SER           94.25            90     89     54     3.429     3.406     2.405     0.8163      0.8163      0.8143      0.6951
64      B         A           10           LEU           95.44            90     89     54     3.429     3.406     2.405     0.8910      0.8910      0.8897      0.8067
65      B         A           11           LEU           97.35            90     89     54     3.429     3.406     2.405     0.9060      0.9060      0.9049      0.8321
66      B         A           12           HIS           95.88            90     89     54     3.429     3.406     2.405     0.8726      0.8726      0.8712      0.7780
67      B         A           13           ALA           95.65            90     89     54     3.429     3.406     2.405     0.8206      0.8206      0.8187      0.7033
68      B         A           14           CYS           96.03            90     89     54     3.429     3.406     2.405     0.8633      0.8633      0.8617      0.7663
69      B         A           15           ILE           96.84            90     89     54     3.429     3.406     2.405     0.8775      0.8775      0.8761      0.7871
70      B         A           16           PRO           96.35            90     89     54     3.429     3.406     2.405     0.8697      0.8697      0.8683      0.7757
71      B         A           17           CYS           95.77            90     89     54     3.429     3.406     2.405     0.8688      0.8688      0.8673      0.7720
72      B         A           18           GLN           94.27            90     89     54     3.429     3.406     2.405     0.8358      0.8358      0.8340      0.7227
73      B         A           19           LEU           96.88            90     89     54     3.429     3.406     2.405     0.8951      0.8951      0.8938      0.8131
74      B         A           20           ARG           94.57            90     89     54     3.429     3.406     2.405     0.8294      0.8294      0.8275      0.7127
75      B         A           21           CYS           91.82            90     89     54     3.429     3.406     2.405     0.7584      0.7584      0.7560      0.6163
76      B         A           22           SER           84.14            90     89     54     3.429     3.406     2.405     0.6612      0.6612      0.6583      0.5031
77      B         A           23           SER           85.96            90     89     54     3.429     3.406     2.405     0.6684      0.6684      0.6655      0.5099
78      B         A           24           ASN           76.52            90     89     54     3.429     3.406     2.405     0.5638      0.5638      0.5607      0.4030
79      B         A           25           THR           75.35            90     89     54     3.429     3.406     2.405     0.5784      0.5784      0.5753      0.4151
80      B         A           26           PRO           85.74            90     89     54     3.429     3.406     2.405     0.6701      0.6701      0.6672      0.5078
81      B         A           27           PRO           89.92            90     89     54     3.429     3.406     2.405     0.7483      0.7483      0.7459      0.6002
82      B         A           28           LEU           86.78            90     89     54     3.429     3.406     2.405     0.6950      0.6950      0.6922      0.5342
83      B         A           29           THR           85.22            90     89     54     3.429     3.406     2.405     0.6387      0.6387      0.6356      0.4714
84      B         A           30           CYS           92.10            90     89     54     3.429     3.406     2.405     0.7456      0.7456      0.7431      0.5968
85      B         A           31           GLN           87.56            90     89     54     3.429     3.406     2.405     0.6647      0.6647      0.6618      0.5004
86      B         A           32           ARG           84.28            90     89     54     3.429     3.406     2.405     0.5191      0.5191      0.5158      0.3513
87      B         A           33           TYR           90.16            90     89     54     3.429     3.406     2.405     0.6776      0.6776      0.6747      0.5145
88      B         A           34           CYS           89.97            90     89     54     3.429     3.406     2.405     0.6060      0.6060      0.6028      0.4369
89      B         A           35           ASN           81.44            90     89     51     3.429     3.406     2.294     0.2456      0.2544      0.2519      0.1355
90      B         A           36           ALA           60.25            90     89      0     3.429     3.406     1.001     0.0489      0.0000      0.0000      0.0000
