i   AlignChn ScoredChain  AlignResNum  AlignResType  AlignRespLDDT      n0chn  n0dom  n0res    d0chn     d0dom     d0res   ipTM_pae  ipSAE_d0chn ipSAE_d0dom    ipSAE 
1       A         B            1           SER           76.31            90     90     15     3.429     3.429     1.001     0.1084      0.1463      0.1463      0.0145
2       A         B            2           ILE           87.47            90     90     36     3.429     3.429     1.621     0.5801      0.5801      0.5801      0.2436
3       A         B            3           SER           84.42            90     90     36     3.429     3.429     1.621     0.5435      0.5435      0.5435      0.2188
4       A         B            4           ASP           89.44            90     90     36     3.429     3.429     1.621     0.5699      0.5699      0.5699      0.2377
5       A         B            5           MET           93.81            90     90     36     3.429     3.429     1.621     0.7586      0.7586      0.7586      0.4228
6       A         B            6           SER           92.00            90     90     36     3.429     3.429     1.621     0.7510      0.7510      0.7510      0.4152
7       A         B            7           VAL           93.01            90     90     36     3.429     3.429     1.621     0.8082      0.8082      0.8082      0.4979
8       A         B            8           GLU           92.79            90     90     36     3.429     3.429     1.621     0.8422      0.8422      0.8422      0.5574
9       A         B            9           GLU           93.92            90     90     36     3.429     3.429     1.621     0.8431      0.8431      0.8431      0.5612
10      A         B           10           LEU           95.06            90     90     36     3.429     3.429     1.621     0.8662      0.8662      0.8662      0.6045
11      A         B           11           GLU           95.30            90     90     36     3.429     3.429     1.621     0.8718      0.8718      0.8718      0.6183
12      A         B           12           ARG           94.16            90     90     36     3.429     3.429     1.621     0.8789      0.8789      0.8789      0.6376
13      A         B           13           GLU           95.61            90     90     36     3.429     3.429     1.621     0.8812      0.8812      0.8812      0.6411
14      A         B           14           VAL           96.82            90     90     36     3.429     3.429     1.621     0.8944      0.8944      0.8944      0.6714
15      A         B           15           GLU           95.51            90     90     36     3.429     3.429     1.621     0.8856      0.8856      0.8856      0.6543
16      A         B           16           ALA           96.58            90     90     36     3.429     3.429     1.621     0.8965      0.8965      0.8965      0.6812
17      A         B           17           TRP           97.69            90     90     36     3.429     3.429     1.621     0.9116      0.9116      0.9116      0.7155
18      A         B           18           GLU           97.73            90     90     36     3.429     3.429     1.621     0.9032      0.9032      0.9032      0.6943
19      A         B           19           GLN           97.00            90     90     36     3.429     3.429     1.621     0.8910      0.8910      0.8910      0.6682
20      A         B           20           ILE           98.18            90     90     36     3.429     3.429     1.621     0.9174      0.9174      0.9174      0.7301
21      A         B           21           ALA           98.39            90     90     36     3.429     3.429     1.621     0.9093      0.9093      0.9093      0.7100
22      A         B           22           ARG           97.90            90     90     36     3.429     3.429     1.621     0.8770      0.8770      0.8770      0.6322
23      A         B           23           TRP           97.99            90     90     36     3.429     3.429     1.621     0.8948      0.8948      0.8948      0.6740
24      A         B           24           THR           97.75            90     90     36     3.429     3.429     1.621     0.8801      0.8801      0.8801      0.6401
25      A         B           25           GLU           97.56            90     90     36     3.429     3.429     1.621     0.8621      0.8621      0.8621      0.6041
26      A         B           26           GLU           97.49            90     90     36     3.429     3.429     1.621     0.8026      0.8026      0.8026      0.4955
27      A         B           27           ASN           96.22            90     90     36     3.429     3.429     1.621     0.8136      0.8136      0.8136      0.5149
28      A         B           28           GLY           97.16            90     90     36     3.429     3.429     1.621     0.7099      0.7099      0.7099      0.3758
29      A         B           29           MET           97.24            90     90     36     3.429     3.429     1.621     0.8135      0.8135      0.8135      0.5177
30      A         B           30           PRO           96.59            90     90     36     3.429     3.429     1.621     0.7879      0.7879      0.7879      0.4816
31      A         B           31           GLN           96.89            90     90     36     3.429     3.429     1.621     0.7644      0.7644      0.7644      0.4469
32      A         B           32           TRP           97.50            90     90     36     3.429     3.429     1.621     0.8316      0.8316      0.8316      0.5483
33      A         B           33           THR           97.32            90     90     36     3.429     3.429     1.621     0.8529      0.8529      0.8529      0.5881
34      A         B           34           VAL           97.77            90     90     36     3.429     3.429     1.621     0.8622      0.8622      0.8622      0.6071
35      A         B           35           GLU           98.23            90     90     36     3.429     3.429     1.621     0.8325      0.8325      0.8325      0.5523
36      A         B           36           ARG           97.90            90     90     36     3.429     3.429     1.621     0.8698      0.8698      0.8698      0.6198
37      A         B           37           ALA           98.26            90     90     36     3.429     3.429     1.621     0.8747      0.8747      0.8747      0.6346
38      A         B           38           ARG           98.29            90     90     36     3.429     3.429     1.621     0.8698      0.8698      0.8698      0.6231
39      A         B           39           GLU           98.22            90     90     36     3.429     3.429     1.621     0.8486      0.8486      0.8486      0.5777
40      A         B           40           MET           97.40            90     90     36     3.429     3.429     1.621     0.8801      0.8801      0.8801      0.6415
41      A         B           41           VAL           98.22            90     90     36     3.429     3.429     1.621     0.8864      0.8864      0.8864      0.6566
42      A         B           42           GLU           98.00            90     90     36     3.429     3.429     1.621     0.8460      0.8460      0.8460      0.5716
43      A         B           43           LEU           96.85            90     90     36     3.429     3.429     1.621     0.8565      0.8565      0.8565      0.5879
44      A         B           44           TYR           96.58            90     90     36     3.429     3.429     1.621     0.8684      0.8684      0.8684      0.6137
45      A         B           45           ARG           96.86            90     90     36     3.429     3.429     1.621     0.8473      0.8473      0.8473      0.5717
46      A         B           46           LYS           96.42            90     90     36     3.429     3.429     1.621     0.8108      0.8108      0.8108      0.5063
47      A         B           47           GLU           95.37            90     90     36     3.429     3.429     1.621     0.8219      0.8219      0.8219      0.5212
48      A         B           48           VAL           95.39            90     90     36     3.429     3.429     1.621     0.8164      0.8164      0.8164      0.5132
49      A         B           49           GLU           95.48            90     90     36     3.429     3.429     1.621     0.7862      0.7862      0.7862      0.4633
50      A         B           50           ARG           93.04            90     90     36     3.429     3.429     1.621     0.7316      0.7316      0.7316      0.3883
51      A         B           51           LYS           91.87            90     90     36     3.429     3.429     1.621     0.6975      0.6975      0.6975      0.3489
52      A         B           52           ARG           90.35            90     90     36     3.429     3.429     1.621     0.6288      0.6288      0.6288      0.2818
53      A         B           53           ALA           89.39            90     90     36     3.429     3.429     1.621     0.5084      0.5084      0.5084      0.1928
54      A         B           54           GLU           77.88            90     90     14     3.429     3.429     1.001     0.1061      0.1291      0.1291      0.0125
55      B         A            1           CYS           90.55            90     90     54     3.429     3.429     2.405     0.3243      0.3243      0.3243      0.1962
56      B         A            2           SER           88.05            90     90     54     3.429     3.429     2.405     0.3465      0.3465      0.3465      0.2142
57      B         A            3           GLN           88.26            90     90     54     3.429     3.429     2.405     0.3440      0.3440      0.3440      0.2085
58      B         A            4           ASN           91.30            90     90     54     3.429     3.429     2.405     0.5908      0.5908      0.5908      0.4334
59      B         A            5           GLU           95.31            90     90     54     3.429     3.429     2.405     0.7804      0.7804      0.7804      0.6455
60      B         A            6           TYR           95.20            90     90     54     3.429     3.429     2.405     0.8331      0.8331      0.8331      0.7194
61      B         A            7           PHE           95.45            90     90     54     3.429     3.429     2.405     0.8500      0.8500      0.8500      0.7441
62      B         A            8           ASP           97.15            90     90     54     3.429     3.429     2.405     0.8629      0.8629      0.8629      0.7639
63      B         A            9           SER           94.62            90     90     54     3.429     3.429     2.405     0.7761      0.7761      0.7761      0.6413
64      B         A           10           LEU           95.91            90     90     54     3.429     3.429     2.405     0.8651      0.8651      0.8651      0.7670
65      B         A           11           LEU           97.54            90     90     54     3.429     3.429     2.405     0.8786      0.8786      0.8786      0.7892
66      B         A           12           HIS           96.04            90     90     54     3.429     3.429     2.405     0.8426      0.8426      0.8426      0.7339
67      B         A           13           ALA           96.12            90     90     54     3.429     3.429     2.405     0.7884      0.7884      0.7884      0.6599
68      B         A           14           CYS           96.43            90     90     54     3.429     3.429     2.405     0.8339      0.8339      0.8339      0.7239
69      B         A           15           ILE           97.09            90     90     54     3.429     3.429     2.405     0.8446      0.8446      0.8446      0.7383
70      B         A           16           PRO           96.52            90     90     54     3.429     3.429     2.405     0.8312      0.8312      0.8312      0.7195
71      B         A           17           CYS           96.17            90     90     54     3.429     3.429     2.405     0.8261      0.8261      0.8261      0.7100
72      B         A           18           GLN           95.03            90     90     54     3.429     3.429     2.405     0.7901      0.7901      0.7901      0.6597
73      B         A           19           LEU           97.13            90     90     54     3.429     3.429     2.405     0.8559      0.8559      0.8559      0.7529
74      B         A           20           ARG           95.18            90     90     54     3.429     3.429     2.405     0.7619      0.7619      0.7619      0.6210
75      B         A           21           CYS           92.35            90     90     54     3.429     3.429     2.405     0.6593      0.6593      0.6593      0.4985
76      B         A           22           SER           83.54            90     90     54     3.429     3.429     2.405     0.5268      0.5268      0.5268      0.3641
77      B         A           23           SER           86.37            90     90     54     3.429     3.429     2.405     0.5503      0.5503      0.5503      0.3863
78      B         A           24           ASN           77.75            90     90     54     3.429     3.429     2.405     0.4469      0.4469      0.4469      0.2944
79      B         A           25           THR           77.70            90     90     54     3.429     3.429     2.405     0.4663      0.4663      0.4663      0.3108
80      B         A           26           PRO           86.10            90     90     54     3.429     3.429     2.405     0.5537      0.5537      0.5537      0.3864
81      B         A           27           PRO           90.58            90     90     54     3.429     3.429     2.405     0.6560      0.6560      0.6560      0.4908
82      B         A           28           LEU           86.86            90     90     54     3.429     3.429     2.405     0.6097      0.6097      0.6097      0.4402
83      B         A           29           THR           86.51            90     90     54     3.429     3.429     2.405     0.5698      0.5698      0.5698      0.4004
84      B         A           30           CYS           92.62            90     90     54     3.429     3.429     2.405     0.6453      0.6453      0.6453      0.4793
85      B         A           31           GLN           87.86            90     90     54     3.429     3.429     2.405     0.5748      0.5748      0.5748      0.4057
86      B         A           32           ARG           86.03            90     90     54     3.429     3.429     2.405     0.4678      0.4678      0.4678      0.3059
87      B         A           33           TYR           91.22            90     90     54     3.429     3.429     2.405     0.6104      0.6104      0.6104      0.4413
88      B         A           34           CYS           90.81            90     90     54     3.429     3.429     2.405     0.5694      0.5694      0.5694      0.3999
89      B         A           35           ASN           85.11            90     90     54     3.429     3.429     2.405     0.3411      0.3411      0.3411      0.2077
90      B         A           36           ALA           73.45            90     90     14     3.429     3.429     1.001     0.0853      0.1239      0.1239      0.0120
