i   AlignChn ScoredChain  AlignResNum  AlignResType  AlignRespLDDT      n0chn  n0dom  n0res    d0chn     d0dom     d0res   ipTM_pae  ipSAE_d0chn ipSAE_d0dom    ipSAE 
1       A         B            1           SER           68.18            90     89      0     3.429     3.406     1.001     0.0402      0.0000      0.0000      0.0000
2       A         B            2           ILE           86.05            90     89     36     3.429     3.406     1.621     0.4864      0.4864      0.4831      0.1810
3       A         B            3           SER           82.58            90     89     36     3.429     3.406     1.621     0.4805      0.4805      0.4772      0.1781
4       A         B            4           ASP           87.85            90     89     36     3.429     3.406     1.621     0.5285      0.5285      0.5252      0.2096
5       A         B            5           MET           93.05            90     89     36     3.429     3.406     1.621     0.7578      0.7578      0.7553      0.4220
6       A         B            6           SER           91.34            90     89     36     3.429     3.406     1.621     0.7553      0.7553      0.7528      0.4226
7       A         B            7           VAL           92.66            90     89     36     3.429     3.406     1.621     0.8161      0.8161      0.8141      0.5124
8       A         B            8           GLU           92.54            90     89     36     3.429     3.406     1.621     0.8532      0.8532      0.8515      0.5783
9       A         B            9           GLU           93.39            90     89     36     3.429     3.406     1.621     0.8618      0.8618      0.8602      0.5967
10      A         B           10           LEU           94.72            90     89     36     3.429     3.406     1.621     0.8792      0.8792      0.8777      0.6312
11      A         B           11           GLU           95.33            90     89     36     3.429     3.406     1.621     0.8851      0.8851      0.8838      0.6466
12      A         B           12           ARG           93.78            90     89     36     3.429     3.406     1.621     0.8959      0.8959      0.8947      0.6736
13      A         B           13           GLU           95.37            90     89     36     3.429     3.406     1.621     0.8979      0.8979      0.8967      0.6776
14      A         B           14           VAL           96.89            90     89     36     3.429     3.406     1.621     0.9117      0.9117      0.9107      0.7120
15      A         B           15           GLU           95.68            90     89     36     3.429     3.406     1.621     0.9035      0.9035      0.9023      0.6933
16      A         B           16           ALA           96.58            90     89     36     3.429     3.406     1.621     0.9136      0.9136      0.9126      0.7202
17      A         B           17           TRP           97.72            90     89     36     3.429     3.406     1.621     0.9240      0.9240      0.9231      0.7451
18      A         B           18           GLU           97.77            90     89     36     3.429     3.406     1.621     0.9167      0.9167      0.9156      0.7258
19      A         B           19           GLN           97.00            90     89     36     3.429     3.406     1.621     0.9026      0.9026      0.9014      0.6926
20      A         B           20           ILE           98.14            90     89     36     3.429     3.406     1.621     0.9246      0.9246      0.9236      0.7470
21      A         B           21           ALA           98.33            90     89     36     3.429     3.406     1.621     0.9176      0.9176      0.9165      0.7289
22      A         B           22           ARG           97.87            90     89     36     3.429     3.406     1.621     0.8834      0.8834      0.8820      0.6438
23      A         B           23           TRP           97.90            90     89     36     3.429     3.406     1.621     0.9043      0.9043      0.9031      0.6935
24      A         B           24           THR           97.48            90     89     36     3.429     3.406     1.621     0.8873      0.8873      0.8860      0.6531
25      A         B           25           GLU           97.51            90     89     36     3.429     3.406     1.621     0.8681      0.8681      0.8666      0.6136
26      A         B           26           GLU           97.46            90     89     36     3.429     3.406     1.621     0.8068      0.8068      0.8047      0.4996
27      A         B           27           ASN           95.94            90     89     36     3.429     3.406     1.621     0.8196      0.8196      0.8176      0.5220
28      A         B           28           GLY           97.16            90     89     36     3.429     3.406     1.621     0.7101      0.7101      0.7074      0.3743
29      A         B           29           MET           96.98            90     89     36     3.429     3.406     1.621     0.8141      0.8141      0.8121      0.5163
30      A         B           30           PRO           96.36            90     89     36     3.429     3.406     1.621     0.7920      0.7920      0.7898      0.4852
31      A         B           31           GLN           96.81            90     89     36     3.429     3.406     1.621     0.7727      0.7727      0.7705      0.4564
32      A         B           32           TRP           97.21            90     89     36     3.429     3.406     1.621     0.8366      0.8366      0.8348      0.5545
33      A         B           33           THR           97.11            90     89     36     3.429     3.406     1.621     0.8588      0.8588      0.8572      0.5968
34      A         B           34           VAL           97.69            90     89     36     3.429     3.406     1.621     0.8704      0.8704      0.8689      0.6202
35      A         B           35           GLU           98.04            90     89     36     3.429     3.406     1.621     0.8389      0.8389      0.8372      0.5612
36      A         B           36           ARG           97.47            90     89     36     3.429     3.406     1.621     0.8719      0.8719      0.8704      0.6215
37      A         B           37           ALA           98.16            90     89     36     3.429     3.406     1.621     0.8843      0.8843      0.8830      0.6524
38      A         B           38           ARG           98.23            90     89     36     3.429     3.406     1.621     0.8771      0.8771      0.8757      0.6358
39      A         B           39           GLU           98.02            90     89     36     3.429     3.406     1.621     0.8596      0.8596      0.8580      0.5966
40      A         B           40           MET           97.18            90     89     36     3.429     3.406     1.621     0.8929      0.8929      0.8916      0.6679
41      A         B           41           VAL           98.18            90     89     36     3.429     3.406     1.621     0.8988      0.8988      0.8976      0.6819
42      A         B           42           GLU           97.97            90     89     36     3.429     3.406     1.621     0.8586      0.8586      0.8570      0.5940
43      A         B           43           LEU           96.61            90     89     36     3.429     3.406     1.621     0.8687      0.8687      0.8671      0.6108
44      A         B           44           TYR           96.33            90     89     36     3.429     3.406     1.621     0.8839      0.8839      0.8826      0.6452
45      A         B           45           ARG           96.81            90     89     36     3.429     3.406     1.621     0.8610      0.8610      0.8595      0.5965
46      A         B           46           LYS           96.16            90     89     36     3.429     3.406     1.621     0.8178      0.8178      0.8158      0.5164
47      A         B           47           GLU           94.89            90     89     36     3.429     3.406     1.621     0.8272      0.8272      0.8253      0.5290
48      A         B           48           VAL           95.16            90     89     36     3.429     3.406     1.621     0.8292      0.8292      0.8273      0.5333
49      A         B           49           GLU           95.31            90     89     36     3.429     3.406     1.621     0.7930      0.7930      0.7908      0.4727
50      A         B           50           ARG           92.60            90     89     36     3.429     3.406     1.621     0.7295      0.7295      0.7269      0.3856
51      A         B           51           LYS           91.45            90     89     36     3.429     3.406     1.621     0.6899      0.6899      0.6871      0.3400
52      A         B           52           ARG           90.17            90     89     36     3.429     3.406     1.621     0.6188      0.6188      0.6157      0.2734
53      A         B           53           ALA           88.60            90     89     36     3.429     3.406     1.621     0.4896      0.4896      0.4863      0.1818
54      A         B           54           GLU           76.80            90     89      7     3.429     3.406     1.001     0.0905      0.1237      0.1222      0.0119
55      B         A            1           CYS           90.31            90     90     54     3.429     3.429     2.405     0.3174      0.3174      0.3174      0.1908
56      B         A            2           SER           87.84            90     90     54     3.429     3.429     2.405     0.3523      0.3523      0.3523      0.2182
57      B         A            3           GLN           87.70            90     90     54     3.429     3.429     2.405     0.3061      0.3061      0.3061      0.1810
58      B         A            4           ASN           91.02            90     90     54     3.429     3.429     2.405     0.5794      0.5794      0.5794      0.4207
59      B         A            5           GLU           95.07            90     90     54     3.429     3.429     2.405     0.7838      0.7838      0.7838      0.6503
60      B         A            6           TYR           94.88            90     90     54     3.429     3.429     2.405     0.8358      0.8358      0.8358      0.7239
61      B         A            7           PHE           95.13            90     90     54     3.429     3.429     2.405     0.8479      0.8479      0.8479      0.7417
62      B         A            8           ASP           96.90            90     90     54     3.429     3.429     2.405     0.8561      0.8561      0.8561      0.7536
63      B         A            9           SER           93.39            90     90     54     3.429     3.429     2.405     0.7701      0.7701      0.7701      0.6334
64      B         A           10           LEU           95.15            90     90     54     3.429     3.429     2.405     0.8587      0.8587      0.8587      0.7575
65      B         A           11           LEU           97.08            90     90     54     3.429     3.429     2.405     0.8729      0.8729      0.8729      0.7807
66      B         A           12           HIS           95.13            90     90     54     3.429     3.429     2.405     0.8331      0.8331      0.8331      0.7195
67      B         A           13           ALA           95.41            90     90     54     3.429     3.429     2.405     0.7820      0.7820      0.7820      0.6510
68      B         A           14           CYS           96.07            90     90     54     3.429     3.429     2.405     0.8338      0.8338      0.8338      0.7239
69      B         A           15           ILE           96.95            90     90     54     3.429     3.429     2.405     0.8467      0.8467      0.8467      0.7417
70      B         A           16           PRO           96.38            90     90     54     3.429     3.429     2.405     0.8399      0.8399      0.8399      0.7323
71      B         A           17           CYS           96.16            90     90     54     3.429     3.429     2.405     0.8405      0.8405      0.8405      0.7308
72      B         A           18           GLN           94.77            90     90     54     3.429     3.429     2.405     0.8014      0.8014      0.8014      0.6755
73      B         A           19           LEU           96.98            90     90     54     3.429     3.429     2.405     0.8693      0.8693      0.8693      0.7738
74      B         A           20           ARG           94.95            90     90     54     3.429     3.429     2.405     0.7935      0.7935      0.7935      0.6639
75      B         A           21           CYS           92.40            90     90     54     3.429     3.429     2.405     0.7174      0.7174      0.7174      0.5661
76      B         A           22           SER           84.49            90     90     54     3.429     3.429     2.405     0.6210      0.6210      0.6210      0.4601
77      B         A           23           SER           86.46            90     90     54     3.429     3.429     2.405     0.6203      0.6203      0.6203      0.4581
78      B         A           24           ASN           77.56            90     90     54     3.429     3.429     2.405     0.5221      0.5221      0.5221      0.3628
79      B         A           25           THR           77.53            90     90     54     3.429     3.429     2.405     0.5403      0.5403      0.5403      0.3784
80      B         A           26           PRO           86.54            90     90     54     3.429     3.429     2.405     0.6229      0.6229      0.6229      0.4565
81      B         A           27           PRO           90.34            90     90     54     3.429     3.429     2.405     0.7058      0.7058      0.7058      0.5484
82      B         A           28           LEU           86.72            90     90     54     3.429     3.429     2.405     0.6528      0.6528      0.6528      0.4867
83      B         A           29           THR           86.12            90     90     54     3.429     3.429     2.405     0.5964      0.5964      0.5964      0.4274
84      B         A           30           CYS           92.60            90     90     54     3.429     3.429     2.405     0.7016      0.7016      0.7016      0.5433
85      B         A           31           GLN           88.17            90     90     54     3.429     3.429     2.405     0.6412      0.6412      0.6412      0.4749
86      B         A           32           ARG           84.96            90     90     54     3.429     3.429     2.405     0.4951      0.4951      0.4951      0.3299
87      B         A           33           TYR           90.81            90     90     54     3.429     3.429     2.405     0.6366      0.6366      0.6366      0.4692
88      B         A           34           CYS           90.82            90     90     54     3.429     3.429     2.405     0.5889      0.5889      0.5889      0.4199
89      B         A           35           ASN           83.67            90     90     54     3.429     3.429     2.405     0.3102      0.3102      0.3102      0.1851
90      B         A           36           ALA           73.25            90     90     16     3.429     3.429     1.001     0.0892      0.1269      0.1269      0.0123
