i   AlignChn ScoredChain  AlignResNum  AlignResType  AlignRespLDDT      n0chn  n0dom  n0res    d0chn     d0dom     d0res   ipTM_pae  ipSAE_d0chn ipSAE_d0dom    ipSAE 
1       A         B            1           SER           68.50            90     90      1     3.429     3.429     1.001     0.0523      0.1093      0.1093      0.0103
2       A         B            2           ILE           85.74            90     90     36     3.429     3.429     1.621     0.5160      0.5160      0.5160      0.1994
3       A         B            3           SER           81.83            90     90     36     3.429     3.429     1.621     0.4756      0.4756      0.4756      0.1756
4       A         B            4           ASP           88.67            90     90     36     3.429     3.429     1.621     0.5221      0.5221      0.5221      0.2060
5       A         B            5           MET           93.36            90     90     36     3.429     3.429     1.621     0.7457      0.7457      0.7457      0.4069
6       A         B            6           SER           91.29            90     90     36     3.429     3.429     1.621     0.7557      0.7557      0.7557      0.4235
7       A         B            7           VAL           92.40            90     90     36     3.429     3.429     1.621     0.8124      0.8124      0.8124      0.5071
8       A         B            8           GLU           92.18            90     90     36     3.429     3.429     1.621     0.8482      0.8482      0.8482      0.5701
9       A         B            9           GLU           93.63            90     90     36     3.429     3.429     1.621     0.8525      0.8525      0.8525      0.5796
10      A         B           10           LEU           94.64            90     90     36     3.429     3.429     1.621     0.8733      0.8733      0.8733      0.6202
11      A         B           11           GLU           95.24            90     90     36     3.429     3.429     1.621     0.8775      0.8775      0.8775      0.6312
12      A         B           12           ARG           94.14            90     90     36     3.429     3.429     1.621     0.8865      0.8865      0.8865      0.6532
13      A         B           13           GLU           95.59            90     90     36     3.429     3.429     1.621     0.8902      0.8902      0.8902      0.6610
14      A         B           14           VAL           96.91            90     90     36     3.429     3.429     1.621     0.9057      0.9057      0.9057      0.6984
15      A         B           15           GLU           95.86            90     90     36     3.429     3.429     1.621     0.8988      0.8988      0.8988      0.6837
16      A         B           16           ALA           96.82            90     90     36     3.429     3.429     1.621     0.9074      0.9074      0.9074      0.7064
17      A         B           17           TRP           97.87            90     90     36     3.429     3.429     1.621     0.9193      0.9193      0.9193      0.7343
18      A         B           18           GLU           97.83            90     90     36     3.429     3.429     1.621     0.9103      0.9103      0.9103      0.7111
19      A         B           19           GLN           97.11            90     90     36     3.429     3.429     1.621     0.8992      0.8992      0.8992      0.6861
20      A         B           20           ILE           98.28            90     90     36     3.429     3.429     1.621     0.9220      0.9220      0.9220      0.7414
21      A         B           21           ALA           98.36            90     90     36     3.429     3.429     1.621     0.9139      0.9139      0.9139      0.7213
22      A         B           22           ARG           97.87            90     90     36     3.429     3.429     1.621     0.8822      0.8822      0.8822      0.6427
23      A         B           23           TRP           98.00            90     90     36     3.429     3.429     1.621     0.9003      0.9003      0.9003      0.6854
24      A         B           24           THR           97.50            90     90     36     3.429     3.429     1.621     0.8842      0.8842      0.8842      0.6473
25      A         B           25           GLU           97.55            90     90     36     3.429     3.429     1.621     0.8646      0.8646      0.8646      0.6073
26      A         B           26           GLU           97.53            90     90     36     3.429     3.429     1.621     0.7947      0.7947      0.7947      0.4820
27      A         B           27           ASN           96.25            90     90     36     3.429     3.429     1.621     0.8147      0.8147      0.8147      0.5148
28      A         B           28           GLY           97.19            90     90     36     3.429     3.429     1.621     0.7100      0.7100      0.7100      0.3751
29      A         B           29           MET           97.24            90     90     36     3.429     3.429     1.621     0.8170      0.8170      0.8170      0.5224
30      A         B           30           PRO           96.59            90     90     36     3.429     3.429     1.621     0.7946      0.7946      0.7946      0.4899
31      A         B           31           GLN           96.76            90     90     36     3.429     3.429     1.621     0.7602      0.7602      0.7602      0.4401
32      A         B           32           TRP           97.56            90     90     36     3.429     3.429     1.621     0.8364      0.8364      0.8364      0.5560
33      A         B           33           THR           97.36            90     90     36     3.429     3.429     1.621     0.8551      0.8551      0.8551      0.5915
34      A         B           34           VAL           97.70            90     90     36     3.429     3.429     1.621     0.8707      0.8707      0.8707      0.6221
35      A         B           35           GLU           98.06            90     90     36     3.429     3.429     1.621     0.8297      0.8297      0.8297      0.5457
36      A         B           36           ARG           97.85            90     90     36     3.429     3.429     1.621     0.8741      0.8741      0.8741      0.6278
37      A         B           37           ALA           98.28            90     90     36     3.429     3.429     1.621     0.8811      0.8811      0.8811      0.6482
38      A         B           38           ARG           98.22            90     90     36     3.429     3.429     1.621     0.8730      0.8730      0.8730      0.6284
39      A         B           39           GLU           98.04            90     90     36     3.429     3.429     1.621     0.8545      0.8545      0.8545      0.5880
40      A         B           40           MET           97.37            90     90     36     3.429     3.429     1.621     0.8891      0.8891      0.8891      0.6603
41      A         B           41           VAL           98.22            90     90     36     3.429     3.429     1.621     0.8945      0.8945      0.8945      0.6741
42      A         B           42           GLU           97.91            90     90     36     3.429     3.429     1.621     0.8522      0.8522      0.8522      0.5816
43      A         B           43           LEU           96.54            90     90     36     3.429     3.429     1.621     0.8596      0.8596      0.8596      0.5931
44      A         B           44           TYR           96.45            90     90     36     3.429     3.429     1.621     0.8747      0.8747      0.8747      0.6267
45      A         B           45           ARG           96.59            90     90     36     3.429     3.429     1.621     0.8491      0.8491      0.8491      0.5735
46      A         B           46           LYS           95.83            90     90     36     3.429     3.429     1.621     0.8095      0.8095      0.8095      0.5030
47      A         B           47           GLU           94.69            90     90     36     3.429     3.429     1.621     0.8166      0.8166      0.8166      0.5120
48      A         B           48           VAL           94.81            90     90     36     3.429     3.429     1.621     0.8155      0.8155      0.8155      0.5110
49      A         B           49           GLU           94.90            90     90     36     3.429     3.429     1.621     0.7819      0.7819      0.7819      0.4564
50      A         B           50           ARG           91.97            90     90     36     3.429     3.429     1.621     0.7190      0.7190      0.7190      0.3734
51      A         B           51           LYS           91.24            90     90     36     3.429     3.429     1.621     0.6785      0.6785      0.6785      0.3291
52      A         B           52           ARG           89.20            90     90     36     3.429     3.429     1.621     0.6098      0.6098      0.6098      0.2659
53      A         B           53           ALA           88.32            90     90     36     3.429     3.429     1.621     0.4882      0.4882      0.4882      0.1810
54      A         B           54           GLU           76.27            90     90     10     3.429     3.429     1.001     0.0986      0.1289      0.1289      0.0125
55      B         A            1           CYS           90.14            90     90     54     3.429     3.429     2.405     0.3083      0.3083      0.3083      0.1845
56      B         A            2           SER           89.79            90     90     54     3.429     3.429     2.405     0.4207      0.4207      0.4207      0.2721
57      B         A            3           GLN           87.96            90     90     54     3.429     3.429     2.405     0.3424      0.3424      0.3424      0.2077
58      B         A            4           ASN           91.39            90     90     54     3.429     3.429     2.405     0.5851      0.5851      0.5851      0.4280
59      B         A            5           GLU           95.45            90     90     54     3.429     3.429     2.405     0.7842      0.7842      0.7842      0.6509
60      B         A            6           TYR           95.17            90     90     54     3.429     3.429     2.405     0.8317      0.8317      0.8317      0.7178
61      B         A            7           PHE           95.44            90     90     54     3.429     3.429     2.405     0.8447      0.8447      0.8447      0.7369
62      B         A            8           ASP           97.15            90     90     54     3.429     3.429     2.405     0.8590      0.8590      0.8590      0.7581
63      B         A            9           SER           94.49            90     90     54     3.429     3.429     2.405     0.7710      0.7710      0.7710      0.6346
64      B         A           10           LEU           95.60            90     90     54     3.429     3.429     2.405     0.8588      0.8588      0.8588      0.7577
65      B         A           11           LEU           97.44            90     90     54     3.429     3.429     2.405     0.8731      0.8731      0.8731      0.7814
66      B         A           12           HIS           95.61            90     90     54     3.429     3.429     2.405     0.8299      0.8299      0.8299      0.7152
67      B         A           13           ALA           95.82            90     90     54     3.429     3.429     2.405     0.7763      0.7763      0.7763      0.6439
68      B         A           14           CYS           96.29            90     90     54     3.429     3.429     2.405     0.8265      0.8265      0.8265      0.7137
69      B         A           15           ILE           97.10            90     90     54     3.429     3.429     2.405     0.8425      0.8425      0.8425      0.7357
70      B         A           16           PRO           96.67            90     90     54     3.429     3.429     2.405     0.8358      0.8358      0.8358      0.7268
71      B         A           17           CYS           96.34            90     90     54     3.429     3.429     2.405     0.8367      0.8367      0.8367      0.7255
72      B         A           18           GLN           95.15            90     90     54     3.429     3.429     2.405     0.8079      0.8079      0.8079      0.6846
73      B         A           19           LEU           97.13            90     90     54     3.429     3.429     2.405     0.8663      0.8663      0.8663      0.7694
74      B         A           20           ARG           95.11            90     90     54     3.429     3.429     2.405     0.7892      0.7892      0.7892      0.6577
75      B         A           21           CYS           92.95            90     90     54     3.429     3.429     2.405     0.7132      0.7132      0.7132      0.5609
76      B         A           22           SER           85.69            90     90     54     3.429     3.429     2.405     0.6179      0.6179      0.6179      0.4568
77      B         A           23           SER           87.91            90     90     54     3.429     3.429     2.405     0.6179      0.6179      0.6179      0.4557
78      B         A           24           ASN           79.34            90     90     54     3.429     3.429     2.405     0.5286      0.5286      0.5286      0.3687
79      B         A           25           THR           77.93            90     90     54     3.429     3.429     2.405     0.5261      0.5261      0.5261      0.3655
80      B         A           26           PRO           85.77            90     90     54     3.429     3.429     2.405     0.5956      0.5956      0.5956      0.4282
81      B         A           27           PRO           90.68            90     90     54     3.429     3.429     2.405     0.6841      0.6841      0.6841      0.5226
82      B         A           28           LEU           87.26            90     90     54     3.429     3.429     2.405     0.6366      0.6366      0.6366      0.4690
83      B         A           29           THR           86.71            90     90     54     3.429     3.429     2.405     0.5879      0.5879      0.5879      0.4187
84      B         A           30           CYS           92.83            90     90     54     3.429     3.429     2.405     0.6685      0.6685      0.6685      0.5054
85      B         A           31           GLN           87.93            90     90     54     3.429     3.429     2.405     0.5878      0.5878      0.5878      0.4188
86      B         A           32           ARG           86.02            90     90     54     3.429     3.429     2.405     0.4724      0.4724      0.4724      0.3100
87      B         A           33           TYR           91.23            90     90     54     3.429     3.429     2.405     0.6273      0.6273      0.6273      0.4593
88      B         A           34           CYS           90.83            90     90     54     3.429     3.429     2.405     0.5607      0.5607      0.5607      0.3917
89      B         A           35           ASN           83.22            90     90     54     3.429     3.429     2.405     0.2854      0.2854      0.2854      0.1681
90      B         A           36           ALA           71.57            90     90      5     3.429     3.429     1.001     0.0724      0.1282      0.1282      0.0124
