i   AlignChn ScoredChain  AlignResNum  AlignResType  AlignRespLDDT      n0chn  n0dom  n0res    d0chn     d0dom     d0res   ipTM_pae  ipSAE_d0chn ipSAE_d0dom    ipSAE 
1       A         B            1           SER           76.73            90     90     27     3.429     3.429     1.039     0.1438      0.1602      0.1602      0.0175
2       A         B            2           ILE           87.58            90     90     36     3.429     3.429     1.621     0.6045      0.6045      0.6045      0.2627
3       A         B            3           SER           84.22            90     90     36     3.429     3.429     1.621     0.5572      0.5572      0.5572      0.2281
4       A         B            4           ASP           89.04            90     90     36     3.429     3.429     1.621     0.6080      0.6080      0.6080      0.2680
5       A         B            5           MET           93.67            90     90     36     3.429     3.429     1.621     0.7953      0.7953      0.7953      0.4762
6       A         B            6           SER           91.94            90     90     36     3.429     3.429     1.621     0.7881      0.7881      0.7881      0.4685
7       A         B            7           VAL           93.64            90     90     36     3.429     3.429     1.621     0.8369      0.8369      0.8369      0.5493
8       A         B            8           GLU           92.94            90     90     36     3.429     3.429     1.621     0.8663      0.8663      0.8663      0.6067
9       A         B            9           GLU           93.20            90     90     36     3.429     3.429     1.621     0.8764      0.8764      0.8764      0.6305
10      A         B           10           LEU           95.07            90     90     36     3.429     3.429     1.621     0.8905      0.8905      0.8905      0.6593
11      A         B           11           GLU           95.50            90     90     36     3.429     3.429     1.621     0.8941      0.8941      0.8941      0.6707
12      A         B           12           ARG           93.48            90     90     36     3.429     3.429     1.621     0.9033      0.9033      0.9033      0.6963
13      A         B           13           GLU           95.45            90     90     36     3.429     3.429     1.621     0.9043      0.9043      0.9043      0.6978
14      A         B           14           VAL           96.89            90     90     36     3.429     3.429     1.621     0.9167      0.9167      0.9167      0.7292
15      A         B           15           GLU           95.56            90     90     36     3.429     3.429     1.621     0.9084      0.9084      0.9084      0.7098
16      A         B           16           ALA           96.38            90     90     36     3.429     3.429     1.621     0.9186      0.9186      0.9186      0.7381
17      A         B           17           TRP           97.66            90     90     36     3.429     3.429     1.621     0.9316      0.9316      0.9316      0.7716
18      A         B           18           GLU           97.69            90     90     36     3.429     3.429     1.621     0.9237      0.9237      0.9237      0.7490
19      A         B           19           GLN           96.91            90     90     36     3.429     3.429     1.621     0.9127      0.9127      0.9127      0.7224
20      A         B           20           ILE           98.13            90     90     36     3.429     3.429     1.621     0.9335      0.9335      0.9335      0.7774
21      A         B           21           ALA           98.37            90     90     36     3.429     3.429     1.621     0.9274      0.9274      0.9274      0.7599
22      A         B           22           ARG           97.83            90     90     36     3.429     3.429     1.621     0.9011      0.9011      0.9011      0.6898
23      A         B           23           TRP           97.86            90     90     36     3.429     3.429     1.621     0.9161      0.9161      0.9161      0.7295
24      A         B           24           THR           97.60            90     90     36     3.429     3.429     1.621     0.9013      0.9013      0.9013      0.6894
25      A         B           25           GLU           97.43            90     90     36     3.429     3.429     1.621     0.8812      0.8812      0.8812      0.6447
26      A         B           26           GLU           97.49            90     90     36     3.429     3.429     1.621     0.8281      0.8281      0.8281      0.5386
27      A         B           27           ASN           96.06            90     90     36     3.429     3.429     1.621     0.8403      0.8403      0.8403      0.5615
28      A         B           28           GLY           97.21            90     90     36     3.429     3.429     1.621     0.7430      0.7430      0.7430      0.4157
29      A         B           29           MET           97.19            90     90     36     3.429     3.429     1.621     0.8419      0.8419      0.8419      0.5672
30      A         B           30           PRO           96.45            90     90     36     3.429     3.429     1.621     0.8166      0.8166      0.8166      0.5270
31      A         B           31           GLN           96.79            90     90     36     3.429     3.429     1.621     0.7916      0.7916      0.7916      0.4861
32      A         B           32           TRP           97.61            90     90     36     3.429     3.429     1.621     0.8646      0.8646      0.8646      0.6113
33      A         B           33           THR           97.30            90     90     36     3.429     3.429     1.621     0.8801      0.8801      0.8801      0.6433
34      A         B           34           VAL           97.74            90     90     36     3.429     3.429     1.621     0.8864      0.8864      0.8864      0.6584
35      A         B           35           GLU           98.19            90     90     36     3.429     3.429     1.621     0.8596      0.8596      0.8596      0.6032
36      A         B           36           ARG           97.90            90     90     36     3.429     3.429     1.621     0.8955      0.8955      0.8955      0.6775
37      A         B           37           ALA           98.27            90     90     36     3.429     3.429     1.621     0.9005      0.9005      0.9005      0.6934
38      A         B           38           ARG           98.34            90     90     36     3.429     3.429     1.621     0.8946      0.8946      0.8946      0.6790
39      A         B           39           GLU           98.12            90     90     36     3.429     3.429     1.621     0.8766      0.8766      0.8766      0.6354
40      A         B           40           MET           97.46            90     90     36     3.429     3.429     1.621     0.9059      0.9059      0.9059      0.7022
41      A         B           41           VAL           98.24            90     90     36     3.429     3.429     1.621     0.9103      0.9103      0.9103      0.7147
42      A         B           42           GLU           98.05            90     90     36     3.429     3.429     1.621     0.8714      0.8714      0.8714      0.6238
43      A         B           43           LEU           96.89            90     90     36     3.429     3.429     1.621     0.8832      0.8832      0.8832      0.6454
44      A         B           44           TYR           96.65            90     90     36     3.429     3.429     1.621     0.8937      0.8937      0.8937      0.6713
45      A         B           45           ARG           96.97            90     90     36     3.429     3.429     1.621     0.8708      0.8708      0.8708      0.6197
46      A         B           46           LYS           96.55            90     90     36     3.429     3.429     1.621     0.8357      0.8357      0.8357      0.5498
47      A         B           47           GLU           95.54            90     90     36     3.429     3.429     1.621     0.8472      0.8472      0.8472      0.5676
48      A         B           48           VAL           95.69            90     90     36     3.429     3.429     1.621     0.8488      0.8488      0.8488      0.5715
49      A         B           49           GLU           95.65            90     90     36     3.429     3.429     1.621     0.8067      0.8067      0.8067      0.4958
50      A         B           50           ARG           92.95            90     90     36     3.429     3.429     1.621     0.7425      0.7425      0.7425      0.4025
51      A         B           51           LYS           92.41            90     90     36     3.429     3.429     1.621     0.7267      0.7267      0.7267      0.3823
52      A         B           52           ARG           91.55            90     90     36     3.429     3.429     1.621     0.6664      0.6664      0.6664      0.3169
53      A         B           53           ALA           89.98            90     90     36     3.429     3.429     1.621     0.5399      0.5399      0.5399      0.2137
54      A         B           54           GLU           78.70            90     90     30     3.429     3.429     1.258     0.1258      0.1318      0.1318      0.0201
55      B         A            1           CYS           90.49            90     89     54     3.429     3.406     2.405     0.3683      0.3683      0.3653      0.2290
56      B         A            2           SER           87.00            90     89     54     3.429     3.406     2.405     0.3845      0.3845      0.3815      0.2435
57      B         A            3           GLN           87.59            90     89     54     3.429     3.406     2.405     0.3498      0.3498      0.3468      0.2128
58      B         A            4           ASN           90.90            90     89     54     3.429     3.406     2.405     0.6250      0.6250      0.6221      0.4677
59      B         A            5           GLU           95.42            90     89     54     3.429     3.406     2.405     0.8128      0.8128      0.8108      0.6892
60      B         A            6           TYR           95.16            90     89     54     3.429     3.406     2.405     0.8588      0.8588      0.8572      0.7571
61      B         A            7           PHE           95.58            90     89     54     3.429     3.406     2.405     0.8766      0.8766      0.8752      0.7841
62      B         A            8           ASP           97.20            90     89     54     3.429     3.406     2.405     0.8863      0.8863      0.8850      0.7995
63      B         A            9           SER           94.69            90     89     54     3.429     3.406     2.405     0.8110      0.8110      0.8090      0.6879
64      B         A           10           LEU           95.92            90     89     54     3.429     3.406     2.405     0.8878      0.8878      0.8865      0.8016
65      B         A           11           LEU           97.53            90     89     54     3.429     3.406     2.405     0.9016      0.9016      0.9004      0.8251
66      B         A           12           HIS           95.86            90     89     54     3.429     3.406     2.405     0.8663      0.8663      0.8648      0.7682
67      B         A           13           ALA           96.05            90     89     54     3.429     3.406     2.405     0.8216      0.8216      0.8198      0.7046
68      B         A           14           CYS           96.23            90     89     54     3.429     3.406     2.405     0.8550      0.8550      0.8534      0.7541
69      B         A           15           ILE           97.05            90     89     54     3.429     3.406     2.405     0.8718      0.8718      0.8703      0.7786
70      B         A           16           PRO           96.50            90     89     54     3.429     3.406     2.405     0.8597      0.8597      0.8581      0.7607
71      B         A           17           CYS           96.08            90     89     54     3.429     3.406     2.405     0.8562      0.8562      0.8545      0.7534
72      B         A           18           GLN           94.83            90     89     54     3.429     3.406     2.405     0.8316      0.8316      0.8298      0.7173
73      B         A           19           LEU           97.11            90     89     54     3.429     3.406     2.405     0.8823      0.8823      0.8809      0.7933
74      B         A           20           ARG           94.74            90     89     54     3.429     3.406     2.405     0.7938      0.7938      0.7917      0.6636
75      B         A           21           CYS           92.26            90     89     54     3.429     3.406     2.405     0.7163      0.7163      0.7137      0.5647
76      B         A           22           SER           83.29            90     89     54     3.429     3.406     2.405     0.5927      0.5927      0.5896      0.4287
77      B         A           23           SER           84.10            90     89     54     3.429     3.406     2.405     0.5918      0.5918      0.5887      0.4285
78      B         A           24           ASN           76.13            90     89     54     3.429     3.406     2.405     0.5114      0.5114      0.5082      0.3524
79      B         A           25           THR           78.14            90     89     54     3.429     3.406     2.405     0.5481      0.5481      0.5450      0.3844
80      B         A           26           PRO           87.65            90     89     54     3.429     3.406     2.405     0.6450      0.6450      0.6420      0.4795
81      B         A           27           PRO           90.87            90     89     54     3.429     3.406     2.405     0.7339      0.7339      0.7313      0.5822
82      B         A           28           LEU           88.17            90     89     54     3.429     3.406     2.405     0.6916      0.6916      0.6888      0.5305
83      B         A           29           THR           87.06            90     89     54     3.429     3.406     2.405     0.6330      0.6330      0.6300      0.4659
84      B         A           30           CYS           92.98            90     89     54     3.429     3.406     2.405     0.7276      0.7276      0.7250      0.5745
85      B         A           31           GLN           88.54            90     89     54     3.429     3.406     2.405     0.6584      0.6584      0.6554      0.4934
86      B         A           32           ARG           85.57            90     89     54     3.429     3.406     2.405     0.5185      0.5185      0.5152      0.3509
87      B         A           33           TYR           90.72            90     89     54     3.429     3.406     2.405     0.6524      0.6524      0.6494      0.4863
88      B         A           34           CYS           90.83            90     89     54     3.429     3.406     2.405     0.5791      0.5791      0.5759      0.4098
89      B         A           35           ASN           81.47            90     89     48     3.429     3.406     2.177     0.2134      0.2288      0.2265      0.1090
90      B         A           36           ALA           61.34            90     89      0     3.429     3.406     1.001     0.0477      0.0000      0.0000      0.0000
